1.000000 0.000000 0.000000 0.000000 0.000000 1.000000 0.000000 0.000000 0.000000 0.000000 1.000000 0.000000
0.999999 0.000757 0.001331 -0.005466 -0.000751 0.999989 -0.004689 -0.001776 -0.001335 0.004688 0.999990 0.963292
0.999995 -0.001470 0.001936 -0.004144 0.001481 0.999981 -0.005555 -0.000435 -0.001928 0.005558 0.999982 1.924815
0.999984 -0.003060 0.001868 -0.003982 0.003063 0.999984 -0.001526 -0.000980 -0.001863 0.001531 0.999989 2.884281
0.999974 -0.005442 0.001014 -0.002397 0.005438 0.999964 0.004482 -0.002758 -0.001038 -0.004476 0.999980 3.840753
0.999945 -0.009069 -0.000513 -0.000204 0.009071 0.999936 0.004385 0.000808 0.000473 -0.004390 0.999978 4.782609
0.999914 -0.011734 -0.001728 -0.000441 0.011736 0.999914 0.001542 0.004130 0.001710 -0.001562 0.999983 5.718076
0.999904 -0.012434 -0.002700 -0.004594 0.012429 0.999906 -0.001986 0.005938 0.002725 0.001953 0.999982 6.650687
0.999904 -0.012189 -0.003659 -0.012593 0.012179 0.999907 -0.002625 0.006546 0.003690 0.002581 0.999977 7.583638
0.999903 -0.011772 -0.004739 -0.022063 0.011768 0.999915 -0.000825 0.006385 0.004748 0.000769 0.999974 8.514007
0.999899 -0.011628 -0.005755 -0.029739 0.011640 0.999913 0.002114 0.006120 0.005730 -0.002180 0.999966 9.442925
0.999883 -0.011850 -0.006918 -0.038291 0.011875 0.999901 0.003524 0.007940 0.006876 -0.003605 0.999950 10.367125
0.999861 -0.013240 -0.007620 -0.046890 0.013273 0.999881 0.004297 0.011420 0.007562 -0.004398 0.999942 11.286157
0.999843 -0.013439 -0.008721 -0.055134 0.013476 0.999872 0.004237 0.014401 0.008663 -0.004353 0.999926 12.201360
0.999826 -0.013790 -0.009482 -0.069390 0.013816 0.999867 0.002772 0.017142 0.009443 -0.002902 0.999919 13.114480
0.999801 -0.014297 -0.010885 -0.085591 0.014305 0.999860 0.000695 0.020473 0.010874 -0.000850 0.999904 14.026357
0.999760 -0.015638 -0.012556 -0.099417 0.015630 0.999839 -0.000686 0.022870 0.012565 0.000489 0.999884 14.931313
0.999732 -0.015315 -0.014400 -0.116018 0.015297 0.999836 -0.001387 0.022611 0.014420 0.001166 0.999850 15.833447
0.999713 -0.014055 -0.015902 -0.138950 0.014021 0.999838 -0.002262 0.020436 0.015933 0.002039 0.999811 16.732060
0.999702 -0.012624 -0.017663 -0.161846 0.012586 0.999856 -0.002303 0.019610 0.017691 0.002080 0.999781 17.628903
0.999668 -0.013133 -0.019272 -0.183927 0.013106 0.999854 -0.001542 0.019137 0.019291 0.001289 0.999755 18.523530
0.999648 -0.012657 -0.020590 -0.210052 0.012655 0.999861 -0.000236 0.017472 0.020591 -0.000025 0.999730 19.411612
0.999616 -0.012347 -0.022004 -0.236109 0.012357 0.999858 0.000327 0.017065 0.021999 -0.000599 0.999694 20.295716
0.999567 -0.013434 -0.023597 -0.260631 0.013440 0.999845 0.000106 0.017305 0.023593 -0.000423 0.999658 21.174229
0.999522 -0.013623 -0.025332 -0.285762 0.013620 0.999842 -0.000284 0.016516 0.025333 -0.000061 0.999616 22.046018
0.999490 -0.013518 -0.026646 -0.311553 0.013525 0.999844 0.000075 0.016510 0.026642 -0.000436 0.999583 22.911206
0.999454 -0.013403 -0.027971 -0.337415 0.013464 0.999841 0.001986 0.018171 0.027942 -0.002362 0.999543 23.772023
0.999414 -0.014511 -0.028776 -0.364166 0.014653 0.999813 0.004747 0.019966 0.028704 -0.005166 0.999508 24.622864
0.999390 -0.014394 -0.029666 -0.391392 0.014586 0.999807 0.006286 0.021644 0.029572 -0.006716 0.999476 25.464972
0.999370 -0.013733 -0.030594 -0.419761 0.013897 0.999821 0.005173 0.023180 0.030520 -0.005595 0.999452 26.293823
0.999352 -0.012221 -0.031571 -0.450367 0.012307 0.999846 0.002529 0.025850 0.031538 -0.002917 0.999425 27.110765
0.999317 -0.011886 -0.032598 -0.478765 0.011918 0.999847 0.000780 0.028713 0.032587 -0.001168 0.999388 27.915598
0.999280 -0.011092 -0.033932 -0.507417 0.011112 0.999855 0.000376 0.029751 0.033926 -0.000753 0.999343 28.712449
0.999232 -0.011199 -0.035155 -0.539115 0.011201 0.999849 -0.000129 0.028504 0.035154 -0.000265 0.999295 29.499547
0.999151 -0.010907 -0.037409 -0.569766 0.010878 0.999850 -0.000965 0.026391 0.037417 0.000557 0.999211 30.277599
0.999071 -0.010774 -0.039496 -0.602791 0.010738 0.999851 -0.001136 0.027196 0.039506 0.000711 0.999130 31.046754
0.998984 -0.010707 -0.041572 -0.637711 0.010712 0.999848 -0.000091 0.029622 0.041570 -0.000355 0.999043 31.808027
0.998889 -0.011009 -0.043784 -0.671912 0.011115 0.999843 0.002161 0.030901 0.043758 -0.002645 0.998949 32.560452
0.998809 -0.009983 -0.045863 -0.709627 0.010163 0.999852 0.003674 0.031366 0.045824 -0.004136 0.998854 33.302623
0.998713 -0.008756 -0.048129 -0.746354 0.008952 0.999862 0.003850 0.033385 0.048094 -0.004276 0.998746 34.035837
0.998635 -0.006216 -0.050091 -0.788365 0.006375 0.999884 0.003023 0.035219 0.050071 -0.003338 0.998651 34.754322
0.998536 -0.004607 -0.052181 -0.828720 0.004730 0.999895 0.002230 0.038842 0.052170 -0.002474 0.998545 35.465921
0.998445 -0.004304 -0.053914 -0.869290 0.004489 0.999892 0.003309 0.042616 0.053899 -0.003546 0.998453 36.171186
0.998368 -0.003001 -0.055331 -0.909003 0.003288 0.999885 0.005089 0.046824 0.055314 -0.005264 0.998362 36.865322
0.998361 -0.000144 -0.055495 -0.953472 0.000458 0.999885 0.005645 0.048363 0.055493 -0.005661 0.998348 37.546079
0.998408 0.002965 -0.054654 -0.995487 -0.002777 0.999895 0.003525 0.049656 0.054664 -0.003368 0.998409 38.214131
0.998492 0.004629 -0.053095 -1.034045 -0.004619 0.999901 0.000303 0.053081 0.053095 -0.000057 0.998506 38.867390
0.998586 0.005186 -0.051207 -1.066986 -0.005280 0.999894 -0.001696 0.058252 0.051197 0.001964 0.998601 39.513264
0.998730 0.006380 -0.048151 -1.100737 -0.006433 0.999887 -0.000963 0.061482 0.048144 0.001272 0.998753 40.153414
0.998840 0.011142 -0.045161 -1.135337 -0.011075 0.999858 0.001721 0.061170 0.045177 -0.001219 0.998904 40.787187
0.998945 0.015487 -0.041450 -1.168315 -0.015282 0.999791 0.005253 0.060296 0.041526 -0.004615 0.999054 41.408911
0.999012 0.020526 -0.037387 -1.195890 -0.020310 0.999695 0.006147 0.062734 0.037505 -0.005383 0.999207 42.014961
0.999108 0.024276 -0.032134 -1.219473 -0.024084 0.999607 0.006351 0.067408 0.032278 -0.005571 0.999386 42.604681
0.999173 0.028074 -0.026495 -1.238123 -0.027864 0.999494 0.008257 0.072758 0.026716 -0.007513 0.999536 43.176472
0.999175 0.032892 -0.020026 -1.254388 -0.032708 0.999334 0.009472 0.075226 0.020326 -0.008810 0.999674 43.730172
0.999175 0.036165 -0.013133 -1.264507 -0.036047 0.999222 0.009097 0.076721 0.013453 -0.008616 0.999791 44.262197
0.999113 0.039589 -0.005957 -1.269895 -0.039533 0.999088 0.009181 0.077751 0.006316 -0.008938 0.999858 44.776931
0.998947 0.043931 0.001368 -1.271291 -0.043941 0.998907 0.008683 0.080751 -0.000986 -0.008734 0.999878 45.267844
0.998711 0.048202 0.008814 -1.269690 -0.048255 0.998727 0.005939 0.083329 -0.008517 -0.006357 0.999858 45.735736
0.998522 0.049995 0.016639 -1.261028 -0.050048 0.998651 0.002794 0.085002 -0.016479 -0.003623 0.999771 46.183582
0.998343 0.050422 0.024318 -1.247891 -0.050499 0.998629 0.002540 0.085425 -0.024159 -0.003764 0.999614 46.605567
0.998163 0.049655 0.032088 -1.227634 -0.049806 0.998660 0.003916 0.086049 -0.031854 -0.005508 0.999391 47.009100
0.997791 0.051322 0.039984 -1.208946 -0.051547 0.998566 0.004608 0.087217 -0.039694 -0.006659 0.999102 47.390000
0.997239 0.054434 0.048678 -1.193080 -0.054728 0.998397 0.004722 0.088542 -0.048348 -0.007373 0.998716 47.743839
0.996510 0.059121 0.057361 -1.176997 -0.059458 0.998128 0.004176 0.087435 -0.057013 -0.007573 0.998258 48.073594
0.995723 0.062914 0.066316 -1.156146 -0.063331 0.997890 0.004210 0.086963 -0.065917 -0.008393 0.997702 48.383138
0.995105 0.062252 0.075577 -1.127423 -0.062793 0.997922 0.004807 0.086046 -0.075128 -0.009531 0.997041 48.673223
0.994315 0.061117 0.086214 -1.096195 -0.061599 0.998008 0.002940 0.084167 -0.085870 -0.008235 0.996190 48.946027
0.993300 0.059752 0.098100 -1.061744 -0.059888 0.998119 -0.001558 0.083406 -0.098018 -0.004328 0.995096 49.215980
0.991836 0.060741 0.111409 -1.026640 -0.060499 0.998069 -0.005555 0.081350 -0.111541 -0.001230 0.993680 49.486053
0.989814 0.062606 0.127291 -1.000558 -0.062147 0.997962 -0.007570 0.072409 -0.127516 -0.000418 0.991766 49.769308
0.987432 0.064344 0.143889 -0.967480 -0.063732 0.997857 -0.008862 0.068479 -0.144162 -0.000420 0.989488 50.045239
0.984771 0.064879 0.160878 -0.917393 -0.064066 0.997821 -0.010242 0.069168 -0.161204 -0.000221 0.986856 50.306795
0.981695 0.063987 0.179006 -0.859102 -0.062951 0.997879 -0.011464 0.068512 -0.179373 -0.000014 0.983715 50.564303
0.978004 0.062975 0.198507 -0.796800 -0.061838 0.997943 -0.011926 0.068655 -0.198865 -0.000612 0.979959 50.824224
0.973655 0.063224 0.218771 -0.728826 -0.061829 0.997927 -0.013222 0.067336 -0.219170 -0.000653 0.975619 51.073084
0.968493 0.065338 0.240037 -0.658452 -0.063475 0.997792 -0.015495 0.066014 -0.240537 -0.000229 0.970573 51.328944
0.962459 0.066659 0.262864 -0.577444 -0.064271 0.997705 -0.017680 0.063339 -0.263458 0.000122 0.964606 51.576356
0.955331 0.067865 0.287418 -0.487169 -0.065205 0.997626 -0.018827 0.058817 -0.288034 -0.000755 0.957556 51.824294
0.946980 0.070715 0.313219 -0.391331 -0.067958 0.997428 -0.019728 0.052619 -0.313830 -0.002604 0.949415 52.071541
0.937338 0.072807 0.340585 -0.286748 -0.069910 0.997283 -0.020789 0.043850 -0.341192 -0.004324 0.939934 52.312388
0.926396 0.073495 0.369182 -0.169234 -0.070298 0.997230 -0.022124 0.034963 -0.369805 -0.005457 0.929046 52.554994
0.913921 0.071685 0.399395 -0.037662 -0.067634 0.997365 -0.024248 0.026399 -0.400102 -0.004852 0.916410 52.788836
0.899247 0.068965 0.431864 0.107561 -0.063574 0.997564 -0.026926 0.018153 -0.432691 -0.003242 0.901488 53.018651
0.882190 0.068296 0.465816 0.262412 -0.060778 0.997615 -0.031161 0.009745 -0.466858 -0.000821 0.884283 53.243630
0.862971 0.070143 0.500269 0.428682 -0.060074 0.997486 -0.036231 0.000900 -0.501579 0.001213 0.865061 53.468473
0.841493 0.072087 0.535352 0.610200 -0.059550 0.997346 -0.040693 -0.009218 -0.536893 0.002363 0.843596 53.695398
0.817110 0.075095 0.571489 0.805893 -0.060602 0.997124 -0.044376 -0.019818 -0.573208 0.001627 0.819355 53.927303
0.789968 0.079044 0.607953 1.017915 -0.063342 0.996819 -0.047298 -0.033436 -0.609790 -0.001145 0.792506 54.161677
0.760349 0.083322 0.644073 1.249117 -0.066779 0.996458 -0.050074 -0.049999 -0.645999 -0.004937 0.763262 54.396953
0.727707 0.084511 0.680589 1.508027 -0.066464 0.996345 -0.052654 -0.067205 -0.682589 -0.006918 0.730706 54.628237
0.691423 0.082109 0.717702 1.794820 -0.062723 0.996539 -0.053583 -0.086439 -0.719657 -0.007969 0.694219 54.857642
0.652678 0.080794 0.753254 2.102412 -0.059817 0.996639 -0.055069 -0.106384 -0.755211 -0.009115 0.655352 55.077923
0.610692 0.080414 0.787719 2.429577 -0.057777 0.996655 -0.056951 -0.125849 -0.789704 -0.010733 0.613327 55.290913
0.564839 0.080183 0.821241 2.786641 -0.054066 0.996676 -0.060127 -0.146027 -0.823375 -0.010440 0.567326 55.500215
0.516949 0.079155 0.852293 3.170466 -0.050903 0.996745 -0.061696 -0.169877 -0.854449 -0.011491 0.519324 55.697837
0.468521 0.077241 0.880014 3.577196 -0.048962 0.996856 -0.061429 -0.195060 -0.882043 -0.014307 0.470856 55.882011
0.418797 0.075220 0.904891 4.011427 -0.048791 0.996922 -0.060289 -0.218319 -0.906703 -0.018903 0.421207 56.059895
0.368848 0.075086 0.926376 4.462947 -0.051743 0.996769 -0.060189 -0.240265 -0.927975 -0.025735 0.371570 56.218140
0.319534 0.075455 0.944490 4.929487 -0.049619 0.996713 -0.062840 -0.262851 -0.946202 -0.026787 0.322253 56.354983
0.272718 0.072073 0.959315 5.415002 -0.038469 0.997132 -0.063979 -0.294109 -0.961252 -0.019457 0.274731 56.452625
0.228934 0.066090 0.971120 5.922947 -0.025163 0.997683 -0.061966 -0.324760 -0.973044 -0.010251 0.230085 56.527344
0.186791 0.065138 0.980161 6.440677 -0.016010 0.997789 -0.063258 -0.351769 -0.982195 -0.003876 0.187436 56.591864
0.148356 0.066689 0.986605 6.970368 -0.012660 0.997688 -0.065535 -0.375551 -0.988778 -0.002768 0.148870 56.649864
0.115721 0.067419 0.990907 7.515814 -0.003744 0.997628 -0.067439 -0.408105 -0.993194 0.004094 0.115709 56.688949
0.086767 0.065639 0.993975 8.075141 0.003525 0.997707 -0.066194 -0.445129 -0.996136 0.009248 0.086345 56.716376
0.061686 0.063944 0.995953 8.646247 0.010585 0.997750 -0.064715 -0.477589 -0.997950 0.014536 0.060876 56.734291
0.041829 0.063059 0.997039 9.229322 0.015254 0.997751 -0.063744 -0.504196 -0.998917 0.017877 0.040778 56.743905
0.025991 0.064883 0.997461 9.818773 0.017991 0.997601 -0.065361 -0.534023 -0.999409 0.019646 0.024764 56.749453
0.012544 0.064507 0.997746 10.423641 0.018739 0.997629 -0.064736 -0.569447 -0.999655 0.019510 0.011307 56.752527
0.000817 0.065381 0.997763 11.034487 0.019350 0.997570 -0.065385 -0.606351 -0.999718 0.019362 -0.000451 56.752565
-0.008199 0.068338 0.997528 11.653661 0.024198 0.997278 -0.068122 -0.639866 -0.999575 0.023582 -0.009832 56.740698
-0.014626 0.070354 0.997315 12.286008 0.028505 0.997043 -0.069916 -0.674264 -0.999391 0.027409 -0.016590 56.724952
-0.019265 0.069671 0.997285 12.931489 0.028961 0.997087 -0.069098 -0.710401 -0.999300 0.027555 -0.021229 56.711992
-0.022834 0.066977 0.997390 13.592337 0.026609 0.997334 -0.066364 -0.747437 -0.999286 0.025027 -0.024558 56.704110
-0.025366 0.060095 0.997761 14.269399 0.024575 0.997815 -0.059474 -0.784417 -0.999271 0.023014 -0.026790 56.693640
-0.026497 0.054446 0.998049 14.955001 0.025820 0.998100 -0.053764 -0.819685 -0.999203 0.024348 -0.027856 56.675242
-0.026901 0.051859 0.998171 15.645453 0.028469 0.998164 -0.051091 -0.854808 -0.999116 0.027046 -0.028331 56.652672
-0.026442 0.054143 0.998062 16.340124 0.031847 0.997947 -0.053293 -0.890177 -0.999026 0.030380 -0.028116 56.629215
-0.025653 0.061539 0.997654 17.038347 0.032859 0.997492 -0.060684 -0.924083 -0.999013 0.031229 -0.027615 56.612649
-0.023279 0.069615 0.997187 17.748466 0.033602 0.996945 -0.068814 -0.957583 -0.999053 0.031910 -0.025550 56.596975
-0.021054 0.070409 0.997183 18.476453 0.034364 0.996862 -0.069661 -0.993072 -0.999078 0.032804 -0.023410 56.582325
-0.018833 0.066060 0.997523 19.211914 0.033734 0.997170 -0.065400 -1.034429 -0.999142 0.032423 -0.021011 56.571718
-0.016259 0.059531 0.997976 19.950768 0.033247 0.997585 -0.058966 -1.080086 -0.999200 0.032225 -0.018201 56.563484
-0.013401 0.057887 0.998114 20.685998 0.031441 0.997732 -0.057442 -1.123914 -0.999300 0.030615 -0.015192 56.560433
-0.010022 0.063273 0.997823 21.411260 0.039270 0.997125 -0.062835 -1.164826 -0.999059 0.038560 -0.012479 56.545781
-0.006502 0.068882 0.997476 22.144687 0.040982 0.996675 -0.068560 -1.205743 -0.999015 0.040438 -0.009304 56.537515
-0.004075 0.069522 0.997443 22.886450 0.035007 0.996846 -0.069338 -1.247428 -0.999253 0.034640 -0.006496 56.545974
-0.000715 0.066033 0.997689 23.630332 0.030612 0.997220 -0.065980 -1.291440 -0.999407 0.030498 -0.002735 56.558052
0.004138 0.062302 0.997922 24.376596 0.034724 0.997317 -0.062408 -1.342619 -0.999265 0.034915 0.001964 56.556346
0.007785 0.063334 0.997834 25.115216 0.039514 0.997063 -0.063593 -1.388991 -0.999065 0.039929 0.005260 56.557033
0.010764 0.067981 0.997499 25.850873 0.039296 0.996755 -0.068354 -1.432037 -0.999044 0.039939 0.008059 56.567527
0.014556 0.068832 0.997385 26.586058 0.035742 0.996814 -0.069314 -1.474089 -0.999122 0.036663 0.012051 56.587145
0.018340 0.068396 0.997348 27.324889 0.035043 0.996856 -0.069006 -1.520162 -0.999079 0.036221 0.015887 56.605354
0.022140 0.065207 0.997481 28.072524 0.039214 0.996898 -0.066040 -1.568353 -0.998844 0.040584 0.019518 56.617962
0.025847 0.065736 0.997349 28.819064 0.043863 0.996644 -0.066826 -1.616364 -0.998554 0.045481 0.022881 56.632185
0.029641 0.066630 0.997182 29.567943 0.046776 0.996433 -0.067970 -1.661698 -0.998314 0.048667 0.026423 56.649159
0.032386 0.066525 0.997103 30.318594 0.047314 0.996403 -0.068015 -1.707340 -0.998203 0.049388 0.029127 56.675122
0.036141 0.065077 0.997069 31.073000 0.048821 0.996412 -0.066804 -1.753256 -0.998000 0.051101 0.032840 56.699492
0.040147 0.064053 0.996980 31.828115 0.050925 0.996354 -0.066063 -1.801668 -0.997740 0.053433 0.036745 56.724044
0.043043 0.064439 0.996831 32.585285 0.049293 0.996401 -0.066539 -1.846026 -0.997699 0.052009 0.039718 56.761208
0.046358 0.066223 0.996564 33.337413 0.046630 0.996403 -0.068381 -1.891630 -0.997676 0.049648 0.043111 56.799654
0.049438 0.066265 0.996410 34.096879 0.048398 0.996297 -0.068658 -1.937572 -0.997442 0.051627 0.046056 56.834711
0.052284 0.066006 0.996281 34.858215 0.046218 0.996415 -0.068440 -1.984853 -0.997399 0.049633 0.049055 56.878288
0.054844 0.066407 0.996116 35.617662 0.044614 0.996456 -0.068886 -2.031344 -0.997334 0.048227 0.051696 56.923354
0.057983 0.066517 0.995934 36.381177 0.041662 0.996580 -0.068986 -2.080061 -0.997287 0.045500 0.055023 56.970997
0.061391 0.068463 0.995599 37.145393 0.040267 0.996497 -0.071008 -2.130131 -0.997141 0.044456 0.058429 57.021926
0.065039 0.071977 0.995119 37.907404 0.039279 0.996271 -0.074628 -2.179998 -0.996949 0.043949 0.061980 57.072208
0.068780 0.074134 0.994707 38.674811 0.039458 0.996084 -0.076965 -2.232764 -0.996689 0.044550 0.065596 57.124166
0.071701 0.076542 0.994316 39.445497 0.033347 0.996139 -0.079086 -2.283710 -0.996704 0.038835 0.068884 57.190593
0.074581 0.075801 0.994163 40.219757 0.029680 0.996328 -0.078192 -2.337546 -0.996611 0.035345 0.072070 57.257606
0.078534 0.076369 0.993812 40.996415 0.031841 0.996189 -0.079068 -2.394718 -0.996237 0.037860 0.075817 57.318351
0.082558 0.077491 0.993392 41.773355 0.031140 0.996107 -0.080290 -2.452965 -0.995927 0.037570 0.079838 57.384118
0.086337 0.078466 0.992989 42.562058 0.027284 0.996150 -0.081088 -2.508222 -0.995714 0.034101 0.083880 57.462775
0.090696 0.076535 0.992752 43.360258 0.026357 0.996326 -0.079218 -2.564625 -0.995353 0.033357 0.088362 57.540727
0.095633 0.076340 0.992316 44.160583 0.026954 0.996320 -0.079246 -2.627370 -0.994887 0.034331 0.093239 57.619196
0.100756 0.079970 0.991519 44.956255 0.023517 0.996120 -0.082731 -2.688161 -0.994465 0.031659 0.098502 57.709298
0.107015 0.088599 0.990130 45.751066 0.021827 0.995399 -0.091429 -2.750074 -0.993850 0.031402 0.104607 57.803115
0.114338 0.093409 0.988870 46.550053 0.020408 0.994966 -0.096344 -2.814696 -0.993066 0.031202 0.111876 57.903584
0.121737 0.096425 0.987696 47.352076 0.016217 0.994772 -0.099115 -2.884415 -0.992263 0.028088 0.119558 58.013776
0.128958 0.094708 0.986944 48.167654 0.012482 0.995021 -0.097113 -2.958654 -0.991403 0.024847 0.127156 58.132344
0.136517 0.092990 0.986089 48.981616 0.012562 0.995166 -0.095585 -3.031420 -0.990388 0.025441 0.134713 58.254218
0.143979 0.089599 0.985342 49.794486 0.012297 0.995478 -0.092317 -3.100224 -0.989334 0.025413 0.142251 58.380583
0.151492 0.084272 0.984685 50.611223 0.010402 0.995992 -0.086840 -3.166975 -0.988233 0.023403 0.150035 58.516222
0.158612 0.076898 0.984167 51.423334 0.007965 0.996655 -0.079158 -3.231034 -0.987138 0.020398 0.157497 58.660015
0.166224 0.074254 0.983111 52.233850 0.008020 0.996848 -0.076648 -3.296992 -0.985882 0.020629 0.165135 58.806236
0.173482 0.076126 0.981713 53.033424 0.007949 0.996689 -0.078692 -3.358474 -0.984631 0.021459 0.172334 58.953778
0.179274 0.082749 0.980135 53.818692 0.008527 0.996110 -0.085657 -3.419866 -0.983588 0.023718 0.177904 59.105561
0.184417 0.086406 0.978864 54.600474 0.007221 0.995804 -0.089262 -3.481141 -0.982647 0.023534 0.183053 59.261001
0.189412 0.089486 0.977634 55.375917 0.005912 0.995539 -0.092270 -3.549359 -0.981706 0.023261 0.188072 59.421679
0.194727 0.089001 0.976634 56.142486 0.003477 0.995629 -0.091425 -3.618513 -0.980678 0.021202 0.193601 59.583886
0.200099 0.086063 0.975811 56.907513 0.007582 0.995791 -0.089380 -3.684046 -0.979573 0.025288 0.198640 59.741161
0.204701 0.079349 0.975428 57.667340 0.008429 0.996354 -0.082820 -3.745861 -0.978617 0.025180 0.203322 59.903720
0.207936 0.073222 0.975225 58.417417 0.006616 0.996894 -0.076259 -3.808446 -0.977951 0.022313 0.206842 60.071047
0.211137 0.069951 0.974782 59.155619 0.002928 0.997219 -0.072195 -3.866559 -0.977287 0.018100 0.210381 60.242803
0.214431 0.070087 0.974053 59.881060 0.001384 0.997231 -0.072060 -3.920923 -0.976573 0.016803 0.213777 60.408978
0.216603 0.072268 0.973414 60.595105 -0.000505 0.997098 -0.073914 -3.973458 -0.976097 0.015521 0.216047 60.575947
0.218019 0.076706 0.972759 61.292780 -0.004588 0.996810 -0.077574 -4.027084 -0.975771 0.012452 0.217713 60.743956
0.220021 0.080804 0.971972 61.979921 -0.005760 0.996484 -0.081538 -4.082937 -0.975312 0.012343 0.219751 60.908072
0.222194 0.086260 0.971004 62.661101 -0.006329 0.996012 -0.087033 -4.138460 -0.974811 0.013195 0.221893 61.069543
0.223821 0.088270 0.970441 63.333966 -0.005557 0.995807 -0.089295 -4.194226 -0.974435 0.014596 0.223414 61.229483
0.225268 0.088225 0.970106 64.001149 -0.008019 0.995840 -0.088704 -4.251248 -0.974081 0.012206 0.225081 61.391841
0.225919 0.085238 0.970219 64.658714 -0.007954 0.996104 -0.085660 -4.310147 -0.973928 0.011638 0.225760 61.549068
0.226672 0.082720 0.970259 65.313068 -0.007914 0.996319 -0.083093 -4.367741 -0.973751 0.011159 0.226536 61.706423
0.226559 0.081477 0.970390 65.956345 -0.006934 0.996415 -0.082042 -4.421518 -0.973786 0.011861 0.226355 61.858350
0.225248 0.080788 0.970753 66.589194 -0.007217 0.996478 -0.081254 -4.474418 -0.974089 0.011299 0.225081 62.008339
0.223676 0.081690 0.971041 67.212653 -0.008324 0.996416 -0.081907 -4.527137 -0.974442 0.010240 0.223597 62.155829
0.221481 0.084502 0.971305 67.818939 -0.009134 0.996187 -0.084584 -4.580742 -0.974938 0.009864 0.221450 62.299334
0.219325 0.088291 0.971460 68.416043 -0.007360 0.995832 -0.088844 -4.634340 -0.975442 0.012339 0.219102 62.434606
0.217698 0.088806 0.971779 69.013087 -0.005041 0.995755 -0.089867 -4.685061 -0.975821 0.014668 0.217262 62.567509
0.215490 0.087807 0.972361 69.603625 -0.005805 0.995861 -0.088643 -4.732718 -0.976307 0.013460 0.215148 62.702239
0.213078 0.084900 0.973150 70.188447 -0.006009 0.996126 -0.085588 -4.783051 -0.976834 0.012392 0.212803 62.834447
0.210939 0.080961 0.973951 70.765089 -0.005753 0.996462 -0.081586 -4.836878 -0.977299 0.011609 0.210698 62.963499
0.209133 0.079945 0.974423 71.330700 -0.002164 0.996500 -0.081291 -4.887907 -0.977701 0.014895 0.208613 63.084229
0.207524 0.081328 0.974646 71.880892 0.001539 0.996315 -0.083464 -4.932963 -0.978038 0.018825 0.206674 63.195396
0.205150 0.083349 0.974979 72.428600 0.005733 0.996054 -0.086357 -4.975675 -0.978524 0.023310 0.203902 63.306460
0.203509 0.085193 0.975164 72.972294 0.005163 0.995907 -0.088082 -5.020034 -0.978871 0.022965 0.202275 63.421154
0.202275 0.087809 0.975188 73.514228 0.004803 0.995678 -0.090649 -5.066063 -0.979128 0.023025 0.201017 63.536837
0.201020 0.086182 0.975593 74.061998 0.006661 0.995786 -0.089338 -5.113729 -0.979375 0.024462 0.199637 63.651694
0.201817 0.084561 0.975569 74.612601 0.012805 0.995758 -0.088960 -5.158245 -0.979149 0.030452 0.199917 63.759347
0.204184 0.082682 0.975231 75.167033 0.017695 0.995751 -0.088127 -5.200894 -0.978575 0.035258 0.201893 63.867208
0.206175 0.082007 0.974866 75.717130 0.020581 0.995694 -0.088111 -5.246423 -0.978098 0.038238 0.203641 63.982837
0.209479 0.081756 0.974181 76.268608 0.017969 0.995803 -0.087434 -5.295126 -0.977447 0.035829 0.207174 64.110733
0.214884 0.082416 0.972947 76.822594 0.016756 0.995770 -0.088050 -5.342636 -0.976295 0.035231 0.212637 64.240730
0.221531 0.081251 0.971554 77.384094 0.018066 0.995805 -0.087398 -5.386610 -0.974785 0.036921 0.219179 64.372026
0.229139 0.081665 0.969754 77.947561 0.016127 0.995815 -0.087670 -5.429159 -0.973061 0.035735 0.226909 64.514470
0.237482 0.079487 0.967928 78.518454 0.016657 0.995964 -0.085876 -5.475042 -0.971051 0.036525 0.235247 64.664117
0.246362 0.079315 0.965719 79.093175 0.013089 0.996078 -0.085147 -5.524431 -0.968889 0.033624 0.244408 64.823956
0.255970 0.078981 0.963242 79.674151 0.012084 0.996111 -0.084888 -5.571383 -0.966406 0.033375 0.254072 64.990140
0.265509 0.083071 0.960300 80.256638 0.006648 0.995882 -0.087987 -5.616644 -0.963871 0.029752 0.263921 65.168292
0.274857 0.085336 0.957464 80.848027 0.003299 0.995743 -0.089694 -5.662860 -0.961261 0.027818 0.273467 65.354521
0.285548 0.088182 0.954072 81.446680 -0.000865 0.995561 -0.091757 -5.712593 -0.958145 0.025382 0.284420 65.549566
0.295770 0.089886 0.950794 82.053616 -0.002179 0.995404 -0.093425 -5.766507 -0.955037 0.025566 0.294672 65.750499
0.305591 0.090736 0.947600 82.672086 -0.005340 0.995376 -0.093588 -5.819909 -0.951927 0.023545 0.304730 65.964513
0.315863 0.091093 0.944190 83.298455 -0.006102 0.995333 -0.093985 -5.873131 -0.948562 0.023931 0.315015 66.187243
0.325977 0.092255 0.940631 83.935564 -0.010355 0.995292 -0.094027 -5.924204 -0.945095 0.020915 0.325471 66.424495
0.336544 0.087312 0.937375 84.589144 -0.009848 0.995739 -0.089212 -5.978885 -0.941388 0.020797 0.336046 66.668631
0.347427 0.080281 0.934024 85.248986 -0.006211 0.996275 -0.083322 -6.032716 -0.937454 0.023152 0.346712 66.917413
0.358251 0.075882 0.930292 85.913931 -0.004676 0.996593 -0.079489 -6.087846 -0.933376 0.024133 0.357469 67.179699
0.368562 0.072626 0.926513 86.589049 -0.005257 0.996856 -0.076049 -6.137969 -0.929346 0.023164 0.367873 67.456927
0.378094 0.070182 0.922851 87.273897 0.000859 0.996859 -0.076162 -6.185208 -0.925521 0.029597 0.376936 67.738169
0.386856 0.064624 0.919619 87.972578 0.007563 0.997048 -0.073247 -6.229171 -0.921862 0.035300 0.385317 68.026393
0.393882 0.055037 0.917257 88.684724 0.017157 0.997354 -0.067211 -6.274666 -0.918752 0.042221 0.391990 68.323628
0.400990 0.050535 0.914432 89.398905 0.022572 0.997391 -0.065018 -6.322984 -0.915555 0.046724 0.398899 68.632619
0.408256 0.050612 0.911206 90.103350 0.024472 0.997257 -0.066356 -6.374218 -0.912288 0.049402 0.405996 68.949247
0.415720 0.056804 0.907453 90.803211 0.026718 0.996609 -0.074624 -6.421518 -0.908841 0.055282 0.412896 69.271182
0.422926 0.061068 0.903838 91.504332 0.030441 0.995960 -0.081536 -6.469243 -0.905391 0.062013 0.419463 69.596624
0.428361 0.063124 0.901133 92.205771 0.028680 0.995859 -0.083393 -6.526884 -0.902890 0.061582 0.424882 69.934625
0.432678 0.064944 0.898939 92.897933 0.021474 0.996131 -0.082302 -6.588628 -0.901030 0.054927 0.429717 70.285844
0.436574 0.068736 0.896769 93.578548 0.014794 0.996146 -0.083555 -6.652267 -0.899282 0.049757 0.433984 70.636238
0.440617 0.071878 0.894541 94.255645 0.013901 0.995875 -0.086867 -6.715741 -0.897320 0.050723 0.437912 70.978312
0.444558 0.076071 0.892240 94.921301 0.010596 0.995621 -0.090165 -6.779204 -0.895418 0.049550 0.441917 71.321615
0.447983 0.079183 0.890254 95.577867 0.007457 0.995454 -0.092292 -6.843601 -0.893741 0.047996 0.445470 71.665165
0.451869 0.077595 0.888427 96.228002 0.006347 0.995654 -0.090189 -6.908662 -0.891791 0.046404 0.449527 72.004785
0.455973 0.074536 0.886590 96.874719 0.007285 0.995890 -0.087471 -6.972325 -0.889691 0.046355 0.453673 72.341253
0.459292 0.071922 0.885091 97.509073 0.006848 0.996150 -0.084500 -7.035114 -0.887986 0.044882 0.457148 72.679794
0.462875 0.070986 0.883299 98.130750 0.005795 0.996274 -0.083101 -7.097258 -0.886131 0.043595 0.460857 73.014895
0.466186 0.072715 0.881415 98.738432 0.003691 0.996197 -0.084137 -7.155854 -0.884405 0.042488 0.464263 73.346881
0.469011 0.073291 0.879863 99.341228 0.004592 0.996081 -0.085419 -7.211709 -0.882901 0.044114 0.466957 73.672547
0.471136 0.071411 0.878879 99.936639 0.006622 0.996146 -0.084489 -7.266909 -0.881754 0.045638 0.468970 73.993892
0.472920 0.070281 0.878012 100.523680 0.008527 0.996145 -0.084331 -7.322397 -0.880782 0.047381 0.470620 74.311004
0.474749 0.070227 0.877028 101.098782 0.007165 0.996213 -0.083649 -7.378722 -0.879809 0.046008 0.472572 74.628911
0.476765 0.069626 0.875982 101.668092 0.008661 0.996181 -0.083894 -7.431369 -0.878706 0.047597 0.474465 74.940437
0.479401 0.071345 0.874406 102.225720 0.008133 0.996031 -0.085727 -7.482994 -0.877277 0.048222 0.477042 75.248757
0.482341 0.071232 0.872803 102.777580 0.011198 0.995856 -0.087463 -7.535606 -0.875636 0.051974 0.479666 75.550845
0.485492 0.070458 0.871117 103.321695 0.012926 0.995809 -0.087748 -7.589806 -0.873868 0.053874 0.482671 75.850662
0.488726 0.068660 0.869448 103.855792 0.016007 0.995772 -0.087634 -7.640615 -0.872010 0.056761 0.485687 76.149284
0.492135 0.067658 0.867600 104.379663 0.017399 0.995757 -0.087523 -7.692158 -0.870062 0.058184 0.488998 76.444452
0.495460 0.067230 0.865740 104.895402 0.018348 0.995714 -0.087824 -7.743352 -0.868155 0.059413 0.492231 76.741609
0.498890 0.066414 0.863834 105.405120 0.018972 0.995732 -0.087512 -7.794707 -0.866177 0.060063 0.495628 77.039419
0.502413 0.065896 0.861828 105.910555 0.020544 0.995648 -0.088105 -7.843888 -0.864101 0.061987 0.499001 77.334771
0.506403 0.067142 0.859392 106.410316 0.020077 0.995522 -0.089609 -7.894206 -0.861779 0.062648 0.502918 77.633643
0.510799 0.067297 0.856775 106.904650 0.022040 0.995325 -0.091320 -7.944072 -0.859133 0.065546 0.507059 77.926934
0.515484 0.070622 0.853696 107.392065 0.019812 0.995096 -0.094283 -7.996848 -0.856384 0.065532 0.511690 78.229724
0.520906 0.076458 0.849895 107.870753 0.016308 0.994655 -0.099476 -8.049901 -0.853173 0.065694 0.517009 78.534792
0.526688 0.083512 0.845659 108.345085 0.011037 0.994156 -0.105050 -8.103504 -0.849702 0.064678 0.522822 78.845978
0.532774 0.089819 0.841184 108.818456 0.005860 0.993681 -0.109814 -8.158030 -0.845946 0.063452 0.529018 79.161721
0.539135 0.094261 0.836642 109.293751 0.002222 0.993308 -0.113344 -8.214288 -0.841935 0.062982 0.535451 79.481823
0.544701 0.094704 0.832974 109.778298 -0.002010 0.993497 -0.111640 -8.271044 -0.838341 0.059151 0.541487 79.813434
0.550074 0.093991 0.829507 110.265715 -0.008604 0.993974 -0.106921 -8.330170 -0.834776 0.051690 0.547709 80.156979
0.555862 0.091787 0.825887 110.758462 -0.014900 0.994568 -0.100506 -8.388518 -0.830843 0.043574 0.554354 80.508517
0.561720 0.090130 0.822097 111.254338 -0.021232 0.995034 -0.094582 -8.447248 -0.826754 0.035683 0.560990 80.866837
0.567964 0.088293 0.817995 111.756790 -0.023901 0.995322 -0.090838 -8.501795 -0.822403 0.032050 0.567565 81.228221
0.574274 0.091959 0.813174 112.260288 -0.029082 0.995078 -0.091992 -8.554022 -0.817845 0.029188 0.574271 81.599187
0.580445 0.095892 0.808325 112.768008 -0.032937 0.994738 -0.094355 -8.606092 -0.813331 0.028151 0.580699 81.980857
0.586510 0.099258 0.803529 113.285250 -0.035848 0.994417 -0.096673 -8.659650 -0.808846 0.027902 0.586944 82.375301
0.592881 0.101394 0.798571 113.811824 -0.038175 0.994210 -0.097892 -8.714193 -0.804081 0.027561 0.593472 82.780671
0.599090 0.102402 0.793795 114.346247 -0.041253 0.994163 -0.097115 -8.769507 -0.799313 0.025441 0.599972 83.204292
0.605248 0.104745 0.788799 114.885248 -0.047537 0.994035 -0.095523 -8.827937 -0.794307 0.020323 0.606774 83.643041
0.612242 0.102685 0.783650 115.434977 -0.047975 0.994267 -0.092801 -8.887295 -0.788896 0.019226 0.613820 84.088577
0.619833 0.100679 0.777920 115.993394 -0.048224 0.994486 -0.090283 -8.945341 -0.782928 0.018451 0.621435 84.544119
0.627228 0.100737 0.771959 116.553241 -0.048941 0.994473 -0.090010 -9.004477 -0.776968 0.018681 0.628860 85.015366
0.634702 0.103216 0.765491 117.113938 -0.053784 0.994268 -0.089470 -9.063106 -0.770548 0.015620 0.636788 85.503435
0.642294 0.103793 0.759052 117.681823 -0.054591 0.994196 -0.089753 -9.120335 -0.764172 0.016215 0.644408 86.007956
0.649202 0.104619 0.753030 118.257794 -0.056658 0.994119 -0.089267 -9.176648 -0.758153 0.015291 0.651493 86.520136
0.654388 0.103527 0.748680 118.842953 -0.056636 0.994235 -0.087980 -9.237579 -0.753683 0.015175 0.656662 87.046874
0.658056 0.102059 0.745660 119.434963 -0.055477 0.994374 -0.087142 -9.300707 -0.750569 0.015982 0.660200 87.587049
0.661952 0.099295 0.742582 120.037575 -0.051918 0.994606 -0.086715 -9.363284 -0.747395 0.018853 0.663719 88.128792
0.665649 0.095377 0.739786 120.650789 -0.046597 0.994902 -0.086341 -9.426169 -0.744457 0.023008 0.666884 88.681909
0.669360 0.088895 0.737241 121.271623 -0.038831 0.995371 -0.084765 -9.489612 -0.741570 0.028119 0.669898 89.246323
0.673264 0.082938 0.734373 121.900041 -0.032979 0.995794 -0.082227 -9.552752 -0.738309 0.031150 0.673354 89.821992
0.676539 0.077440 0.731964 122.529586 -0.027540 0.996149 -0.079937 -9.615736 -0.735538 0.033931 0.676251 90.405048
0.679729 0.075907 0.729169 123.152673 -0.027279 0.996292 -0.078286 -9.678076 -0.732606 0.033332 0.679462 90.998765
0.682624 0.077408 0.726300 123.776846 -0.027992 0.996146 -0.079860 -9.739594 -0.729881 0.034193 0.682345 91.601479
0.685731 0.082199 0.722836 124.395303 -0.033574 0.995847 -0.081395 -9.799375 -0.726724 0.031555 0.685829 92.210861
0.688404 0.086031 0.719840 125.014133 -0.040020 0.995661 -0.080724 -9.858589 -0.723861 0.026770 0.689049 92.828545
0.691226 0.082887 0.717500 125.646986 -0.040140 0.995997 -0.076390 -9.919820 -0.721159 0.024009 0.691977 93.456427
0.694555 0.080417 0.714578 126.282026 -0.043411 0.996348 -0.069933 -9.977533 -0.717781 0.017557 0.695692 94.095795
0.697992 0.074851 0.711833 126.919350 -0.042680 0.996847 -0.062972 -10.032743 -0.714488 0.013577 0.699167 94.735172
0.702464 0.070841 0.707833 127.558738 -0.040624 0.997147 -0.059480 -10.084952 -0.710212 0.013031 0.703521 95.379342
0.707105 0.067613 0.703514 128.197878 -0.034816 0.997283 -0.060854 -10.134550 -0.705901 0.018541 0.707722 96.020605
0.712279 0.064179 0.698597 128.834981 -0.024363 0.997213 -0.066773 -10.185462 -0.701119 0.030550 0.712044 96.660787
0.717562 0.065537 0.693038 129.462462 -0.018700 0.996755 -0.074896 -10.240394 -0.695882 0.040794 0.716650 97.305833
0.723076 0.065710 0.687279 130.088813 -0.015655 0.996514 -0.078805 -10.297567 -0.690238 0.046234 0.721770 97.967475
0.728772 0.061318 0.681647 130.716048 -0.013354 0.996813 -0.075393 -10.359071 -0.684272 0.045853 0.727455 98.644694
0.734591 0.055803 0.675847 131.348754 -0.008894 0.997064 -0.072659 -10.424263 -0.678091 0.047376 0.733120 99.331580
0.739867 0.052542 0.670332 131.970977 -0.004434 0.997051 -0.073259 -10.486089 -0.672377 0.051243 0.738108 100.019073
0.744350 0.054373 0.665205 132.583597 -0.002206 0.996621 -0.078995 -10.548028 -0.667423 0.057347 0.742144 100.708685
0.747959 0.055689 0.661033 133.196136 -0.002930 0.996487 -0.080635 -10.610869 -0.663372 0.058390 0.745686 101.410130
0.751143 0.052767 0.657650 133.811050 -0.000501 0.996588 -0.079390 -10.678799 -0.659766 0.059320 0.748800 102.113631
0.753591 0.047130 0.655268 134.427692 0.002887 0.996919 -0.075024 -10.747390 -0.656958 0.058445 0.751330 102.820476
0.754994 0.042755 0.653933 135.047413 0.006187 0.997090 -0.072335 -10.811788 -0.655303 0.058675 0.752740 103.531277
0.755675 0.038101 0.653440 135.664066 0.009712 0.997276 -0.069382 -10.873112 -0.654481 0.058792 0.753450 104.242025
0.755972 0.037118 0.653153 136.277280 0.009903 0.997361 -0.068141 -10.933991 -0.654136 0.057997 0.753812 104.956608
0.755898 0.037626 0.653208 136.891036 0.008568 0.997425 -0.067369 -10.993413 -0.654239 0.056536 0.753832 105.675037
0.755460 0.039772 0.653580 137.501803 0.007152 0.997321 -0.068957 -11.052510 -0.654755 0.056784 0.753358 106.390373
0.754325 0.043702 0.654638 138.111064 0.003134 0.997256 -0.070186 -11.112931 -0.656093 0.055010 0.752324 107.105458
0.752500 0.047483 0.656469 138.725482 -0.000164 0.997134 -0.071936 -11.174675 -0.658189 0.054039 0.750559 107.824156
0.750572 0.050326 0.658460 139.337924 -0.004239 0.997164 -0.071382 -11.236825 -0.660372 0.050801 0.748864 108.537986
0.748327 0.051827 0.660885 139.952511 -0.006456 0.997180 -0.070889 -11.299628 -0.662888 0.048796 0.746763 109.246083
0.746193 0.051177 0.663341 140.574007 -0.007106 0.997310 -0.068949 -11.361304 -0.665279 0.046749 0.744762 109.953334
0.743832 0.049957 0.666079 141.196428 -0.008096 0.997517 -0.065775 -11.421375 -0.667906 0.043546 0.742602 110.658231
0.741337 0.045898 0.669145 141.822099 -0.004042 0.997659 -0.063953 -11.482586 -0.670711 0.044719 0.739999 111.351662
0.738759 0.049952 0.671702 142.444375 -0.004533 0.997308 -0.069181 -11.546211 -0.673547 0.048077 0.737207 112.039924
0.735372 0.060137 0.674581 143.057241 -0.010039 0.996627 -0.077903 -11.608437 -0.677187 0.050530 0.733703 112.725908
0.732108 0.066575 0.677514 143.673996 -0.012359 0.996057 -0.084522 -11.672810 -0.680670 0.053521 0.730254 113.405834
0.728778 0.065110 0.681235 144.297042 -0.013710 0.996367 -0.080562 -11.739382 -0.684208 0.049386 0.727232 114.080220
0.725154 0.063567 0.685235 144.920047 -0.016583 0.996763 -0.074918 -11.809787 -0.687982 0.042976 0.724071 114.755125
0.721756 0.061851 0.688968 145.543957 -0.018392 0.997071 -0.070243 -11.873671 -0.691500 0.038038 0.720989 115.422323
0.718639 0.061874 0.692217 146.170337 -0.017831 0.997055 -0.070610 -11.934309 -0.694754 0.038411 0.717835 116.079214
0.715786 0.060208 0.695316 146.806056 -0.015862 0.997131 -0.070014 -11.994479 -0.697742 0.039098 0.714894 116.734863
0.713056 0.059213 0.698200 147.447289 -0.011857 0.997014 -0.072447 -12.057283 -0.700612 0.043393 0.711835 117.382490
0.709834 0.058332 0.701553 148.081300 -0.008211 0.996895 -0.074581 -12.118451 -0.703931 0.047193 0.708312 118.019386
0.706263 0.058886 0.705100 148.715235 -0.005249 0.996654 -0.077977 -12.180242 -0.707540 0.051386 0.704411 118.650761
0.702494 0.059255 0.708822 149.352896 -0.005530 0.996662 -0.077837 -12.243724 -0.711278 0.050775 0.700680 119.285495
0.698597 0.060972 0.712516 149.990002 -0.007593 0.996647 -0.077841 -12.309003 -0.715085 0.048984 0.696920 119.915969
0.693846 0.060605 0.717174 150.635744 -0.006676 0.996659 -0.077765 -12.373690 -0.719704 0.049183 0.692134 120.545462
0.688418 0.063372 0.722148 151.285887 -0.009217 0.996568 -0.078668 -12.438710 -0.724869 0.047515 0.686840 121.172025
0.682381 0.070676 0.727173 151.934109 -0.013177 0.996044 -0.084443 -12.507398 -0.730486 0.048055 0.680815 121.792945
0.676457 0.076276 0.732123 152.594751 -0.015836 0.995598 -0.089095 -12.576022 -0.735921 0.048690 0.674889 122.412063
0.670353 0.078628 0.737467 153.267030 -0.015492 0.995334 -0.092039 -12.645902 -0.741490 0.050289 0.668644 123.028789
0.664033 0.073291 0.743716 153.959015 -0.016035 0.996055 -0.083841 -12.717155 -0.747151 0.043761 0.662785 123.649867
0.657252 0.069744 0.750053 154.653902 -0.021802 0.996755 -0.073579 -12.786368 -0.752980 0.032017 0.656833 124.273485
0.650438 0.064935 0.756389 155.357431 -0.020825 0.997188 -0.067699 -12.851527 -0.758893 0.028291 0.650155 124.882750
0.643518 0.066147 0.762180 156.070082 -0.025294 0.997251 -0.065192 -12.906044 -0.764634 0.022681 0.643614 125.493578
0.635829 0.067513 0.768476 156.790848 -0.023702 0.997095 -0.067987 -12.960720 -0.771080 0.025022 0.635777 126.095535
0.629678 0.067105 0.773550 157.523401 -0.017773 0.996928 -0.072016 -13.023737 -0.776260 0.031609 0.629133 126.684536
0.622976 0.075291 0.778210 158.252157 -0.016402 0.996077 -0.083239 -13.086451 -0.781679 0.039105 0.621962 127.270774
0.615884 0.076228 0.783743 158.993810 -0.012306 0.995799 -0.087182 -13.151980 -0.787353 0.044063 0.614427 127.852685
0.609149 0.071920 0.789393 159.746768 -0.009322 0.996141 -0.083562 -13.227114 -0.792616 0.043557 0.607659 128.431162
0.602290 0.066038 0.795148 160.513511 -0.004998 0.996546 -0.078978 -13.301752 -0.797879 0.043607 0.600728 129.007394
0.595514 0.065354 0.800291 161.264585 -0.004421 0.996617 -0.078097 -13.372206 -0.802951 0.042983 0.593974 129.569925
0.588588 0.067123 0.805250 162.011516 -0.005914 0.996558 -0.078746 -13.441181 -0.808030 0.041601 0.587143 130.125969
0.582838 0.064556 0.809631 162.751141 -0.000832 0.996567 -0.078861 -13.508704 -0.812210 0.045305 0.581072 130.656817
0.577928 0.058510 0.813594 163.499517 0.004329 0.996867 -0.074765 -13.577376 -0.815692 0.046747 0.576048 131.183840
0.573174 0.055923 0.817131 164.242053 0.004807 0.997096 -0.071611 -13.645794 -0.819037 0.044989 0.571423 131.707643
0.568943 0.054975 0.820143 164.974658 0.003318 0.997273 -0.069149 -13.708841 -0.821986 0.042077 0.567391 132.222936
0.564343 0.057327 0.823154 165.705321 0.002934 0.997111 -0.071453 -13.769624 -0.825151 0.042754 0.562725 132.729311
0.560869 0.059785 0.825350 166.430338 0.004129 0.996845 -0.075013 -13.835901 -0.827511 0.045496 0.559032 133.223495
0.557838 0.065601 0.826960 167.142272 0.003508 0.996346 -0.081404 -13.899048 -0.829560 0.048328 0.555748 133.708482
