1.000000 0.000000 0.000000 0.000000 0.000000 1.000000 0.000000 0.000000 0.000000 0.000000 1.000000 0.000000
0.999996 -0.001718 -0.001605 -0.001864 0.001716 0.999997 -0.000971 -0.008866 0.001607 0.000969 0.999997 0.568963
0.999992 -0.002220 -0.002726 -0.008523 0.002213 0.999993 -0.002492 -0.020518 0.002732 0.002486 0.999992 1.137579
0.999982 -0.002540 -0.004678 -0.015055 0.002522 0.999985 -0.003940 -0.031775 0.004688 0.003928 0.999977 1.704134
0.999962 -0.004617 -0.006574 -0.021185 0.004579 0.999966 -0.005808 -0.041702 0.006600 0.005778 0.999956 2.267852
0.999936 -0.006977 -0.008205 -0.026520 0.006912 0.999938 -0.007916 -0.051097 0.008260 0.007859 0.999929 2.836334
0.999913 -0.008262 -0.009604 -0.034826 0.008178 0.999921 -0.008687 -0.061792 0.009675 0.008608 0.999909 3.412199
0.999897 -0.008432 -0.011034 -0.045201 0.008342 0.999925 -0.008118 -0.073708 0.011102 0.008025 0.999900 3.999147
0.999880 -0.008845 -0.012243 -0.054279 0.008741 0.999918 -0.008534 -0.088659 0.012317 0.008426 0.999882 4.593585
0.999871 -0.008269 -0.013319 -0.068089 0.008119 0.999896 -0.011297 -0.104628 0.013411 0.011187 0.999841 5.189645
0.999867 -0.006540 -0.014541 -0.083862 0.006319 0.999858 -0.015188 -0.119947 0.014638 0.015095 0.999772 5.791482
0.999854 -0.005105 -0.015820 -0.100252 0.004804 0.999799 -0.019000 -0.133159 0.015913 0.018921 0.999686 6.406189
0.999838 -0.003339 -0.017010 -0.117204 0.003015 0.999802 -0.019030 -0.145666 0.017071 0.018976 0.999663 7.036432
0.999821 -0.000837 -0.018186 -0.136740 0.000614 0.999911 -0.012258 -0.157000 0.018195 0.012244 0.999746 7.687057
0.999806 0.000032 -0.018905 -0.155047 -0.000066 0.999983 -0.001794 -0.169459 0.018905 0.001795 0.999805 8.352073
0.999790 0.001158 -0.019695 -0.174015 -0.001061 0.999971 0.004926 -0.184670 0.019701 -0.004904 0.999778 9.029193
0.999760 0.003296 -0.020870 -0.195746 -0.003213 0.999969 0.004012 -0.200067 0.020883 -0.003944 0.999758 9.711214
0.999734 0.005520 -0.021676 -0.219513 -0.005594 0.999961 -0.003354 -0.206274 0.021657 0.003474 0.999743 10.405607
0.999710 0.005184 -0.022822 -0.239360 -0.005400 0.999924 -0.009435 -0.207147 0.022771 0.009555 0.999679 11.117277
0.999690 0.003089 -0.024051 -0.256738 -0.003280 0.999947 -0.007900 -0.210800 0.024025 0.007976 0.999664 11.852920
0.999683 0.002208 -0.024485 -0.276853 -0.002175 0.999981 0.001347 -0.219974 0.024488 -0.001293 0.999685 12.614568
0.999672 0.001849 -0.024941 -0.299578 -0.001630 0.999944 0.008791 -0.227126 0.024957 -0.008747 0.999636 13.392515
0.999658 0.000968 -0.025550 -0.322613 -0.000681 0.999920 0.011223 -0.230639 0.025559 -0.011201 0.999595 14.184767
0.999647 -0.000950 -0.025746 -0.344295 0.001211 0.999926 0.010104 -0.231021 0.025735 -0.010132 0.999597 14.990942
0.999653 -0.001348 -0.025324 -0.368311 0.001539 0.999945 0.007538 -0.230307 0.025313 -0.007575 0.999626 15.812788
0.999665 0.001255 -0.024831 -0.396183 -0.001154 0.999964 0.004051 -0.231641 0.024836 -0.004021 0.999658 16.653118
0.999684 -0.001926 -0.023961 -0.416564 0.001890 0.999970 -0.001527 -0.238866 0.023964 0.001481 0.999686 17.505774
0.999689 -0.004786 -0.023346 -0.435842 0.004602 0.999931 -0.007910 -0.250376 0.023383 0.007800 0.999670 18.374410
0.999719 -0.003701 -0.022251 -0.461550 0.003404 0.999877 -0.013356 -0.262805 0.022299 0.013277 0.999637 19.262605
0.999728 -0.002372 -0.022129 -0.488346 0.002058 0.999872 -0.014209 -0.280382 0.022160 0.014160 0.999631 20.169344
0.999724 -0.002173 -0.022371 -0.513274 0.001869 0.999881 -0.013612 -0.303045 0.022399 0.013567 0.999634 21.092294
0.999722 -0.000633 -0.022573 -0.538829 0.000295 0.999863 -0.014971 -0.327560 0.022580 0.014960 0.999611 22.032093
0.999720 0.002157 -0.022535 -0.567729 -0.002542 0.999826 -0.017052 -0.351263 0.022495 0.017105 0.999578 22.981267
0.999699 0.005673 -0.022874 -0.597060 -0.006082 0.999798 -0.017852 -0.376782 0.022769 0.017986 0.999556 23.944292
0.999687 0.007372 -0.022919 -0.627604 -0.007780 0.999787 -0.017774 -0.406404 0.022784 0.017947 0.999556 24.919253
0.999670 0.008015 -0.023389 -0.651992 -0.008435 0.999779 -0.017885 -0.436627 0.023241 0.018077 0.999543 25.904735
0.999664 0.008066 -0.023669 -0.678672 -0.008487 0.999782 -0.017737 -0.466457 0.023521 0.017933 0.999540 26.898466
0.999646 0.009018 -0.024154 -0.707853 -0.009421 0.999795 -0.016622 -0.497012 0.023999 0.016844 0.999549 27.906511
0.999628 0.009581 -0.024668 -0.734313 -0.009944 0.999822 -0.014664 -0.526620 0.024523 0.014904 0.999567 28.918764
0.999605 0.010099 -0.025186 -0.762323 -0.010441 0.999827 -0.013501 -0.555859 0.025046 0.013759 0.999565 29.938723
0.999601 0.010004 -0.025352 -0.793611 -0.010375 0.999813 -0.014534 -0.586025 0.025203 0.014791 0.999546 30.967526
0.999576 0.011192 -0.025820 -0.823245 -0.011594 0.999785 -0.015483 -0.613919 0.025642 0.015776 0.999519 32.001171
0.999564 0.010808 -0.026411 -0.852245 -0.011198 0.999802 -0.014656 -0.641427 0.026248 0.014946 0.999516 33.043059
0.999555 0.010158 -0.027054 -0.882843 -0.010483 0.999846 -0.011919 -0.670297 0.026929 0.012198 0.999536 34.094989
0.999533 0.010469 -0.027688 -0.913993 -0.010702 0.999880 -0.008265 -0.696089 0.027599 0.008557 0.999555 35.157119
0.999509 0.010563 -0.028475 -0.945885 -0.010737 0.999896 -0.005971 -0.720155 0.028409 0.006274 0.999548 36.223814
0.999491 0.010516 -0.029084 -0.980076 -0.010681 0.999898 -0.005511 -0.742764 0.029024 0.005819 0.999532 37.295628
0.999476 0.010077 -0.029766 -1.014412 -0.010291 0.999892 -0.007069 -0.763500 0.029692 0.007372 0.999502 38.374208
0.999444 0.010579 -0.030694 -1.050060 -0.010819 0.999884 -0.007680 -0.784669 0.030610 0.008008 0.999472 39.459760
0.999427 0.010260 -0.031492 -1.087683 -0.010467 0.999900 -0.006416 -0.809613 0.031424 0.006742 0.999460 40.550917
0.999391 0.010358 -0.032592 -1.123673 -0.010509 0.999911 -0.004459 -0.833053 0.032544 0.004799 0.999436 41.643103
0.999365 0.010439 -0.033411 -1.162608 -0.010511 0.999922 -0.001984 -0.855624 0.033389 0.002334 0.999419 42.734254
0.999347 0.011746 -0.033889 -1.207074 -0.011826 0.999919 -0.002170 -0.879953 0.033861 0.002569 0.999415 43.825834
0.999316 0.012911 -0.034364 -1.250349 -0.013125 0.999887 -0.005991 -0.903775 0.034283 0.006438 0.999383 44.903167
0.999301 0.014103 -0.034403 -1.295234 -0.014456 0.999838 -0.010044 -0.928270 0.034256 0.010534 0.999351 45.982870
0.999302 0.014474 -0.034302 -1.340883 -0.014836 0.999833 -0.010321 -0.955641 0.034147 0.010822 0.999355 47.067350
0.999299 0.014970 -0.034203 -1.383757 -0.015239 0.999852 -0.007628 -0.983025 0.034084 0.008144 0.999383 48.153261
0.999297 0.015662 -0.033928 -1.426922 -0.015859 0.999855 -0.005547 -1.009507 0.033836 0.006081 0.999406 49.240134
0.999316 0.014198 -0.033976 -1.467465 -0.014354 0.999883 -0.004366 -1.032933 0.033911 0.004851 0.999409 50.323614
0.999327 0.014111 -0.033643 -1.507840 -0.014296 0.999878 -0.005285 -1.058290 0.033564 0.005763 0.999414 51.415346
0.999332 0.013229 -0.033401 -1.545897 -0.013473 0.999863 -0.007101 -1.081891 0.033304 0.007546 0.999396 52.503059
0.999333 0.013207 -0.033368 -1.583598 -0.013524 0.999844 -0.009280 -1.108380 0.033241 0.009726 0.999378 53.600879
0.999343 0.011972 -0.033431 -1.621246 -0.012370 0.999830 -0.011733 -1.139064 0.033286 0.012139 0.999347 54.692271
0.999354 0.010476 -0.033563 -1.658410 -0.010986 0.999800 -0.015034 -1.173358 0.033399 0.015394 0.999296 55.785070
0.999369 0.008707 -0.033608 -1.694645 -0.009274 0.999790 -0.016756 -1.206835 0.033456 0.017057 0.999268 56.874531
0.999382 0.007113 -0.033681 -1.730745 -0.007604 0.999842 -0.014486 -1.241130 0.033573 0.014734 0.999303 57.964666
0.999399 0.005888 -0.033492 -1.772357 -0.006178 0.999924 -0.008570 -1.272985 0.033440 0.008772 0.999381 59.060645
0.999404 0.004644 -0.033527 -1.808798 -0.004734 0.999964 -0.002604 -1.298782 0.033515 0.002762 0.999413 60.157055
0.999400 0.002724 -0.033835 -1.842513 -0.002790 0.999972 -0.001906 -1.322108 0.033829 0.002000 0.999404 61.252659
0.999405 -0.000595 -0.033800 -1.879197 0.000431 0.999966 -0.004852 -1.345005 0.033802 0.004834 0.999394 62.345268
0.999389 -0.002126 -0.034173 -1.913863 0.001851 0.999943 -0.008088 -1.367544 0.034189 0.008020 0.999360 63.433802
0.999377 -0.000388 -0.034680 -1.952481 -0.000030 0.999907 -0.012061 -1.397891 0.034682 0.012055 0.999306 64.527465
0.999384 -0.000270 -0.034571 -1.996617 -0.000296 0.999850 -0.016364 -1.428285 0.034571 0.016364 0.999252 65.620089
0.999386 0.002748 -0.034144 -2.039652 -0.003331 0.999824 -0.017026 -1.460199 0.034092 0.017129 0.999246 66.718463
0.999384 0.006611 -0.033596 -2.083562 -0.007064 0.999857 -0.013388 -1.493914 0.033503 0.013617 0.999317 67.826933
0.999370 0.008090 -0.033629 -2.127680 -0.008473 0.999871 -0.011251 -1.527513 0.033534 0.011529 0.999341 68.936790
0.999365 0.007481 -0.033971 -2.164680 -0.007844 0.999885 -0.010551 -1.555936 0.033889 0.010811 0.999339 70.041718
0.999364 0.005834 -0.034263 -2.200806 -0.006170 0.999904 -0.009728 -1.586587 0.034204 0.009933 0.999335 71.142219
0.999342 0.004800 -0.034708 -2.241033 -0.005090 0.999911 -0.008271 -1.617105 0.034667 0.008442 0.999322 72.237470
0.999330 0.003144 -0.035315 -2.278154 -0.003365 0.999937 -0.006201 -1.644016 0.035295 0.006316 0.999317 73.336339
0.999297 0.001930 -0.036295 -2.316252 -0.002096 0.999949 -0.004543 -1.671324 0.036286 0.004616 0.999291 74.430695
0.999272 0.001174 -0.036990 -2.360922 -0.001389 0.999943 -0.005771 -1.700070 0.036982 0.005818 0.999258 75.524180
0.999240 0.001357 -0.037841 -2.404403 -0.001720 0.999913 -0.009576 -1.727650 0.037826 0.009634 0.999197 76.610219
0.999203 0.001808 -0.038753 -2.449187 -0.002261 0.999889 -0.011626 -1.755909 0.038730 0.011705 0.999139 77.691110
0.999166 0.003783 -0.039509 -2.498165 -0.004177 0.999899 -0.009885 -1.787132 0.039469 0.010043 0.999126 78.772851
0.999130 0.004703 -0.040292 -2.545146 -0.004932 0.999928 -0.005603 -1.815205 0.040265 0.005797 0.999127 79.858974
0.999093 0.006152 -0.041015 -2.593868 -0.006223 0.999936 -0.001597 -1.841349 0.041005 0.001851 0.999112 80.940217
0.999064 0.007153 -0.041563 -2.647372 -0.007199 0.999930 -0.000947 -1.865704 0.041555 0.001245 0.999090 82.018794
0.999032 0.006969 -0.042349 -2.696022 -0.007107 0.999926 -0.003121 -1.886623 0.042326 0.003419 0.999052 83.089574
0.998997 0.006846 -0.043147 -2.742819 -0.007025 0.999922 -0.003997 -1.907768 0.043118 0.004296 0.999013 84.156290
0.998974 0.006070 -0.043769 -2.792926 -0.006257 0.999926 -0.004138 -1.934425 0.043743 0.004408 0.998985 85.213654
0.998937 0.004997 -0.044674 -2.841118 -0.005177 0.999930 -0.003908 -1.958978 0.044654 0.004135 0.998943 86.255045
0.998909 0.003819 -0.045410 -2.888702 -0.003938 0.999941 -0.002524 -1.982389 0.045400 0.002700 0.998915 87.279692
0.998879 0.003955 -0.046073 -2.939838 -0.003948 0.999944 0.000245 -2.007976 0.046074 -0.000063 0.998888 88.292068
0.998834 0.003052 -0.047141 -2.988024 -0.003004 0.999949 0.001078 -2.030736 0.047144 -0.000935 0.998839 89.274603
0.998723 0.002139 -0.049469 -3.037418 -0.002078 0.999950 0.001291 -2.051644 0.049472 -0.001187 0.998726 90.237595
0.998554 0.001316 -0.052810 -3.090415 -0.001299 0.999952 0.000358 -2.073372 0.052810 -0.000289 0.998555 91.178470
0.998360 0.001225 -0.056335 -3.145631 -0.001259 0.999952 -0.000569 -2.094205 0.056334 0.000640 0.998362 92.094363
0.998168 0.001015 -0.059648 -3.201703 -0.001037 0.999952 -0.000343 -2.114063 0.059648 0.000404 0.998170 92.990748
0.997971 0.002146 -0.062808 -3.262882 -0.002101 0.999949 0.000780 -2.135004 0.062809 -0.000646 0.997975 93.862668
0.997763 0.003058 -0.065927 -3.324482 -0.002940 0.999941 0.001879 -2.155591 0.065933 -0.001681 0.997768 94.706872
0.997556 0.004063 -0.069000 -3.386972 -0.003840 0.999939 0.003355 -2.173018 0.069013 -0.003082 0.997560 95.525794
0.997360 0.005623 -0.071727 -3.451351 -0.005341 0.999932 0.004123 -2.189527 0.071749 -0.003729 0.997368 96.317478
0.997152 0.007667 -0.074358 -3.516591 -0.007347 0.999915 0.004572 -2.206804 0.074390 -0.004013 0.997172 97.078962
0.996926 0.009457 -0.077132 -3.581461 -0.009226 0.999905 0.003347 -2.224267 0.077160 -0.002625 0.996966 97.808830
0.996706 0.010687 -0.079786 -3.645417 -0.010750 0.999897 -0.000365 -2.242504 0.079778 0.001222 0.996764 98.505917
0.996464 0.013061 -0.082403 -3.710077 -0.013442 0.999855 -0.004066 -2.259290 0.082341 0.005159 0.996542 99.174012
0.996262 0.014721 -0.084484 -3.773251 -0.015341 0.999810 -0.006690 -2.276246 0.084373 0.007962 0.996349 99.815883
0.996150 0.016729 -0.085420 -3.834243 -0.017454 0.999766 -0.007747 -2.292499 0.085275 0.009209 0.996260 100.428117
0.996182 0.019062 -0.084535 -3.894024 -0.019751 0.999725 -0.007313 -2.310804 0.084376 0.008955 0.996338 101.019669
0.996341 0.022892 -0.081654 -3.949500 -0.023445 0.999655 -0.005813 -2.328247 0.081497 0.007707 0.996587 101.587933
0.996717 0.025516 -0.076074 -3.997653 -0.025920 0.999600 -0.004332 -2.345048 0.075938 0.006290 0.997035 102.132826
0.997228 0.026382 -0.068744 -4.033751 -0.026617 0.999589 -0.002502 -2.358158 0.068654 0.004325 0.997575 102.657201
0.997853 0.026295 -0.059053 -4.060422 -0.026347 0.999601 -0.000098 -2.369775 0.059030 0.001654 0.998200 103.162123
0.998487 0.025910 -0.047298 -4.078041 -0.025893 0.999611 0.000986 -2.381430 0.047308 0.000241 0.998824 103.643436
0.999053 0.025078 -0.033858 -4.086981 -0.025057 0.999630 0.001068 -2.393785 0.033874 -0.000219 0.999368 104.103048
0.999454 0.024876 -0.018765 -4.085862 -0.024876 0.999633 0.000228 -2.406581 0.018765 0.000239 0.999764 104.543723
0.999664 0.023468 -0.000740 -4.074437 -0.023470 0.999663 -0.002863 -2.419435 0.000673 0.002879 0.999936 104.971838
0.999465 0.022924 0.020561 -4.051618 -0.022773 0.999655 -0.007540 -2.430832 -0.020728 0.007069 0.999700 105.393576
0.998717 0.020842 0.044822 -4.011492 -0.020309 0.999661 -0.012311 -2.442796 -0.045066 0.011385 0.998859 105.805316
0.997157 0.018554 0.072177 -3.960729 -0.017504 0.999673 -0.015153 -2.454045 -0.072439 0.013847 0.997215 106.209192
0.994571 0.015908 0.102214 -3.894535 -0.014304 0.999703 -0.016409 -2.466516 -0.102451 0.014859 0.994564 106.605808
0.990724 0.013700 0.134718 -3.814704 -0.011336 0.999708 -0.018297 -2.480035 -0.134938 0.016602 0.990651 106.989649
0.985186 0.011282 0.170729 -3.722100 -0.008002 0.999708 -0.019890 -2.494127 -0.170914 0.018231 0.985050 107.366919
0.977713 0.008032 0.209468 -3.612675 -0.003862 0.999722 -0.020307 -2.509108 -0.209586 0.019047 0.977535 107.733748
0.968188 0.005912 0.249873 -3.494087 -0.000669 0.999712 -0.021059 -2.525952 -0.249942 0.020223 0.967978 108.083357
0.956281 0.006875 0.292121 -3.364588 -0.000443 0.999688 -0.022076 -2.541780 -0.292202 0.020983 0.956051 108.430546
0.941366 0.009051 0.337044 -3.223995 -0.001564 0.999675 -0.022478 -2.557078 -0.337162 0.020635 0.941142 108.763004
0.923975 0.009106 0.382145 -3.063880 -0.001114 0.999704 -0.021128 -2.570646 -0.382252 0.019097 0.923779 109.083768
0.904110 0.008395 0.427032 -2.885590 0.000071 0.999729 -0.019804 -2.583868 -0.427115 0.017937 0.903933 109.392509
0.881134 0.007118 0.472647 -2.695986 0.002707 0.999719 -0.020102 -2.599618 -0.472693 0.018994 0.880934 109.691796
0.856098 0.007621 0.516604 -2.491056 0.004415 0.999672 -0.022064 -2.615646 -0.516642 0.021171 0.855848 109.977240
0.828603 0.009814 0.559609 -2.272968 0.005277 0.999590 -0.025344 -2.631806 -0.559670 0.023955 0.828275 110.251575
0.797977 0.014601 0.602380 -2.041526 0.004114 0.999476 -0.029676 -2.645993 -0.602543 0.026161 0.797559 110.521068
0.763939 0.020861 0.644826 -1.795299 0.000983 0.999362 -0.033494 -2.657673 -0.645163 0.026223 0.763490 110.784314
0.726893 0.025572 0.686155 -1.525666 -0.000790 0.999258 -0.036405 -2.666076 -0.686631 0.025923 0.726432 111.032104
0.687614 0.025892 0.725505 -1.232320 0.001898 0.999220 -0.037459 -2.677646 -0.725964 0.027137 0.687082 111.266411
0.646840 0.023306 0.762167 -0.919573 0.006403 0.999257 -0.035989 -2.689887 -0.762496 0.028162 0.646260 111.475223
0.602878 0.021398 0.797446 -0.589775 0.008399 0.999338 -0.033166 -2.698915 -0.797688 0.026695 0.602347 111.682742
0.556697 0.019936 0.830378 -0.248881 0.009780 0.999408 -0.030551 -2.708215 -0.830559 0.025131 0.556217 111.870484
0.508816 0.017432 0.860602 0.111129 0.012053 0.999473 -0.027371 -2.719367 -0.860694 0.024302 0.508380 112.044139
0.458177 0.013634 0.888663 0.479737 0.014805 0.999547 -0.022968 -2.735339 -0.888644 0.023682 0.457806 112.192959
0.406393 0.013799 0.913497 0.856762 0.012602 0.999621 -0.020706 -2.751231 -0.913513 0.019929 0.406102 112.330070
0.355294 0.018701 0.934475 1.236629 0.009110 0.999600 -0.023469 -2.768059 -0.934617 0.016853 0.355013 112.444631
0.304993 0.023779 0.951974 1.630000 0.008610 0.999504 -0.027725 -2.780949 -0.952232 0.016654 0.304662 112.537663
0.258404 0.025826 0.965605 2.036306 0.010252 0.999434 -0.029475 -2.796298 -0.965896 0.017517 0.258016 112.611552
0.217376 0.025358 0.975666 2.461064 0.017444 0.999313 -0.029859 -2.814076 -0.975839 0.023512 0.216806 112.663990
0.182408 0.025184 0.982812 2.896788 0.025320 0.999135 -0.030302 -2.828405 -0.982808 0.030415 0.181630 112.705593
0.152123 0.026451 0.987925 3.349309 0.029549 0.998993 -0.031298 -2.841866 -0.987836 0.033956 0.151203 112.745269
0.124176 0.024980 0.991864 3.816099 0.027478 0.999134 -0.028603 -2.859030 -0.991798 0.030808 0.123395 112.788720
0.098770 0.021447 0.994799 4.302527 0.021123 0.999420 -0.023644 -2.876048 -0.994806 0.023350 0.098270 112.830874
0.074891 0.017473 0.996956 4.808762 0.016402 0.999609 -0.018751 -2.892074 -0.996974 0.017758 0.074584 112.862920
0.052427 0.014891 0.998428 5.329579 0.020415 0.999581 -0.015980 -2.912540 -0.998330 0.021222 0.052108 112.871015
0.032430 0.015481 0.999270 5.869424 0.028207 0.999387 -0.016398 -2.931289 -0.998991 0.028721 0.031979 112.863158
0.015168 0.017885 0.999640 6.425563 0.033369 0.999193 -0.018383 -2.947061 -0.999242 0.033639 0.014563 112.852234
0.000979 0.023401 0.999636 7.001529 0.033799 0.999069 -0.023421 -2.957761 -0.999338 0.033813 0.000190 112.844447
-0.009894 0.028055 0.999454 7.597432 0.031181 0.999030 -0.027734 -2.970233 -0.999361 0.030893 -0.010757 112.837992
-0.016057 0.027793 0.999382 8.218503 0.033460 0.998970 -0.027244 -2.987662 -0.999207 0.033005 -0.016969 112.820000
-0.018616 0.024533 0.999426 8.859315 0.039476 0.998839 -0.023783 -3.009887 -0.998944 0.039015 -0.019562 112.797253
-0.017952 0.022901 0.999475 9.520171 0.041088 0.998810 -0.022148 -3.029539 -0.998890 0.040673 -0.018871 112.782306
-0.016014 0.022570 0.999513 10.196955 0.039893 0.998861 -0.021916 -3.051064 -0.998968 0.039527 -0.016895 112.776461
-0.014518 0.022970 0.999526 10.893097 0.036243 0.998987 -0.022432 -3.073048 -0.999130 0.035904 -0.015334 112.777102
-0.013371 0.024209 0.999510 11.602465 0.035401 0.998985 -0.023723 -3.093627 -0.999173 0.035070 -0.014213 112.772820
-0.012287 0.025083 0.999498 12.332954 0.035127 0.998969 -0.024638 -3.116455 -0.999193 0.034811 -0.013154 112.766519
-0.011424 0.024600 0.999514 13.077831 0.034747 0.998986 -0.024190 -3.141197 -0.999210 0.034458 -0.012266 112.762122
-0.010662 0.023260 0.999553 13.838609 0.033743 0.999050 -0.022888 -3.166038 -0.999252 0.033487 -0.011436 112.758109
-0.010392 0.022013 0.999583 14.613173 0.034362 0.999057 -0.021644 -3.191757 -0.999232 0.034127 -0.011137 112.756594
-0.010985 0.019844 0.999624 15.400084 0.034862 0.999086 -0.019450 -3.216731 -0.999210 0.034639 -0.011665 112.751116
-0.012243 0.018219 0.999630 16.197306 0.032321 0.999192 -0.017815 -3.242043 -0.999271 0.032095 -0.012821 112.750889
-0.013475 0.017106 0.999621 16.998584 0.031426 0.999228 -0.016675 -3.267827 -0.999272 0.031194 -0.014001 112.746510
-0.014565 0.014584 0.999645 17.806187 0.033835 0.999188 -0.014085 -3.289554 -0.999177 0.033623 -0.015046 112.733140
-0.015667 0.013059 0.999641 18.623619 0.035150 0.999156 -0.012502 -3.311189 -0.999107 0.034947 -0.016112 112.719338
-0.017581 0.012151 0.999618 19.454391 0.032248 0.999262 -0.011579 -3.337641 -0.999170 0.032037 -0.017960 112.716593
-0.018360 0.017032 0.999526 20.279063 0.029498 0.999272 -0.016486 -3.358398 -0.999235 0.029186 -0.018849 112.707347
-0.018973 0.021765 0.999426 21.110484 0.030815 0.999148 -0.021174 -3.381751 -0.999187 0.030401 -0.019628 112.691413
-0.020094 0.023411 0.999369 21.951204 0.031051 0.999107 -0.022780 -3.409125 -0.999160 0.030578 -0.020804 112.678235
-0.021443 0.021229 0.999388 22.798584 0.027651 0.999252 -0.020633 -3.438583 -0.999230 0.027196 -0.022015 112.668003
-0.022485 0.017024 0.999444 23.648120 0.024818 0.999402 -0.016465 -3.468399 -0.999280 0.024438 -0.022895 112.657373
-0.022759 0.011762 0.999512 24.501613 0.023284 0.999510 -0.011232 -3.495892 -0.999309 0.023020 -0.023022 112.644470
-0.023043 0.006239 0.999557 25.355391 0.019829 0.999632 -0.005783 -3.516634 -0.999379 0.019690 -0.023159 112.633023
-0.022913 0.005016 0.999566 26.203099 0.017243 0.999686 -0.004621 -3.540667 -0.999430 0.017133 -0.022993 112.623468
-0.022131 0.011810 0.999525 27.039943 0.020120 0.999577 -0.011365 -3.569877 -0.999392 0.019863 -0.022360 112.610028
-0.020851 0.023108 0.999348 27.870414 0.022498 0.999327 -0.022638 -3.593082 -0.999361 0.022015 -0.021358 112.591992
-0.020127 0.028331 0.999228 28.702404 0.024520 0.999148 -0.027835 -3.617670 -0.999328 0.023945 -0.020805 112.577100
-0.018744 0.022794 0.999397 29.544857 0.026238 0.999244 -0.022299 -3.650116 -0.999312 0.025809 -0.019328 112.563575
-0.017429 0.014985 0.999569 30.384882 0.029423 0.999300 -0.014468 -3.682146 -0.999247 0.029163 -0.017857 112.544828
-0.016893 0.012106 0.999622 31.214105 0.030664 0.999305 -0.011584 -3.709579 -0.999224 0.030462 -0.017252 112.531697
-0.016955 0.012705 0.999611 32.033650 0.029458 0.999331 -0.012202 -3.736068 -0.999256 0.029244 -0.017318 112.523435
-0.017762 0.013725 0.999583 32.852722 0.026668 0.999396 -0.013249 -3.761531 -0.999320 0.026426 -0.018117 112.515358
-0.019414 0.013930 0.999549 33.668458 0.024703 0.999444 -0.013449 -3.786824 -0.999340 0.024435 -0.019747 112.503513
-0.021492 0.013823 0.999508 34.484895 0.024379 0.999453 -0.013298 -3.814196 -0.999305 0.024085 -0.021818 112.492042
-0.023514 0.014207 0.999461 35.293447 0.023355 0.999477 -0.013658 -3.840752 -0.999288 0.023025 -0.023834 112.477414
-0.025541 0.014563 0.999409 36.099520 0.021779 0.999510 -0.014008 -3.866663 -0.999276 0.021412 -0.025847 112.463837
-0.027484 0.013642 0.999382 36.901591 0.020046 0.999571 -0.013094 -3.892189 -0.999273 0.019677 -0.027747 112.449055
-0.029482 0.012571 0.999337 37.700847 0.020750 0.999567 -0.011962 -3.918872 -0.999200 0.020386 -0.029732 112.430000
-0.031313 0.012679 0.999283 38.490440 0.020522 0.999574 -0.012040 -3.945546 -0.999152 0.020133 -0.031562 112.410745
-0.033089 0.013675 0.999218 39.274828 0.020460 0.999568 -0.013002 -3.969805 -0.999101 0.020017 -0.033356 112.390451
-0.033966 0.013881 0.999187 40.057703 0.020976 0.999557 -0.013173 -3.994344 -0.999062 0.020515 -0.034244 112.367740
-0.035059 0.012685 0.999167 40.836180 0.022941 0.999532 -0.011885 -4.020006 -0.998983 0.022509 -0.035335 112.341608
-0.036588 0.012042 0.999121 41.609308 0.023150 0.999536 -0.011200 -4.045131 -0.998925 0.022723 -0.036852 112.318204
-0.037853 0.011628 0.999072 42.379051 0.021800 0.999564 -0.010808 -4.069485 -0.998901 0.021374 -0.038092 112.296330
-0.039166 0.010745 0.999022 43.133309 0.020027 0.999601 -0.009966 -4.092583 -0.998879 0.019620 -0.039369 112.275445
-0.040050 0.009537 0.998994 43.869593 0.018920 0.999628 -0.008785 -4.114650 -0.998860 0.018552 -0.040219 112.253828
-0.040665 0.009305 0.998964 44.589208 0.019247 0.999617 -0.008528 -4.137515 -0.998822 0.018884 -0.040832 112.229694
-0.040863 0.011779 0.998919 45.296778 0.019375 0.999579 -0.010994 -4.161890 -0.998801 0.018909 -0.041078 112.206460
-0.040781 0.014539 0.998888 45.997091 0.019411 0.999547 -0.013756 -4.185657 -0.998805 0.018832 -0.041048 112.181339
-0.040897 0.016149 0.998871 46.697650 0.017464 0.999570 -0.015446 -4.209410 -0.998849 0.016816 -0.041165 112.160124
-0.040813 0.017060 0.998858 47.393708 0.018138 0.999544 -0.016331 -4.233450 -0.998840 0.017454 -0.041107 112.134262
-0.040728 0.016828 0.998865 48.086604 0.019417 0.999523 -0.016048 -4.257940 -0.998818 0.018745 -0.041039 112.107151
-0.040906 0.016427 0.998864 48.777212 0.020438 0.999510 -0.015600 -4.280415 -0.998790 0.019780 -0.041226 112.082980
-0.041310 0.016543 0.998845 49.464689 0.016665 0.999575 -0.015866 -4.303634 -0.998843 0.015993 -0.041572 112.066598
-0.041066 0.016758 0.998851 50.146100 0.014216 0.999608 -0.016187 -4.329345 -0.998891 0.013537 -0.041291 112.048048
-0.040853 0.015442 0.998878 50.830825 0.016162 0.999597 -0.014793 -4.353312 -0.998867 0.015542 -0.041089 112.022627
-0.041761 0.014900 0.998847 51.508809 0.016694 0.999595 -0.014214 -4.374349 -0.998819 0.016083 -0.041997 111.996193
-0.045180 0.014460 0.998707 52.181826 0.013713 0.999648 -0.013853 -4.397698 -0.998718 0.013072 -0.045367 111.973694
-0.050426 0.013978 0.998464 52.859714 0.009820 0.999700 -0.013500 -4.422460 -0.998514 0.009126 -0.050553 111.948744
-0.055997 0.017903 0.998104 53.524334 0.013610 0.999598 -0.017166 -4.443540 -0.998172 0.012625 -0.056224 111.907667
-0.062442 0.020782 0.997664 54.196962 0.016044 0.999512 -0.019816 -4.463959 -0.997752 0.014772 -0.062752 111.860904
-0.069705 0.022410 0.997146 54.867801 0.015222 0.999491 -0.021399 -4.487333 -0.997283 0.013689 -0.070019 111.818593
-0.075819 0.021678 0.996715 55.551465 0.011602 0.999550 -0.020858 -4.511242 -0.996884 0.009984 -0.076046 111.772009
-0.081033 0.020407 0.996320 56.237175 0.011216 0.999569 -0.019561 -4.536848 -0.996466 0.009591 -0.081238 111.718406
-0.085487 0.021079 0.995921 56.927574 0.008963 0.999563 -0.020387 -4.559800 -0.996105 0.007186 -0.085652 111.663478
-0.089441 0.020541 0.995585 57.626884 0.006844 0.999587 -0.020009 -4.581198 -0.995774 0.005026 -0.089559 111.607284
-0.091938 0.017467 0.995415 58.334495 0.007447 0.999640 -0.016854 -4.601047 -0.995541 0.005864 -0.092049 111.545237
-0.093387 0.014425 0.995338 59.046772 0.009517 0.999681 -0.013595 -4.622561 -0.995397 0.008204 -0.093508 111.477918
-0.094831 0.011543 0.995247 59.767394 0.009104 0.999727 -0.010728 -4.646282 -0.995268 0.008045 -0.094924 111.413376
-0.095820 0.011287 0.995155 60.493935 0.008190 0.999737 -0.010551 -4.664370 -0.995181 0.007140 -0.095901 111.348693
-0.096142 0.014978 0.995076 61.228171 0.009873 0.999678 -0.014094 -4.684684 -0.995135 0.008471 -0.096273 111.279749
-0.095956 0.018968 0.995022 61.964446 0.015744 0.999545 -0.017536 -4.706382 -0.995074 0.013985 -0.096226 111.202610
-0.096452 0.023705 0.994867 62.709265 0.023003 0.999322 -0.021581 -4.732143 -0.994882 0.020807 -0.096947 111.123539
-0.097007 0.024923 0.994783 63.457350 0.023606 0.999281 -0.022734 -4.754675 -0.994813 0.021281 -0.097540 111.051817
-0.097321 0.022700 0.994805 64.210007 0.021443 0.999374 -0.020707 -4.780389 -0.994831 0.019320 -0.097762 110.986536
-0.097062 0.017772 0.994931 64.963588 0.021792 0.999458 -0.015727 -4.806453 -0.994849 0.020159 -0.097411 110.917240
-0.096991 0.015738 0.994973 65.707738 0.023943 0.999441 -0.013475 -4.832752 -0.994807 0.022520 -0.097329 110.844088
-0.097683 0.015366 0.994907 66.453003 0.024085 0.999440 -0.013071 -4.858149 -0.994732 0.022690 -0.098014 110.773354
-0.099344 0.016279 0.994724 67.196550 0.022528 0.999458 -0.014107 -4.882941 -0.994601 0.021012 -0.099673 110.705317
-0.101357 0.016934 0.994510 67.936185 0.021840 0.999463 -0.014792 -4.906596 -0.994412 0.020225 -0.101689 110.635063
-0.103255 0.017121 0.994310 68.676915 0.023059 0.999434 -0.014815 -4.930767 -0.994188 0.021402 -0.103609 110.559376
-0.105078 0.017254 0.994115 69.419743 0.023446 0.999422 -0.014867 -4.954127 -0.993986 0.021751 -0.105439 110.482570
-0.106985 0.016954 0.993914 70.167580 0.023227 0.999430 -0.014548 -4.977823 -0.993786 0.021534 -0.107336 110.405530
-0.108591 0.017324 0.993731 70.921322 0.021041 0.999467 -0.015124 -5.001332 -0.993658 0.019271 -0.108916 110.332513
-0.109630 0.018861 0.993587 71.678153 0.021292 0.999437 -0.016623 -5.026335 -0.993537 0.019337 -0.109989 110.252817
-0.110408 0.019272 0.993495 72.444658 0.020140 0.999454 -0.017150 -5.049764 -0.993477 0.018119 -0.110755 110.175019
-0.111636 0.019671 0.993347 73.213718 0.019983 0.999447 -0.017546 -5.072276 -0.993340 0.017895 -0.111987 110.094804
-0.112603 0.017986 0.993262 73.987131 0.020529 0.999458 -0.015771 -5.096251 -0.993214 0.018619 -0.112931 110.010356
-0.113591 0.015730 0.993196 74.768331 0.018095 0.999544 -0.013761 -5.118843 -0.993157 0.016413 -0.113844 109.927736
-0.115318 0.013701 0.993031 75.556640 0.015081 0.999620 -0.012041 -5.140409 -0.993013 0.013590 -0.115500 109.845306
-0.117239 0.013148 0.992816 76.345137 0.016468 0.999608 -0.011294 -5.162732 -0.992768 0.015028 -0.117429 109.753612
-0.118876 0.013809 0.992614 77.140357 0.017568 0.999586 -0.011802 -5.184599 -0.992557 0.016039 -0.119088 109.658826
-0.120956 0.015193 0.992346 77.942097 0.016987 0.999581 -0.013233 -5.204812 -0.992319 0.015259 -0.121183 109.565413
-0.122348 0.018702 0.992114 78.750048 0.018550 0.999503 -0.016554 -5.229380 -0.992119 0.016382 -0.122654 109.468073
-0.122604 0.022658 0.991997 79.558647 0.020492 0.999393 -0.020294 -5.255110 -0.992046 0.017844 -0.123014 109.367631
-0.123545 0.026720 0.991781 80.373561 0.021669 0.999282 -0.024223 -5.281653 -0.991907 0.018502 -0.124056 109.266608
-0.123137 0.027775 0.991804 81.193626 0.023806 0.999216 -0.025027 -5.311621 -0.991910 0.020533 -0.123721 109.166270
-0.122630 0.027161 0.991873 82.024461 0.027547 0.999135 -0.023954 -5.343102 -0.991865 0.024391 -0.123293 109.061748
-0.122490 0.025260 0.991940 82.867984 0.028014 0.999167 -0.021984 -5.374280 -0.991869 0.025101 -0.123117 108.960929
-0.121692 0.023643 0.992078 83.710049 0.027339 0.999217 -0.020460 -5.404104 -0.991985 0.024638 -0.122264 108.864862
-0.119825 0.021251 0.992358 84.556592 0.026317 0.999287 -0.018222 -5.433421 -0.992239 0.023938 -0.120319 108.768049
-0.117957 0.018057 0.992652 85.409616 0.026960 0.999331 -0.014974 -5.461056 -0.992452 0.025001 -0.118385 108.669498
-0.116359 0.014613 0.992887 86.267676 0.027325 0.999357 -0.011506 -5.487914 -0.992621 0.025797 -0.116704 108.574709
-0.114612 0.014426 0.993095 87.121896 0.025595 0.999404 -0.011564 -5.515771 -0.992872 0.024098 -0.114933 108.482933
-0.113063 0.018663 0.993201 87.976054 0.026729 0.999316 -0.015736 -5.544595 -0.993019 0.024773 -0.113505 108.390548
-0.111218 0.024936 0.993271 88.834905 0.027331 0.999180 -0.022024 -5.572720 -0.993210 0.024703 -0.111828 108.300759
-0.109665 0.028551 0.993345 89.690658 0.025288 0.999139 -0.025925 -5.601177 -0.993435 0.022281 -0.110312 108.213526
-0.107961 0.026004 0.993599 90.550936 0.024090 0.999225 -0.023534 -5.634490 -0.993649 0.021400 -0.108523 108.125330
-0.107029 0.023406 0.993761 91.417197 0.024329 0.999277 -0.020915 -5.668909 -0.993740 0.021944 -0.107540 108.038657
-0.106247 0.021839 0.993876 92.284566 0.025431 0.999278 -0.019239 -5.700405 -0.993792 0.023236 -0.106745 107.948286
-0.105434 0.021481 0.993970 93.152021 0.024746 0.999300 -0.018971 -5.732091 -0.993895 0.022601 -0.105911 107.862461
-0.104907 0.021503 0.994024 94.017019 0.023957 0.999316 -0.019089 -5.764173 -0.993969 0.021816 -0.105370 107.777598
-0.104030 0.019642 0.994153 94.884587 0.026576 0.999287 -0.016962 -5.794099 -0.993994 0.024661 -0.104497 107.686842
-0.102605 0.018913 0.994317 95.750823 0.029187 0.999232 -0.015994 -5.825293 -0.994070 0.027387 -0.103098 107.593923
-0.101853 0.020081 0.994373 96.617644 0.031118 0.999159 -0.016990 -5.857052 -0.994091 0.029219 -0.102411 107.506537
-0.100753 0.022275 0.994440 97.479711 0.031900 0.999096 -0.019147 -5.887285 -0.994179 0.029800 -0.101391 107.419022
-0.099649 0.023887 0.994510 98.342685 0.029148 0.999138 -0.021078 -5.916917 -0.994371 0.026894 -0.100277 107.337306
-0.099102 0.019655 0.994654 99.208191 0.024128 0.999341 -0.017344 -5.948086 -0.994558 0.022285 -0.099530 107.261123
-0.099086 0.017729 0.994691 100.067318 0.019494 0.999465 -0.015872 -5.980891 -0.994660 0.017822 -0.099397 107.185764
-0.099939 0.018153 0.994598 100.916448 0.016304 0.999510 -0.016605 -6.013200 -0.994631 0.014560 -0.100205 107.107884
-0.101077 0.022836 0.994386 101.758030 0.013415 0.999458 -0.021589 -6.045160 -0.994560 0.011160 -0.101348 107.029859
-0.101700 0.025380 0.994262 102.594386 0.012742 0.999408 -0.024208 -6.076987 -0.994506 0.010210 -0.101983 106.949317
-0.101906 0.025769 0.994230 103.431972 0.013492 0.999391 -0.024520 -6.111872 -0.994475 0.010918 -0.102211 106.864460
-0.102178 0.025070 0.994220 104.265237 0.014884 0.999391 -0.023670 -6.149754 -0.994427 0.012382 -0.102508 106.779963
-0.102553 0.025729 0.994165 105.088641 0.016218 0.999358 -0.024190 -6.186375 -0.994368 0.013646 -0.102924 106.696353
-0.102882 0.028902 0.994037 105.905794 0.017679 0.999249 -0.027224 -6.223839 -0.994302 0.014776 -0.103336 106.613143
-0.103369 0.030210 0.993945 106.721191 0.017278 0.999216 -0.028573 -6.261845 -0.994256 0.014224 -0.103830 106.532054
-0.104538 0.030614 0.993820 107.533574 0.015624 0.999236 -0.029137 -6.298379 -0.994170 0.012484 -0.104956 106.453248
-0.106652 0.029509 0.993625 108.343593 0.014024 0.999284 -0.028171 -6.336115 -0.993966 0.010933 -0.107010 106.372185
-0.109749 0.030656 0.993254 109.144177 0.013962 0.999253 -0.029298 -6.375990 -0.993631 0.010655 -0.110116 106.288867
-0.112958 0.033431 0.992808 109.941237 0.013669 0.999175 -0.032090 -6.412812 -0.993279 0.009949 -0.113343 106.204473
-0.116366 0.034816 0.992368 110.732553 0.012008 0.999146 -0.033646 -6.450402 -0.992908 0.008003 -0.116707 106.120582
-0.119564 0.034864 0.991987 111.518104 0.012436 0.999143 -0.033617 -6.490252 -0.992524 0.008319 -0.119917 106.030552
-0.122317 0.033500 0.991691 112.302113 0.013752 0.999169 -0.032056 -6.530278 -0.992163 0.009719 -0.122700 105.935352
-0.124793 0.034419 0.991349 113.080276 0.015301 0.999122 -0.032763 -6.569563 -0.991830 0.011082 -0.125235 105.838007
-0.126675 0.038813 0.990941 113.850945 0.010699 0.998997 -0.037761 -6.612604 -0.991645 0.005820 -0.126989 105.749728
-0.128335 0.045786 0.990431 114.618891 0.008435 0.998717 -0.045076 -6.658079 -0.991454 0.002571 -0.128583 105.658613
-0.130759 0.048802 0.989975 115.389692 0.012854 0.998561 -0.047528 -6.697925 -0.991095 0.006512 -0.131224 105.553418
-0.133455 0.047120 0.989699 116.160502 0.014951 0.998627 -0.045529 -6.739463 -0.990708 0.008724 -0.134003 105.448304
-0.136720 0.039288 0.989596 116.935660 0.013301 0.998972 -0.037822 -6.787812 -0.990287 0.007994 -0.137129 105.347649
-0.138895 0.037092 0.989377 117.708193 0.012266 0.999062 -0.035733 -6.835148 -0.989997 0.007175 -0.139248 105.245078
-0.140472 0.040020 0.989040 118.471105 0.011950 0.998954 -0.038724 -6.877150 -0.989778 0.006381 -0.140832 105.137520
-0.143075 0.043556 0.988516 119.227301 0.009430 0.998819 -0.042645 -6.918097 -0.989431 0.003221 -0.143347 105.033276
-0.145372 0.046093 0.988064 119.977494 0.009016 0.998707 -0.045263 -6.963241 -0.989098 0.002330 -0.145630 104.925185
-0.147202 0.050225 0.987590 120.719000 0.012778 0.998494 -0.048875 -7.013749 -0.988785 0.005426 -0.147653 104.811869
-0.149214 0.054817 0.987040 121.463107 0.013100 0.998251 -0.053460 -7.060711 -0.988475 0.004955 -0.149703 104.704110
-0.152261 0.057179 0.986442 122.210865 0.012327 0.998125 -0.055954 -7.106693 -0.988022 0.003642 -0.152713 104.598636
-0.154407 0.054721 0.986250 122.959446 0.013331 0.998260 -0.053300 -7.157372 -0.987678 0.004920 -0.154900 104.485568
-0.158364 0.051187 0.985812 123.699807 0.017398 0.998416 -0.049047 -7.208373 -0.986988 0.009386 -0.159037 104.363666
-0.164029 0.049756 0.984959 124.435174 0.019671 0.998464 -0.047163 -7.256279 -0.986020 0.011642 -0.164790 104.241460
-0.170274 0.048513 0.983961 125.169251 0.018322 0.998542 -0.046061 -7.303238 -0.984988 0.010188 -0.170951 104.118233
-0.178830 0.048854 0.982426 125.901208 0.017290 0.998540 -0.046508 -7.350220 -0.983489 0.008672 -0.179451 103.990247
-0.189469 0.049345 0.980406 126.630003 0.016471 0.998529 -0.047074 -7.396636 -0.981511 0.007232 -0.190044 103.852313
-0.201380 0.050232 0.977987 127.349247 0.016816 0.998492 -0.047822 -7.443319 -0.979126 0.006817 -0.201964 103.702891
-0.213853 0.051065 0.975286 128.063925 0.017697 0.998443 -0.048397 -7.488789 -0.976456 0.006912 -0.214471 103.544604
-0.225534 0.051082 0.972643 128.772675 0.020588 0.998416 -0.047662 -7.534815 -0.973760 0.009278 -0.226280 103.373473
-0.236512 0.051058 0.970026 129.476273 0.023957 0.998378 -0.046709 -7.581520 -0.971068 0.012195 -0.237407 103.193480
-0.246540 0.051042 0.967528 130.177720 0.028059 0.998328 -0.045517 -7.626623 -0.968461 0.015930 -0.247617 103.006157
-0.255215 0.051674 0.965233 130.878108 0.033891 0.998183 -0.044477 -7.670731 -0.966013 0.021367 -0.256566 102.810841
-0.262838 0.051631 0.963187 131.575546 0.038949 0.998068 -0.042872 -7.715578 -0.963776 0.026254 -0.264407 102.612351
-0.269207 0.051801 0.961422 132.268835 0.039157 0.998066 -0.042811 -7.759945 -0.962012 0.026128 -0.270780 102.417532
-0.273958 0.049778 0.960200 132.959455 0.042788 0.998066 -0.039533 -7.800198 -0.960531 0.030262 -0.275621 102.217557
-0.275861 0.047132 0.959781 133.648129 0.048852 0.997951 -0.034965 -7.837359 -0.959690 0.037251 -0.277663 102.009467
-0.276783 0.045755 0.959579 134.328981 0.055187 0.997728 -0.031656 -7.874782 -0.959077 0.044206 -0.278745 101.802373
-0.277444 0.044224 0.959459 135.006896 0.057422 0.997671 -0.029381 -7.913056 -0.958755 0.046954 -0.279404 101.601110
-0.276941 0.049792 0.959332 135.672837 0.059884 0.997364 -0.034479 -7.947542 -0.958750 0.047912 -0.279259 101.404611
-0.275338 0.053164 0.959613 136.338969 0.059673 0.997244 -0.038127 -7.981315 -0.959224 0.046777 -0.277818 101.211945
-0.274283 0.053240 0.959908 137.002920 0.061677 0.997136 -0.037681 -8.014433 -0.959397 0.048881 -0.276848 101.019044
-0.272520 0.051655 0.960488 137.660879 0.062799 0.997127 -0.035808 -8.049183 -0.959818 0.050573 -0.275049 100.831753
-0.270492 0.048944 0.961202 138.318448 0.064601 0.997121 -0.032594 -8.089123 -0.960271 0.053293 -0.272943 100.643649
-0.269026 0.049541 0.961583 138.968777 0.065257 0.997061 -0.033112 -8.125612 -0.960638 0.053856 -0.271535 100.462894
-0.266319 0.052044 0.962216 139.610471 0.066418 0.996912 -0.035538 -8.158145 -0.961325 0.054457 -0.269017 100.283709
-0.261952 0.053723 0.963324 140.248650 0.067986 0.996752 -0.037100 -8.192897 -0.962417 0.055788 -0.264816 100.110206
-0.256342 0.052853 0.964870 140.885842 0.069074 0.996701 -0.036245 -8.227573 -0.963841 0.057371 -0.259209 99.939944
-0.250768 0.051118 0.966424 141.519880 0.070543 0.996660 -0.034413 -8.264524 -0.965196 0.059560 -0.253598 99.776182
-0.245820 0.049179 0.967795 142.148928 0.070267 0.996734 -0.032802 -8.300449 -0.966488 0.059956 -0.248534 99.616216
-0.241689 0.048303 0.968877 142.772659 0.070109 0.996763 -0.032204 -8.335945 -0.967539 0.060159 -0.244354 99.463119
-0.237675 0.046895 0.969936 143.391411 0.070928 0.996747 -0.030811 -8.367714 -0.968471 0.061489 -0.240287 99.312669
-0.233598 0.045390 0.970996 144.006600 0.074184 0.996570 -0.028739 -8.397242 -0.969217 0.065336 -0.236223 99.161098
-0.229693 0.043752 0.971993 144.616510 0.076237 0.996459 -0.026838 -8.425699 -0.969983 0.067955 -0.232275 99.013625
-0.226351 0.042332 0.972837 145.221080 0.074294 0.996624 -0.026081 -8.458735 -0.970917 0.066391 -0.228791 98.876937
-0.222627 0.043196 0.973655 145.817671 0.071400 0.996784 -0.027897 -8.491790 -0.971991 0.063325 -0.225054 98.748471
-0.217770 0.046681 0.974595 146.410783 0.072571 0.996593 -0.031519 -8.521554 -0.973006 0.063881 -0.220473 98.617508
-0.212038 0.049974 0.975697 146.998817 0.074337 0.996353 -0.034877 -8.549730 -0.974141 0.065153 -0.215034 98.489828
-0.205158 0.050964 0.977115 147.584272 0.073507 0.996355 -0.036534 -8.579081 -0.975676 0.064347 -0.208210 98.370679
-0.196590 0.049360 0.978957 148.168634 0.070275 0.996602 -0.036137 -8.612188 -0.977676 0.061709 -0.199442 98.264125
-0.185653 0.047418 0.981183 148.751419 0.069485 0.996695 -0.035020 -8.644968 -0.979866 0.061693 -0.188383 98.162128
-0.173091 0.046126 0.983537 149.331221 0.070452 0.996648 -0.034343 -8.676590 -0.982092 0.063365 -0.175806 98.065104
-0.159465 0.044827 0.985898 149.908142 0.070154 0.996682 -0.033971 -8.708863 -0.984418 0.063765 -0.162123 97.978653
-0.143825 0.044174 0.988325 150.480632 0.069200 0.996727 -0.034480 -8.741656 -0.986886 0.063451 -0.146449 97.907092
