1.000000 0.000000 0.000000 0.000000 0.000000 1.000000 0.000000 0.000000 0.000000 0.000000 1.000000 0.000000
0.999978 0.000477 -0.006559 -0.007639 -0.000475 1.000000 0.000313 -0.001060 0.006559 -0.000310 0.999978 0.092639
0.999906 0.001036 -0.013655 -0.016993 -0.001033 0.999999 0.000241 -0.002136 0.013655 -0.000227 0.999907 0.187987
0.999773 0.001326 -0.021243 -0.028241 -0.001337 0.999999 -0.000487 -0.002651 0.021242 0.000516 0.999774 0.286615
0.999533 0.001883 -0.030486 -0.042938 -0.001941 0.999997 -0.001873 -0.003165 0.030482 0.001932 0.999534 0.391101
0.999119 0.002036 -0.041914 -0.061455 -0.002181 0.999992 -0.003434 -0.003801 0.041906 0.003522 0.999115 0.504790
0.998455 0.001862 -0.055500 -0.083931 -0.002105 0.999989 -0.004319 -0.004664 0.055491 0.004429 0.998449 0.630064
0.997421 0.001858 -0.071722 -0.112453 -0.002173 0.999988 -0.004313 -0.005340 0.071713 0.004458 0.997415 0.767936
0.995916 0.000340 -0.090263 -0.145604 -0.000736 0.999990 -0.004355 -0.006838 0.090261 0.004404 0.995908 0.918018
0.993901 -0.000849 -0.110263 -0.182565 0.000348 0.999989 -0.004560 -0.009041 0.110266 0.004494 0.993892 1.076798
0.991178 -0.000940 -0.132522 -0.229700 0.000292 0.999988 -0.004905 -0.013040 0.132525 0.004823 0.991168 1.242546
0.987666 0.002656 -0.156546 -0.289429 -0.003686 0.999974 -0.006293 -0.018078 0.156526 0.006792 0.987651 1.411435
0.983309 0.006949 -0.181811 -0.358946 -0.008505 0.999934 -0.007781 -0.024052 0.181745 0.009197 0.983303 1.585862
0.977939 0.009780 -0.208660 -0.435338 -0.011853 0.999893 -0.008685 -0.030345 0.208553 0.010966 0.977951 1.765956
0.971161 0.010496 -0.238182 -0.512545 -0.012987 0.999874 -0.008892 -0.033853 0.238059 0.011729 0.971178 1.952852
0.963052 0.012376 -0.269018 -0.599673 -0.015195 0.999847 -0.008397 -0.036710 0.268874 0.012174 0.963096 2.141434
0.953529 0.014122 -0.300948 -0.696602 -0.017143 0.999820 -0.007399 -0.039241 0.300791 0.012215 0.953606 2.331931
0.942117 0.016163 -0.334854 -0.794820 -0.019419 0.999779 -0.006378 -0.040551 0.334681 0.012512 0.942236 2.517082
0.929444 0.018399 -0.368472 -0.904669 -0.022187 0.999724 -0.006045 -0.041836 0.368264 0.013794 0.929607 2.704474
0.915354 0.021093 -0.402069 -1.019868 -0.025397 0.999652 -0.005376 -0.042713 0.401821 0.015132 0.915582 2.886596
0.899072 0.021646 -0.437241 -1.140033 -0.026368 0.999631 -0.004731 -0.042564 0.436982 0.015783 0.899321 3.067874
0.880350 0.017218 -0.473993 -1.263374 -0.022470 0.999724 -0.005418 -0.044085 0.473773 0.015421 0.880502 3.249134
0.858980 0.012559 -0.511839 -1.396005 -0.018027 0.999813 -0.005721 -0.049524 0.511676 0.014142 0.859054 3.423554
0.833581 0.014126 -0.552200 -1.554867 -0.018611 0.999815 -0.002517 -0.054228 0.552067 0.012375 0.833698 3.604475
0.804166 0.019897 -0.594053 -1.736408 -0.023658 0.999709 0.001459 -0.060613 0.593916 0.012881 0.804412 3.776277
0.771252 0.022847 -0.636102 -1.932115 -0.026822 0.999624 0.003382 -0.064110 0.635948 0.014454 0.771584 3.944445
0.734818 0.022048 -0.677888 -2.140701 -0.026228 0.999636 0.004083 -0.064779 0.677740 0.014780 0.735138 4.115367
0.694602 0.017660 -0.719158 -2.364636 -0.020140 0.999772 0.005099 -0.063143 0.719094 0.010942 0.694809 4.290967
0.651188 0.013932 -0.758773 -2.603042 -0.014784 0.999864 0.005671 -0.061905 0.758758 0.007524 0.651313 4.457911
0.605946 0.013232 -0.795382 -2.866185 -0.011961 0.999890 0.007522 -0.060322 0.795403 0.004956 0.606045 4.611606
0.557464 0.013642 -0.830078 -3.150836 -0.009697 0.999896 0.009920 -0.054669 0.830134 0.002520 0.557544 4.756568
0.505697 0.014177 -0.862568 -3.450410 -0.008130 0.999877 0.011668 -0.050537 0.862647 0.001112 0.505762 4.887277
0.452550 0.015530 -0.891574 -3.771918 -0.007387 0.999854 0.013666 -0.044522 0.891679 0.000401 0.452611 5.000961
0.397400 0.017560 -0.917446 -4.111323 -0.006255 0.999818 0.016428 -0.039438 0.917594 -0.000790 0.397449 5.102621
0.341585 0.019455 -0.939612 -4.468928 -0.005784 0.999777 0.018599 -0.034350 0.939797 -0.000919 0.341634 5.187478
0.285991 0.022528 -0.957925 -4.841084 -0.003503 0.999703 0.022464 -0.032743 0.958184 -0.003069 0.285997 5.256382
0.231841 0.024400 -0.972400 -5.230548 0.000850 0.999636 0.025287 -0.030843 0.972707 -0.006690 0.231747 5.313970
0.180598 0.024802 -0.983196 -5.630089 0.003402 0.999615 0.025841 -0.027717 0.983504 -0.008012 0.180453 5.349521
0.133024 0.025842 -0.990727 -6.047209 0.001217 0.999609 0.026237 -0.022752 0.991064 -0.004696 0.132947 5.360970
0.090397 0.026091 -0.995516 -6.481682 -0.000820 0.999613 0.026124 -0.013396 0.995858 -0.001545 0.090389 5.360796
0.052414 0.024602 -0.998275 -6.930253 -0.002192 0.999652 0.024521 -0.004111 0.998576 0.000903 0.052453 5.350355
0.017845 0.021918 -0.999553 -7.392963 -0.001275 0.999714 0.021899 0.002732 0.999793 0.000884 0.017869 5.331899
-0.013571 0.019251 -0.999675 -7.869708 -0.000805 0.999769 0.019263 0.006905 0.999861 0.001066 -0.013552 5.300712
-0.040205 0.017387 -0.998991 -8.361303 -0.001411 0.999801 0.017458 0.011229 0.999143 0.002112 -0.040174 5.257904
-0.061023 0.015006 -0.997973 -8.868787 -0.001885 0.999836 0.015149 0.018974 0.998086 0.002806 -0.060987 5.206994
-0.077360 0.014176 -0.996853 -9.395719 -0.001501 0.999850 0.014335 0.027903 0.996954 0.002605 -0.077330 5.151081
-0.090452 0.014638 -0.995743 -9.942739 -0.000736 0.999843 0.014765 0.033819 0.995851 0.002068 -0.090431 5.089146
-0.100082 0.015803 -0.994795 -10.496248 -0.001812 0.999815 0.016065 0.034042 0.994921 0.003411 -0.100039 5.022674
-0.106885 0.017178 -0.994059 -11.070745 -0.003712 0.999777 0.017676 0.034144 0.994203 0.005579 -0.106803 4.949478
-0.111351 0.018148 -0.993551 -11.660037 -0.003542 0.999759 0.018659 0.041180 0.993712 0.005597 -0.111266 4.875769
-0.112981 0.018810 -0.993355 -12.268025 -0.001332 0.999757 0.019083 0.050475 0.993533 0.003480 -0.112935 4.807800
-0.111998 0.020968 -0.993423 -12.889974 0.000621 0.999718 0.021031 0.059085 0.993645 0.001738 -0.111985 4.735326
-0.110631 0.023420 -0.993521 -13.527904 -0.000087 0.999662 0.023575 0.063928 0.993799 0.002694 -0.110598 4.661847
-0.108951 0.023343 -0.993709 -14.178483 -0.002356 0.999655 0.023741 0.069682 0.993981 0.004928 -0.108864 4.584032
-0.107577 0.020684 -0.993920 -14.843808 -0.004096 0.999708 0.021247 0.078896 0.994128 0.006357 -0.107467 4.509078
-0.106292 0.020561 -0.994064 -15.525527 -0.004371 0.999712 0.021145 0.090675 0.994268 0.006593 -0.106177 4.434365
-0.104645 0.023251 -0.994179 -16.230632 -0.004234 0.999653 0.023824 0.102671 0.994443 0.006703 -0.104516 4.358739
-0.102851 0.026711 -0.994280 -16.948351 -0.005248 0.999557 0.027396 0.113581 0.994626 0.008036 -0.102670 4.280856
-0.101109 0.028765 -0.994402 -17.682174 -0.005625 0.999496 0.029484 0.122361 0.994803 0.008575 -0.100901 4.201593
-0.099366 0.028097 -0.994595 -18.424590 -0.007385 0.999498 0.028974 0.135357 0.994965 0.010225 -0.099114 4.121954
-0.097648 0.024963 -0.994847 -19.182154 -0.009811 0.999556 0.026044 0.150237 0.995112 0.012305 -0.097365 4.038954
-0.096170 0.024332 -0.995005 -19.951484 -0.010605 0.999561 0.025469 0.164103 0.995247 0.013002 -0.095875 3.958427
-0.094717 0.026682 -0.995083 -20.735360 -0.007933 0.999530 0.027557 0.177693 0.995410 0.010505 -0.094466 3.883581
-0.093667 0.028846 -0.995121 -21.528824 -0.005763 0.999488 0.029515 0.188954 0.995524 0.008500 -0.093458 3.808314
-0.092488 0.030667 -0.995174 -22.330107 -0.004760 0.999438 0.031240 0.199690 0.995637 0.007627 -0.092295 3.730704
-0.091885 0.026024 -0.995361 -23.131958 -0.004581 0.999573 0.026557 0.209571 0.995692 0.007000 -0.091732 3.652229
-0.091727 0.019095 -0.995534 -23.939649 -0.002979 0.999744 0.019450 0.216860 0.995714 0.004750 -0.091652 3.575994
-0.091871 0.014587 -0.995600 -24.757456 -0.000017 0.999834 0.014651 0.227025 0.995709 0.001363 -0.091860 3.501246
-0.092527 0.015381 -0.995527 -25.589770 0.001127 0.999822 0.015343 0.234736 0.995647 0.000298 -0.092533 3.422935
-0.092604 0.022804 -0.995377 -26.429426 0.000695 0.999679 0.022837 0.238875 0.995640 0.001423 -0.092595 3.338729
-0.092918 0.029864 -0.995160 -27.269839 -0.000727 0.999487 0.030062 0.248825 0.995609 0.003517 -0.092854 3.253337
-0.093449 0.035116 -0.994938 -28.115063 -0.002692 0.999304 0.035523 0.260124 0.995555 0.005998 -0.093295 3.168471
-0.093917 0.035370 -0.994883 -28.956866 -0.004303 0.999281 0.035932 0.272847 0.995504 0.007656 -0.093703 3.082562
-0.094312 0.031934 -0.994960 -29.792671 -0.004371 0.999397 0.032491 0.285436 0.995464 0.007414 -0.094121 2.997557
-0.094860 0.029160 -0.994989 -30.630129 -0.004521 0.999479 0.029722 0.300549 0.995408 0.007318 -0.094685 2.914865
-0.095141 0.030302 -0.994927 -31.470950 -0.005966 0.999431 0.031010 0.314811 0.995372 0.008887 -0.094913 2.829672
-0.095061 0.032731 -0.994858 -32.310943 -0.006713 0.999345 0.033520 0.324463 0.995375 0.009866 -0.094785 2.742867
-0.095020 0.031085 -0.994914 -33.149395 -0.007484 0.999391 0.031939 0.334130 0.995373 0.010481 -0.094735 2.655843
-0.094643 0.025831 -0.995101 -33.984199 -0.008330 0.999536 0.026738 0.345936 0.995403 0.010820 -0.094390 2.567820
-0.094463 0.021664 -0.995218 -34.815235 -0.009698 0.999625 0.022681 0.356490 0.995408 0.011795 -0.094223 2.480458
-0.094080 0.022390 -0.995237 -35.655461 -0.009177 0.999613 0.023356 0.365255 0.995448 0.011332 -0.093845 2.395943
-0.093518 0.024873 -0.995230 -36.492875 -0.008155 0.999562 0.025747 0.370690 0.995509 0.010524 -0.093280 2.312165
-0.093103 0.029751 -0.995134 -37.331260 -0.007964 0.999426 0.030624 0.380847 0.995548 0.010777 -0.092819 2.227449
-0.092612 0.035267 -0.994996 -38.175274 -0.007042 0.999247 0.036073 0.395895 0.995597 0.010349 -0.092301 2.145112
-0.092878 0.038402 -0.994856 -39.015211 -0.007266 0.999126 0.039245 0.409314 0.995571 0.010874 -0.092525 2.062081
-0.092627 0.038256 -0.994888 -39.849583 -0.006968 0.999138 0.039068 0.426201 0.995599 0.010552 -0.092287 1.979244
-0.092577 0.033723 -0.995051 -40.673885 -0.006795 0.999303 0.034500 0.444624 0.995599 0.009956 -0.092290 1.898498
-0.092269 0.029324 -0.995219 -41.502130 -0.007842 0.999436 0.030175 0.458080 0.995620 0.010590 -0.091994 1.815108
-0.092179 0.026421 -0.995308 -42.329922 -0.011746 0.999470 0.027620 0.470154 0.995588 0.014238 -0.091827 1.727527
-0.092763 0.024537 -0.995300 -43.162399 -0.014959 0.999468 0.026034 0.481412 0.995489 0.017305 -0.092354 1.638505
-0.093519 0.022604 -0.995272 -43.990514 -0.012712 0.999550 0.023896 0.486735 0.995447 0.014888 -0.093197 1.556910
-0.094781 0.018960 -0.995225 -44.813235 -0.009211 0.999672 0.019921 0.492258 0.995362 0.011056 -0.094583 1.478763
-0.095658 0.017408 -0.995169 -45.637335 -0.004852 0.999739 0.017954 0.500129 0.995308 0.006547 -0.095557 1.400024
-0.097643 0.020808 -0.994912 -46.462981 -0.004429 0.999675 0.021342 0.505424 0.995118 0.006491 -0.097528 1.315459
-0.099397 0.027109 -0.994588 -47.282337 -0.001998 0.999536 0.027443 0.508462 0.994954 0.004715 -0.099304 1.230884
-0.101389 0.030880 -0.994275 -48.102815 -0.000102 0.999431 0.031050 0.515218 0.994753 0.003250 -0.101337 1.146723
-0.103060 0.029879 -0.994134 -48.913253 -0.000095 0.999461 0.030049 0.523807 0.994581 0.003191 -0.103010 1.060713
-0.104061 0.025935 -0.994140 -49.713452 -0.003477 0.999556 0.026440 0.529111 0.994471 0.006208 -0.103933 0.964493
-0.105386 0.022128 -0.994090 -50.511968 -0.008180 0.999609 0.023118 0.537295 0.994301 0.010568 -0.105173 0.866799
-0.106792 0.020471 -0.993975 -51.307429 -0.012363 0.999593 0.021915 0.544114 0.994107 0.014630 -0.106505 0.768328
-0.107875 0.021578 -0.993834 -52.100598 -0.013909 0.999543 0.023212 0.546686 0.993970 0.016329 -0.107535 0.672568
-0.108955 0.023118 -0.993681 -52.891616 -0.013749 0.999508 0.024761 0.550538 0.993854 0.016361 -0.108593 0.580352
-0.109950 0.022555 -0.993584 -53.676393 -0.015607 0.999488 0.024416 0.555246 0.993716 0.018193 -0.109551 0.484914
-0.110526 0.022407 -0.993523 -54.453069 -0.016271 0.999479 0.024352 0.559293 0.993641 0.018858 -0.110114 0.390606
-0.111217 0.024248 -0.993404 -55.232658 -0.014555 0.999464 0.026026 0.564770 0.993592 0.017355 -0.110814 0.300542
-0.111613 0.027153 -0.993287 -56.007482 -0.013582 0.999403 0.028847 0.572112 0.993564 0.016712 -0.111187 0.210571
-0.111741 0.031315 -0.993155 -56.776729 -0.013955 0.999272 0.033078 0.579473 0.993547 0.017557 -0.111232 0.116516
-0.112454 0.033444 -0.993004 -57.537964 -0.013888 0.999199 0.035225 0.587571 0.993467 0.017754 -0.111909 0.026099
-0.113320 0.033402 -0.992907 -58.293944 -0.013581 0.999205 0.035163 0.597301 0.993372 0.017471 -0.112786 -0.062838
-0.113690 0.031397 -0.992927 -59.041075 -0.012655 0.999285 0.033047 0.607484 0.993339 0.016324 -0.113221 -0.152112
-0.114083 0.027846 -0.992986 -59.776559 -0.012312 0.999401 0.029440 0.614540 0.993296 0.015586 -0.113682 -0.241035
-0.113899 0.025007 -0.993080 -60.499243 -0.012611 0.999473 0.026615 0.620818 0.993311 0.015557 -0.113534 -0.329436
-0.112936 0.022566 -0.993249 -61.211843 -0.013146 0.999528 0.024203 0.627190 0.993414 0.015792 -0.112596 -0.413855
-0.110628 0.021746 -0.993527 -61.912296 -0.015370 0.999511 0.023588 0.630834 0.993642 0.017882 -0.110250 -0.500381
-0.106818 0.022601 -0.993930 -62.596860 -0.015607 0.999494 0.024405 0.633712 0.994061 0.018120 -0.106421 -0.575570
-0.100982 0.024165 -0.994505 -63.264534 -0.014868 0.999471 0.025795 0.636551 0.994683 0.017393 -0.100578 -0.644346
-0.093953 0.025685 -0.995154 -63.918468 -0.014055 0.999446 0.027123 0.639285 0.995382 0.016537 -0.093548 -0.704556
-0.085222 0.027043 -0.995902 -64.557979 -0.015073 0.999394 0.028427 0.641936 0.996151 0.017435 -0.084770 -0.761977
-0.073412 0.028693 -0.996790 -65.181362 -0.017294 0.999304 0.030039 0.645009 0.997048 0.019446 -0.072872 -0.811023
-0.058606 0.030112 -0.997725 -65.789155 -0.020374 0.999203 0.031353 0.651521 0.997967 0.022168 -0.057951 -0.847774
-0.040244 0.031255 -0.998601 -66.384716 -0.021952 0.999145 0.032157 0.658487 0.998844 0.023218 -0.039528 -0.868627
-0.018096 0.032109 -0.999227 -66.955640 -0.022910 0.999118 0.032521 0.663063 0.999476 0.023483 -0.017347 -0.872127
0.007394 0.032488 -0.999351 -67.506325 -0.022300 0.999138 0.032316 0.666877 0.999626 0.022048 0.008113 -0.854828
0.036595 0.032060 -0.998721 -68.030381 -0.020835 0.999201 0.031312 0.671878 0.999016 0.019665 0.037237 -0.814253
0.070710 0.032004 -0.996886 -68.538154 -0.019565 0.999246 0.030692 0.677319 0.997206 0.017336 0.071288 -0.756126
0.108399 0.032339 -0.993485 -69.020343 -0.018867 0.999268 0.030469 0.681155 0.993830 0.015443 0.108939 -0.679567
0.149115 0.032099 -0.988204 -69.486481 -0.018579 0.999299 0.029656 0.683264 0.988549 0.013939 0.149619 -0.580995
0.194490 0.033056 -0.980251 -69.949852 -0.017405 0.999302 0.030245 0.686648 0.980652 0.011180 0.194945 -0.461561
0.242994 0.031858 -0.969406 -70.388855 -0.014127 0.999381 0.029302 0.686595 0.969824 0.006575 0.243314 -0.319900
0.293151 0.027219 -0.955578 -70.802017 -0.006350 0.999537 0.026523 0.683683 0.955942 -0.001708 0.293213 -0.149128
0.345002 0.022018 -0.938241 -71.214065 -0.001051 0.999643 0.023072 0.684516 0.938497 -0.006974 0.344931 0.041035
0.397809 0.017298 -0.917201 -71.610844 0.004225 0.999687 0.020686 0.689478 0.917352 -0.012106 0.397645 0.251726
0.449451 0.016818 -0.893039 -71.997027 0.004101 0.999683 0.020891 0.696019 0.893186 -0.013053 0.449278 0.481431
0.498438 0.015640 -0.866675 -72.378746 0.005750 0.999667 0.021347 0.701494 0.866795 -0.015625 0.498225 0.731827
0.544006 0.011455 -0.838893 -72.735260 0.013624 0.999568 0.022484 0.704885 0.838859 -0.023663 0.543660 1.012642
0.588176 0.005081 -0.808605 -73.062914 0.024262 0.999335 0.023928 0.704800 0.808256 -0.033695 0.587709 1.316501
0.631405 0.000072 -0.775336 -73.387802 0.025879 0.999356 0.021168 0.705897 0.774902 -0.033433 0.631048 1.623330
0.673307 -0.004652 -0.739224 -73.694500 0.022961 0.999544 0.014623 0.706688 0.738881 -0.026821 0.673162 1.939042
0.714608 -0.011644 -0.699296 -73.989313 0.019644 0.999715 0.003428 0.710499 0.699116 -0.016188 0.714692 2.277032
0.754458 -0.014701 -0.656043 -74.265808 0.015416 0.999783 -0.004676 0.713829 0.656025 -0.006586 0.754584 2.639616
0.792200 -0.016009 -0.609921 -74.534823 0.014469 0.999792 -0.007448 0.713236 0.609958 -0.002925 0.792324 3.038215
0.826826 -0.017520 -0.562048 -74.782165 0.015015 0.999774 -0.009077 0.711405 0.562120 -0.000934 0.826959 3.462311
0.858160 -0.016240 -0.512979 -75.013934 0.012283 0.999792 -0.011104 0.706430 0.513088 0.003228 0.858239 3.907143
0.884842 -0.014638 -0.465502 -75.230263 0.011654 0.999820 -0.009287 0.693848 0.465586 0.002792 0.884912 4.380964
0.906740 -0.008415 -0.421422 -75.437765 0.005544 0.999880 -0.008037 0.684775 0.421469 0.004951 0.906741 4.879086
0.924814 -0.004414 -0.380183 -75.631749 0.000881 0.999879 -0.009465 0.677886 0.380208 0.008419 0.924773 5.390783
0.938894 0.000625 -0.343971 -75.813753 -0.003524 0.999888 -0.007801 0.670023 0.343953 0.008537 0.938860 5.925746
0.949347 0.001354 -0.313971 -75.982649 -0.003277 0.999904 -0.005598 0.657659 0.313957 0.006344 0.949330 6.481531
0.957051 0.000762 -0.289648 -76.142338 -0.001981 0.999917 -0.003915 0.645946 0.289642 0.004321 0.957041 7.060707
0.963148 0.000941 -0.268701 -76.297927 -0.001456 0.999930 -0.001718 0.638322 0.268698 0.002046 0.963144 7.658930
0.968033 0.003443 -0.250508 -76.451051 -0.003291 0.999926 0.001026 0.631159 0.250510 -0.000169 0.968036 8.274065
0.971832 0.008213 -0.235218 -76.603767 -0.007803 0.999898 0.002671 0.626006 0.235232 -0.000760 0.971861 8.902665
0.974909 0.011887 -0.221955 -76.753076 -0.011283 0.999860 0.003987 0.619520 0.221987 -0.001382 0.974971 9.550326
0.977796 0.010487 -0.208947 -76.886853 -0.009900 0.999876 0.003852 0.613517 0.208976 -0.001698 0.977841 10.209004
0.980594 0.010369 -0.195390 -77.014716 -0.009868 0.999876 0.003540 0.608909 0.195416 -0.001543 0.980640 10.888108
0.983364 0.010702 -0.180917 -77.137812 -0.010122 0.999872 0.004128 0.607458 0.180950 -0.002228 0.983411 11.580780
0.985818 0.012083 -0.166946 -77.253801 -0.011460 0.999856 0.004692 0.603457 0.166990 -0.002713 0.985878 12.291331
0.987856 0.012220 -0.154428 -77.363554 -0.012056 0.999859 0.001994 0.593875 0.154441 -0.000108 0.987927 13.008849
0.989501 0.012758 -0.143463 -77.469034 -0.013356 0.999840 -0.003210 0.582681 0.143409 0.005093 0.989576 13.740504
0.990863 0.010683 -0.133916 -77.566335 -0.012049 0.999818 -0.009401 0.575424 0.133800 0.010929 0.990874 14.481019
0.991929 0.010524 -0.125862 -77.662236 -0.011836 0.999827 -0.009685 0.567650 0.125745 0.011097 0.991934 15.243111
0.992724 0.012517 -0.119254 -77.756746 -0.013022 0.999855 -0.003464 0.554409 0.119200 0.004992 0.992794 16.013876
0.993255 0.017004 -0.114176 -77.853574 -0.016572 0.999798 0.004723 0.540222 0.114240 -0.002799 0.993387 16.786364
0.993710 0.017776 -0.109985 -77.943094 -0.016954 0.999763 0.008400 0.529100 0.110115 -0.006483 0.993831 17.559624
0.994088 0.016435 -0.106667 -78.026386 -0.015752 0.999786 0.007241 0.523095 0.106771 -0.005519 0.994194 18.327602
0.994412 0.016219 -0.103661 -78.108913 -0.015646 0.999796 0.006330 0.515571 0.103749 -0.004673 0.994521 19.096192
0.994716 0.014849 -0.100879 -78.186897 -0.014066 0.999800 0.008475 0.509426 0.100992 -0.007012 0.994788 19.867202
0.994975 0.012850 -0.098544 -78.262073 -0.011833 0.999803 0.010899 0.502387 0.098672 -0.009679 0.994995 20.638401
0.995275 0.010774 -0.095700 -78.333490 -0.009621 0.999805 0.012506 0.494999 0.095823 -0.011527 0.995251 21.406096
0.995520 0.009951 -0.093228 -78.406150 -0.009166 0.999850 0.008848 0.486953 0.093309 -0.007954 0.995526 22.171939
0.995637 0.012556 -0.091664 -78.480986 -0.012469 0.999854 0.001520 0.477922 0.091676 -0.000370 0.995711 22.926529
0.995776 0.012963 -0.090067 -78.554447 -0.013565 0.999820 -0.006078 0.465460 0.089978 0.007274 0.995838 23.681904
0.995870 0.013731 -0.088843 -78.626302 -0.014701 0.999764 -0.010274 0.451786 0.088688 0.011538 0.995908 24.440341
0.996021 0.015183 -0.086809 -78.698177 -0.015988 0.999754 -0.008584 0.434368 0.086665 0.009938 0.996097 25.202251
0.996166 0.018536 -0.084430 -78.773188 -0.018995 0.999724 -0.004635 0.415597 0.084329 0.006222 0.996324 25.964267
0.996289 0.022048 -0.082118 -78.846802 -0.022090 0.999673 0.000401 0.398905 0.082107 0.001415 0.996529 26.725287
0.996537 0.019596 -0.079723 -78.909448 -0.019484 0.999727 0.002177 0.387372 0.079751 -0.000616 0.996723 27.479811
0.996681 0.016767 -0.078601 -78.968614 -0.016668 0.999782 0.001914 0.374828 0.078623 -0.000598 0.996816 28.233733
0.996785 0.014988 -0.077584 -79.028431 -0.014878 0.999806 0.001986 0.360155 0.077605 -0.000825 0.996891 28.988045
0.996857 0.014543 -0.076489 -79.092365 -0.014567 0.999793 0.000240 0.347952 0.076485 0.000875 0.996959 29.742639
0.996931 0.012515 -0.075890 -79.151765 -0.012638 0.999820 -0.001145 0.338328 0.075869 0.002100 0.997005 30.502573
0.996986 0.011610 -0.075311 -79.210440 -0.011726 0.999832 -0.001095 0.326066 0.075294 0.001975 0.997049 31.263347
0.997003 0.014729 -0.074546 -79.276592 -0.014780 0.999793 -0.000129 0.315761 0.074536 0.001230 0.997108 32.028118
0.996997 0.014503 -0.074614 -79.341143 -0.014631 0.999790 -0.001167 0.305199 0.074590 0.002256 0.997098 32.802704
0.996861 0.014047 -0.076426 -79.405349 -0.014192 0.999791 -0.001359 0.293387 0.076400 0.002440 0.996955 33.582840
0.996728 0.011905 -0.078465 -79.471041 -0.012018 0.999818 -0.000968 0.283052 0.078448 0.001908 0.996795 34.366539
0.996455 0.013815 -0.081535 -79.544574 -0.013970 0.999790 -0.001332 0.273004 0.081509 0.002466 0.996546 35.152074
0.996164 0.017266 -0.084433 -79.624553 -0.017468 0.999739 -0.001651 0.259196 0.084392 0.003120 0.996308 35.942382
0.995949 0.017685 -0.086891 -79.705004 -0.018329 0.999706 -0.006626 0.245199 0.086758 0.008192 0.996079 36.733286
0.995724 0.018367 -0.089349 -79.786261 -0.019353 0.999662 -0.010183 0.232495 0.089141 0.011870 0.995837 37.534782
0.995563 0.017361 -0.091290 -79.866071 -0.018524 0.999656 -0.011898 0.217291 0.091062 0.013538 0.995639 38.344541
0.995346 0.017566 -0.093558 -79.950163 -0.018617 0.999668 -0.010370 0.196734 0.093355 0.012065 0.995442 39.164663
0.995169 0.016186 -0.095730 -80.033941 -0.017199 0.999707 -0.009767 0.177427 0.095554 0.011368 0.995249 39.990467
0.994989 0.015526 -0.097663 -80.118874 -0.016391 0.999732 -0.008059 0.161252 0.097522 0.009620 0.995073 40.825930
0.994895 0.015239 -0.098653 -80.209110 -0.015747 0.999765 -0.004379 0.144818 0.098574 0.005911 0.994997 41.663833
0.994804 0.015162 -0.099568 -80.299114 -0.015206 0.999781 0.000314 0.130101 0.099561 0.001202 0.994914 42.516671
0.994857 0.015243 -0.099014 -80.387401 -0.015087 0.999779 0.002322 0.117159 0.099038 -0.000816 0.994966 43.372141
0.995002 0.018292 -0.096999 -80.480498 -0.018143 0.999727 0.002421 0.106087 0.097027 -0.000649 0.995163 44.229306
0.995186 0.018441 -0.095072 -80.570547 -0.018426 0.999724 0.001037 0.095496 0.095076 0.000720 0.995351 45.094860
0.995375 0.016029 -0.093515 -80.653703 -0.016218 0.999762 -0.001264 0.082421 0.093482 0.002775 0.995498 45.962060
0.995583 0.012328 -0.091854 -80.732621 -0.012647 0.999810 -0.002890 0.067395 0.091811 0.004040 0.995649 46.831751
0.995761 0.011133 -0.089983 -80.814083 -0.011474 0.999817 -0.003274 0.054511 0.089941 0.004293 0.995812 47.704001
0.995869 0.008887 -0.089047 -80.894547 -0.008990 0.999849 -0.000755 0.038070 0.089037 0.001552 0.995903 48.579746
0.995958 0.006181 -0.088311 -80.971126 -0.006048 0.999872 0.001767 0.022476 0.088321 -0.001226 0.995971 49.451122
0.996049 0.005898 -0.087413 -81.050842 -0.005746 0.999884 0.001995 0.006879 0.087423 -0.001485 0.996060 50.318856
0.996134 0.007280 -0.086294 -81.135257 -0.007411 0.999871 -0.001195 -0.010716 0.086283 0.001830 0.996156 51.189951
0.996163 0.009683 -0.085681 -81.219539 -0.010318 0.999817 -0.006975 -0.029946 0.085607 0.007833 0.996182 52.054677
0.996230 0.011314 -0.084686 -81.300755 -0.012410 0.999739 -0.012423 -0.051285 0.084533 0.013429 0.996212 52.914380
0.996237 0.015935 -0.083944 -81.385081 -0.017522 0.999582 -0.018205 -0.077618 0.083627 0.019609 0.996193 53.765377
0.996336 0.015831 -0.082864 -81.463751 -0.017465 0.999575 -0.019028 -0.106275 0.082536 0.020408 0.996276 54.616890
0.996393 0.012901 -0.082721 -81.535984 -0.014045 0.999725 -0.013258 -0.127588 0.082535 0.014373 0.996384 55.470545
0.996351 0.012487 -0.083289 -81.611610 -0.012888 0.999819 -0.004283 -0.152639 0.083228 0.005341 0.996416 56.328961
0.996260 0.011525 -0.084509 -81.689156 -0.011269 0.999842 0.003494 -0.175600 0.084544 -0.002529 0.996316 57.181526
0.996075 0.009475 -0.086952 -81.763966 -0.009416 0.999870 0.001080 -0.188810 0.086959 -0.000257 0.996115 58.025710
0.995926 0.004314 -0.089056 -81.836183 -0.004560 0.999903 -0.002571 -0.204431 0.089044 0.002967 0.995928 58.863944
0.995687 0.002801 -0.091768 -81.914272 -0.003187 0.999904 -0.004069 -0.223063 0.091756 0.004344 0.995678 59.702881
0.995422 0.004910 -0.094495 -81.999738 -0.005552 0.999879 -0.006533 -0.243664 0.094460 0.007028 0.995408 60.525889
0.995084 0.006385 -0.097895 -82.088870 -0.007395 0.999838 -0.009963 -0.265069 0.097824 0.010638 0.995050 61.348761
0.994674 0.006761 -0.101941 -82.179853 -0.008167 0.999791 -0.013379 -0.287533 0.101839 0.014141 0.994602 62.161433
0.994326 0.008515 -0.105135 -82.273877 -0.010388 0.999710 -0.017279 -0.314431 0.104967 0.018275 0.994208 62.969471
0.993935 0.013082 -0.108322 -82.376193 -0.015048 0.999649 -0.017349 -0.342105 0.108066 0.018876 0.993865 63.777383
0.993488 0.016526 -0.111890 -82.478915 -0.018390 0.999621 -0.015640 -0.365358 0.111599 0.017597 0.993498 64.578289
0.992984 0.019586 -0.115832 -82.582838 -0.020863 0.999650 -0.009821 -0.390846 0.115609 0.012170 0.993123 65.381362
0.992480 0.020236 -0.119961 -82.687373 -0.020888 0.999688 -0.004174 -0.414375 0.119850 0.006648 0.992672 66.180885
0.991864 0.019413 -0.125078 -82.791900 -0.019652 0.999721 -0.000675 -0.432438 0.125041 0.003128 0.992048 66.971980
0.991024 0.018840 -0.131654 -82.902284 -0.018978 0.999735 0.000204 -0.447085 0.131635 0.002297 0.991198 67.757836
0.990240 0.016641 -0.137697 -83.014990 -0.016269 0.999773 0.003828 -0.460653 0.137742 -0.001550 0.990367 68.544399
0.989307 0.017092 -0.144177 -83.134804 -0.016777 0.999765 0.003397 -0.475088 0.144214 -0.000941 0.989444 69.318643
0.988317 0.021695 -0.150217 -83.265702 -0.021564 0.999675 0.002497 -0.489016 0.150236 0.000772 0.988547 70.088688
0.987330 0.023473 -0.156312 -83.397314 -0.023990 0.999621 -0.001421 -0.501323 0.156234 0.005153 0.987603 70.854114
0.986373 0.022007 -0.162446 -83.527299 -0.023006 0.999636 -0.004268 -0.515176 0.162308 0.007948 0.986604 71.614700
0.985448 0.023170 -0.167810 -83.666492 -0.024465 0.999595 -0.005656 -0.531170 0.167626 0.009680 0.985698 72.378245
0.984581 0.025156 -0.172537 -83.811345 -0.025667 0.999579 -0.000733 -0.542661 0.172462 0.005151 0.984897 73.144152
0.983465 0.025961 -0.178644 -83.958104 -0.025761 0.999565 0.003440 -0.556237 0.178673 0.001219 0.983796 73.902801
0.982304 0.025252 -0.185022 -84.104974 -0.024641 0.999584 0.005600 -0.574578 0.185104 -0.000941 0.982607 74.657146
0.980991 0.022628 -0.192188 -84.256851 -0.022741 0.999644 0.001619 -0.585752 0.192174 0.002782 0.981245 75.403877
0.979343 0.020386 -0.200654 -84.414317 -0.021972 0.999646 -0.005677 -0.594957 0.200486 0.009969 0.979534 76.142780
0.977477 0.017697 -0.209804 -84.579308 -0.019740 0.999680 -0.007647 -0.609233 0.209622 0.011617 0.977601 76.881111
0.975123 0.017396 -0.220505 -84.754645 -0.018933 0.999713 -0.004860 -0.626361 0.220378 0.008915 0.975261 77.618554
0.972512 0.017140 -0.231769 -84.938289 -0.017354 0.999752 0.001116 -0.636388 0.231753 0.002937 0.972657 78.352096
0.969586 0.019007 -0.243583 -85.131846 -0.017406 0.999714 0.008720 -0.646857 0.243702 -0.004216 0.969727 79.079554
0.966669 0.019725 -0.254853 -85.333587 -0.017198 0.999680 0.012137 -0.657819 0.255036 -0.007351 0.966788 79.804208
0.963537 0.022770 -0.266218 -85.546839 -0.021519 0.999645 0.007618 -0.670691 0.266321 -0.001612 0.963770 80.512307
0.960173 0.021904 -0.278223 -85.764801 -0.023283 0.999646 -0.001651 -0.680286 0.278111 0.008064 0.960416 81.211402
0.956576 0.019187 -0.290576 -85.988485 -0.022091 0.999662 -0.006718 -0.686545 0.290369 0.012846 0.956739 81.913538
0.952830 0.017940 -0.302723 -86.220391 -0.019456 0.999742 -0.001992 -0.693767 0.302629 0.007788 0.952992 82.622337
0.949163 0.019330 -0.313958 -86.467885 -0.018591 0.999748 0.005348 -0.707492 0.314002 0.000761 0.949339 83.332418
0.945118 0.019275 -0.325933 -86.722076 -0.016756 0.999739 0.010533 -0.716908 0.326071 -0.004493 0.945251 84.042793
0.940738 0.016727 -0.338505 -86.981292 -0.014775 0.999791 0.008342 -0.721849 0.338595 -0.002846 0.940844 84.743598
0.936601 0.014634 -0.349881 -87.248008 -0.014220 0.999827 0.003752 -0.729000 0.349898 0.001462 0.936703 85.438190
0.933259 0.010341 -0.358849 -87.521504 -0.012332 0.999853 -0.003260 -0.741891 0.358785 0.007468 0.933305 86.129076
0.930310 0.006157 -0.366522 -87.801181 -0.010293 0.999838 -0.009330 -0.753388 0.366428 0.012453 0.930278 86.825803
0.927401 0.005932 -0.373833 -88.090761 -0.010997 0.999812 -0.011418 -0.767849 0.373717 0.014700 0.927344 87.522817
0.924213 0.011030 -0.381534 -88.394146 -0.016695 0.999733 -0.011540 -0.787293 0.381327 0.017037 0.924202 88.214998
0.920902 0.010984 -0.389450 -88.698371 -0.015889 0.999765 -0.009376 -0.806686 0.389279 0.014823 0.920914 88.911901
0.917508 0.011796 -0.397348 -89.007127 -0.014104 0.999829 -0.002886 -0.817957 0.397272 0.008253 0.917574 89.612991
0.914521 0.013823 -0.404097 -89.323671 -0.012838 0.999830 0.005146 -0.828663 0.404128 0.000482 0.914605 90.317174
0.911734 0.023795 -0.409873 -89.657588 -0.020712 0.999634 0.011961 -0.843611 0.410039 -0.002417 0.911961 91.012409
0.909005 0.030558 -0.415436 -89.996014 -0.029468 0.999440 0.009038 -0.853275 0.415513 0.004027 0.909469 91.694172
0.906531 0.026770 -0.421067 -90.322316 -0.028968 0.999495 0.001179 -0.859016 0.420920 0.011130 0.906920 92.375159
0.904351 0.018813 -0.426150 -90.646613 -0.023819 0.999609 -0.006419 -0.867705 0.425898 0.015957 0.904518 93.063894
0.902589 0.019534 -0.429834 -90.986203 -0.025000 0.999575 -0.007072 -0.878707 0.429550 0.017130 0.902767 93.752651
0.900319 0.025510 -0.434257 -91.336615 -0.029282 0.999481 -0.001994 -0.891987 0.434018 0.014512 0.900673 94.441819
0.897625 0.027844 -0.439663 -91.686419 -0.029880 0.999464 0.002291 -0.906621 0.439528 0.011082 0.898048 95.138799
0.895217 0.024181 -0.444784 -92.033669 -0.026857 0.999563 0.000286 -0.923923 0.444629 0.011690 0.895537 95.830837
0.892862 0.022197 -0.449595 -92.386488 -0.027914 0.999515 -0.006089 -0.938235 0.449274 0.017988 0.893111 96.510047
0.890507 0.019309 -0.454376 -92.745477 -0.028215 0.999444 -0.012825 -0.951179 0.453908 0.024243 0.890618 97.192711
0.888094 0.020030 -0.459048 -93.110179 -0.029863 0.999380 -0.014169 -0.969611 0.458512 0.026294 0.888201 97.874924
0.886009 0.023053 -0.462916 -93.480251 -0.031161 0.999391 -0.009873 -0.991469 0.462440 0.023174 0.886248 98.559481
0.883792 0.024696 -0.467050 -93.850964 -0.032040 0.999381 -0.007784 -1.011679 0.466603 0.021846 0.884097 99.238844
0.881331 0.025684 -0.471622 -94.222664 -0.032947 0.999355 -0.007146 -1.031748 0.471168 0.021839 0.881671 99.914689
0.878972 0.023729 -0.476110 -94.594317 -0.031310 0.999403 -0.007994 -1.051047 0.475670 0.021935 0.879251 100.587941
0.876717 0.021762 -0.480341 -94.966805 -0.029576 0.999449 -0.008703 -1.069561 0.479922 0.021838 0.876938 101.257438
0.874501 0.021267 -0.484384 -95.345046 -0.028849 0.999474 -0.008202 -1.088578 0.483990 0.021148 0.874715 101.922374
0.872150 0.022558 -0.488565 -95.724423 -0.030184 0.999447 -0.007737 -1.107044 0.488151 0.021496 0.872402 102.579302
0.869712 0.022851 -0.492879 -96.104989 -0.030638 0.999434 -0.007726 -1.127676 0.492454 0.021821 0.869972 103.234700
0.867274 0.019842 -0.497286 -96.483490 -0.029631 0.999425 -0.011800 -1.149476 0.496797 0.024970 0.867415 103.880529
0.864837 0.016359 -0.501637 -96.857844 -0.028386 0.999396 -0.016347 -1.172473 0.501098 0.028379 0.864831 104.520535
0.862607 0.014676 -0.505508 -97.239753 -0.028207 0.999349 -0.019119 -1.193381 0.504932 0.030753 0.862514 105.158979
0.860627 0.016431 -0.508810 -97.623577 -0.028181 0.999410 -0.015394 -1.213438 0.508293 0.027589 0.860640 105.792836
0.858701 0.020589 -0.511907 -98.006159 -0.027964 0.999514 -0.006708 -1.233940 0.511556 0.020077 0.858915 106.421047
0.857149 0.022687 -0.514417 -98.381767 -0.024853 0.999618 0.002674 -1.253467 0.514316 0.010493 0.857439 107.041497
0.855468 0.022395 -0.517211 -98.752184 -0.021698 0.999661 0.007396 -1.269532 0.517239 0.004895 0.855723 107.652379
0.853775 0.019161 -0.520123 -99.114048 -0.018317 0.999731 0.006761 -1.280868 0.520152 0.003755 0.853958 108.244224
0.851923 0.017264 -0.523215 -99.473584 -0.018325 0.999748 0.003149 -1.292057 0.523176 0.006905 0.852087 108.817404
0.850231 0.015202 -0.526021 -99.827038 -0.017691 0.999763 0.000299 -1.304618 0.525941 0.009052 0.850362 109.378317
0.848664 0.013429 -0.528596 -100.171522 -0.016419 0.999786 -0.000962 -1.316440 0.528509 0.009496 0.848765 109.921877
0.847324 0.011823 -0.530784 -100.507540 -0.014794 0.999813 -0.001347 -1.328959 0.530708 0.008994 0.847401 110.452769
0.845944 0.012309 -0.532991 -100.837684 -0.014791 0.999825 -0.000386 -1.343814 0.532925 0.008210 0.846028 110.963793
0.844715 0.012223 -0.534935 -101.156788 -0.013731 0.999836 0.001162 -1.358164 0.534897 0.006364 0.844798 111.456558
0.843198 0.010739 -0.537375 -101.461646 -0.011707 0.999873 0.001612 -1.370394 0.537353 0.004932 0.843260 111.933324
0.841737 0.009202 -0.539709 -101.751812 -0.009743 0.999903 0.001854 -1.383397 0.539698 0.003698 0.841780 112.390102
0.840489 0.008141 -0.541694 -102.034771 -0.009154 0.999923 0.000823 -1.396134 0.541675 0.004267 0.840523 112.823983
0.839202 0.008143 -0.543709 -102.310366 -0.011363 0.999909 -0.002563 -1.410356 0.543649 0.008329 0.839232 113.234569
0.837593 0.005535 -0.546228 -102.572145 -0.010963 0.999902 -0.006678 -1.422446 0.546145 0.011582 0.837579 113.627950
0.835102 0.001643 -0.550056 -102.819125 -0.007853 0.999914 -0.008936 -1.432021 0.550001 0.011782 0.835050 114.007795
0.832250 -0.002353 -0.554360 -103.058203 -0.002942 0.999943 -0.008661 -1.440928 0.554355 0.008840 0.832203 114.374358
0.828709 -0.001292 -0.559646 -103.295341 -0.003332 0.999954 -0.007243 -1.450032 0.559636 0.007867 0.828673 114.719599
0.824759 0.002319 -0.565447 -103.527783 -0.006571 0.999949 -0.005484 -1.459558 0.565411 0.008239 0.824739 115.042157
0.820959 0.008284 -0.570888 -103.754085 -0.010789 0.999919 -0.001006 -1.468633 0.570846 0.006985 0.820991 115.348616
0.816868 0.013775 -0.576622 -103.969749 -0.012637 0.999880 0.005985 -1.477205 0.576649 0.002397 0.816952 115.640433
0.812001 0.015502 -0.583408 -104.172455 -0.011872 0.999852 0.010043 -1.484292 0.583492 -0.001228 0.812080 115.913519
0.806332 0.012727 -0.591272 -104.360115 -0.007617 0.999874 0.011134 -1.489221 0.591359 -0.004474 0.806349 116.169547
0.799191 0.010712 -0.600924 -104.542378 -0.004388 0.999881 0.011987 -1.492848 0.601001 -0.006943 0.799166 116.408024
0.790217 0.009305 -0.612696 -104.719060 -0.001581 0.999873 0.013147 -1.497218 0.612763 -0.009421 0.790156 116.629067
0.779718 0.009897 -0.625989 -104.895143 -0.001388 0.999857 0.014079 -1.503056 0.626064 -0.010109 0.779648 116.830722
0.767204 0.011412 -0.641230 -105.069642 -0.003359 0.999853 0.013775 -1.507662 0.641321 -0.008415 0.767160 117.013406
0.752878 0.009957 -0.658019 -105.236673 -0.003456 0.999888 0.011176 -1.513314 0.658083 -0.006141 0.752856 117.181584
0.737680 0.007397 -0.675052 -105.397938 -0.004452 0.999932 0.006092 -1.518049 0.675076 -0.001489 0.737687 117.334316
0.722284 0.003712 -0.691534 -105.554180 -0.004425 0.999954 0.000746 -1.520628 0.691528 0.002522 0.722288 117.476242
0.706517 0.003669 -0.707640 -105.714013 -0.008556 0.999924 -0.003359 -1.520095 0.707595 0.008427 0.706514 117.608786
0.690383 0.007222 -0.723365 -105.882132 -0.016135 0.999824 -0.005418 -1.520896 0.723219 0.015412 0.690395 117.733902
0.672765 0.008991 -0.739767 -106.051404 -0.018971 0.999780 -0.005102 -1.521384 0.739576 0.017466 0.672800 117.859964
0.653375 0.007469 -0.756963 -106.217399 -0.016044 0.999837 -0.003983 -1.519749 0.756828 0.014747 0.653401 117.991717
0.632774 0.006546 -0.774275 -106.388053 -0.013363 0.999881 -0.002468 -1.518911 0.774185 0.011908 0.632798 118.116603
0.610118 0.008307 -0.792234 -106.566365 -0.013574 0.999882 0.000030 -1.519479 0.792159 0.010735 0.610170 118.228958
0.585592 0.012886 -0.810474 -106.753221 -0.017472 0.999819 0.003272 -1.518748 0.810384 0.012244 0.585722 118.331823
0.560434 0.016839 -0.827998 -106.941608 -0.019840 0.999755 0.006903 -1.517123 0.827927 0.012559 0.560642 118.431623
0.534461 0.019768 -0.844928 -107.131289 -0.021822 0.999686 0.009585 -1.517601 0.844870 0.013316 0.534740 118.522914
0.508189 0.022823 -0.860909 -107.324775 -0.025184 0.999585 0.011633 -1.517913 0.860836 0.015769 0.508568 118.604328
0.480915 0.027063 -0.876319 -107.522131 -0.029573 0.999428 0.014635 -1.518333 0.876230 0.018877 0.481453 118.679883
0.452559 0.030162 -0.891198 -107.718441 -0.031990 0.999309 0.017576 -1.521938 0.891127 0.020555 0.453222 118.748814
0.422336 0.029552 -0.905936 -107.918272 -0.030944 0.999336 0.018173 -1.524776 0.905882 0.020358 0.422979 118.815703
0.389449 0.026380 -0.920650 -108.134702 -0.031017 0.999379 0.015515 -1.525828 0.920498 0.022514 0.390034 118.880195
0.354414 0.022065 -0.934823 -108.367387 -0.030627 0.999451 0.011979 -1.524591 0.934571 0.024385 0.354900 118.938207
0.314892 0.019818 -0.948917 -108.618622 -0.030428 0.999473 0.010776 -1.521982 0.948626 0.025480 0.315333 118.990597
0.272763 0.018559 -0.961897 -108.892290 -0.029943 0.999485 0.010793 -1.516027 0.961599 0.025858 0.273183 119.038665
0.228590 0.016587 -0.973373 -109.183394 -0.029298 0.999508 0.010152 -1.509947 0.973063 0.026197 0.228969 119.074707
0.180893 0.013850 -0.983394 -109.488026 -0.028215 0.999548 0.008887 -1.503888 0.983076 0.026139 0.181208 119.099332
0.131116 0.011654 -0.991287 -109.810571 -0.027485 0.999575 0.008116 -1.496810 0.990965 0.026181 0.131386 119.109972
0.080428 0.011158 -0.996687 -110.147510 -0.026842 0.999585 0.009024 -1.489926 0.996378 0.026028 0.080699 119.102178
0.027595 0.012259 -0.999527 -110.499466 -0.025868 0.999579 0.011546 -1.482181 0.999259 0.025538 0.027905 119.080055
-0.026210 0.014526 -0.999532 -110.863619 -0.022584 0.999609 0.015119 -1.476041 0.999373 0.022970 -0.025867 119.041528
-0.080687 0.016460 -0.996585 -111.236537 -0.018937 0.999636 0.018043 -1.470029 0.996532 0.020328 -0.080342 118.986018
-0.135008 0.018153 -0.990660 -111.618571 -0.014766 0.999663 0.020330 -1.464433 0.990708 0.017373 -0.134691 118.908835
-0.188526 0.019660 -0.981854 -112.012032 -0.011802 0.999661 0.022283 -1.455435 0.981971 0.015789 -0.188227 118.806062
-0.240160 0.020952 -0.970491 -112.416022 -0.009784 0.999644 0.024002 -1.444282 0.970659 0.015260 -0.239868 118.676953
-0.289876 0.022271 -0.956788 -112.828366 -0.006335 0.999642 0.025188 -1.433930 0.957018 0.013362 -0.289629 118.525290
-0.338115 0.023649 -0.940789 -113.251348 -0.001550 0.999648 0.025685 -1.421915 0.941078 0.010143 -0.337959 118.349479
-0.384727 0.025298 -0.922665 -113.676080 0.003547 0.999636 0.025929 -1.413981 0.922998 0.006703 -0.384676 118.147558
-0.428638 0.027335 -0.903043 -114.103748 0.008307 0.999598 0.026314 -1.405287 0.903412 0.003777 -0.428693 117.917230
-0.470117 0.029080 -0.882106 -114.535137 0.012266 0.999555 0.026415 -1.395510 0.882493 0.001599 -0.470265 117.659161
-0.508068 0.030096 -0.860766 -114.970956 0.014623 0.999523 0.026316 -1.384586 0.861161 0.000783 -0.508269 117.371076
-0.541333 0.030548 -0.840228 -115.411167 0.015710 0.999509 0.026217 -1.373577 0.840631 0.000991 -0.541550 117.056246
-0.568916 0.030136 -0.821817 -115.854722 0.015480 0.999520 0.025936 -1.364116 0.822219 0.002033 -0.569113 116.717218
-0.591101 0.028659 -0.806058 -116.308531 0.013929 0.999555 0.025323 -1.353344 0.806442 0.003741 -0.591243 116.355807
-0.608202 0.026766 -0.793296 -116.769785 0.012304 0.999599 0.024293 -1.342342 0.793647 0.005015 -0.608295 115.974992
-0.621626 0.026141 -0.782840 -117.245782 0.011166 0.999605 0.024513 -1.330671 0.783193 0.006497 -0.621682 115.577164
-0.632381 0.027117 -0.774142 -117.733521 0.012188 0.999578 0.025058 -1.320081 0.774517 0.006411 -0.632455 115.163239
