1.000000 0.000000 0.000000 0.000000 0.000000 1.000000 0.000000 0.000000 0.000000 0.000000 1.000000 0.000000
0.999999 0.002729 0.000096 -0.005896 -0.002729 0.999998 0.001556 -0.016140 -0.000092 -0.001556 1.000002 0.776650
0.999987 0.005388 0.000152 -0.012387 -0.005388 0.999985 0.001929 -0.032305 -0.000142 -0.001930 0.999999 1.536551
0.999976 0.006779 0.000518 -0.017351 -0.006779 0.999975 0.001560 -0.047628 -0.000508 -0.001563 0.999998 2.282234
0.999958 0.008782 0.000621 -0.025871 -0.008783 0.999958 0.001167 -0.061247 -0.000611 -0.001173 0.999996 3.016634
0.999954 0.008912 0.000930 -0.030203 -0.008913 0.999955 0.000862 -0.074415 -0.000922 -0.000871 0.999994 3.737119
0.999953 0.009058 0.001038 -0.031871 -0.009060 0.999953 0.001803 -0.088778 -0.001022 -0.001812 0.999993 4.439668
0.999947 0.009865 0.001487 -0.033042 -0.009872 0.999938 0.004520 -0.100742 -0.001442 -0.004535 0.999985 5.124358
0.999946 0.009653 0.002629 -0.028808 -0.009675 0.999914 0.008410 -0.109322 -0.002548 -0.008435 0.999957 5.793743
0.999948 0.008998 0.003651 -0.022557 -0.009041 0.999884 0.011824 -0.116473 -0.003544 -0.011856 0.999918 6.440269
0.999947 0.008230 0.004452 -0.016967 -0.008291 0.999860 0.013909 -0.123591 -0.004337 -0.013946 0.999884 7.057104
0.999934 0.008744 0.005458 -0.012921 -0.008818 0.999856 0.013634 -0.130625 -0.005338 -0.013681 0.999879 7.647963
0.999920 0.009732 0.006338 -0.008435 -0.009800 0.999881 0.010849 -0.136624 -0.006232 -0.010910 0.999908 8.209110
0.999914 0.009744 0.007171 -0.004752 -0.009801 0.999908 0.007979 -0.141403 -0.007093 -0.008049 0.999930 8.740223
0.999917 0.008070 0.008661 0.002115 -0.008125 0.999934 0.006380 -0.145737 -0.008609 -0.006450 0.999930 9.244094
0.999923 0.004317 0.010458 0.011654 -0.004358 0.999971 0.003898 -0.152159 -0.010441 -0.003943 0.999925 9.717800
0.999908 0.002591 0.012295 0.018926 -0.002624 0.999981 0.002689 -0.160173 -0.012288 -0.002721 0.999908 10.162515
0.999861 0.006879 0.014339 0.018419 -0.006889 0.999965 0.000661 -0.170381 -0.014335 -0.000760 0.999885 10.574572
0.999775 0.011256 0.017372 0.017666 -0.011256 0.999927 -0.000118 -0.179666 -0.017372 -0.000077 0.999839 10.957495
0.999705 0.011822 0.020752 0.024874 -0.011842 0.999920 0.000837 -0.185651 -0.020740 -0.001083 0.999775 11.310653
0.999679 0.007563 0.023767 0.040050 -0.007595 0.999962 0.001272 -0.191594 -0.023757 -0.001452 0.999708 11.632291
0.999641 0.002711 0.026233 0.057321 -0.002738 0.999986 0.001001 -0.195441 -0.026231 -0.001072 0.999644 11.922425
0.999577 -0.000762 0.028612 0.071864 0.000696 0.999985 0.002297 -0.201434 -0.028613 -0.002276 0.999575 12.184879
0.999497 -0.001039 0.031212 0.080593 0.000935 0.999980 0.003367 -0.207481 -0.031216 -0.003336 0.999492 12.418334
0.999428 -0.000253 0.033334 0.086356 0.000174 0.999981 0.002377 -0.212025 -0.033335 -0.002370 0.999425 12.624756
0.999353 0.000839 0.035453 0.093689 -0.000869 0.999982 0.000807 -0.214994 -0.035453 -0.000837 0.999353 12.813479
0.999255 0.002967 0.037940 0.098616 -0.002972 0.999976 0.000063 -0.221232 -0.037940 -0.000176 0.999260 12.987643
0.999179 0.005686 0.039592 0.100150 -0.005669 0.999963 -0.000519 -0.229428 -0.039594 0.000294 0.999195 13.151578
0.999114 0.007048 0.040957 0.106460 -0.006975 0.999953 -0.001930 -0.235651 -0.040970 0.001642 0.999137 13.311773
0.999038 0.006276 0.042885 0.115463 -0.006121 0.999953 -0.003752 -0.238985 -0.042907 0.003486 0.999050 13.464382
0.998982 0.004951 0.044308 0.126662 -0.004724 0.999953 -0.005237 -0.241642 -0.044333 0.005022 0.998981 13.611747
0.998931 0.004200 0.045520 0.135091 -0.003916 0.999950 -0.006321 -0.244537 -0.045546 0.006137 0.998919 13.750262
0.998855 0.004948 0.047054 0.141714 -0.004592 0.999936 -0.007679 -0.248212 -0.047090 0.007454 0.998838 13.883373
0.998792 0.005820 0.048277 0.147197 -0.005354 0.999914 -0.009782 -0.252538 -0.048331 0.009512 0.998761 14.010053
0.998753 0.005839 0.049063 0.155259 -0.005258 0.999889 -0.011955 -0.256229 -0.049128 0.011682 0.998698 14.135385
0.998718 0.004967 0.049846 0.161893 -0.004262 0.999864 -0.014233 -0.260591 -0.049911 0.014003 0.998629 14.258193
0.998751 0.003982 0.049261 0.171236 -0.003192 0.999839 -0.016109 -0.264691 -0.049319 0.015932 0.998629 14.384324
0.998851 0.003523 0.047134 0.176219 -0.002708 0.999816 -0.017337 -0.268174 -0.047188 0.017190 0.998707 14.510501
0.998986 0.003592 0.044123 0.179327 -0.002789 0.999797 -0.018254 -0.272167 -0.044181 0.018113 0.998826 14.638039
0.999153 0.004123 0.040070 0.178323 -0.003344 0.999769 -0.019481 -0.275651 -0.040143 0.019331 0.998970 14.763501
0.999357 0.004309 0.034355 0.174448 -0.003606 0.999741 -0.020510 -0.280477 -0.034436 0.020374 0.999155 14.885400
0.999560 0.004054 0.027706 0.170349 -0.003467 0.999723 -0.021198 -0.284553 -0.027786 0.021093 0.999344 15.009813
0.999728 0.003995 0.020577 0.163360 -0.003544 0.999703 -0.021917 -0.288620 -0.020660 0.021839 0.999497 15.134691
0.999861 0.003934 0.012485 0.156440 -0.003647 0.999679 -0.022928 -0.291191 -0.012572 0.022880 0.999607 15.266017
0.999940 0.002749 0.002394 0.147198 -0.002691 0.999652 -0.024185 -0.293939 -0.002460 0.024178 0.999653 15.402446
0.999889 0.001170 -0.010652 0.135251 -0.001445 0.999612 -0.025881 -0.297134 0.010618 0.025895 0.999557 15.549418
0.999586 0.000474 -0.026801 0.112092 -0.001219 0.999560 -0.027777 -0.301709 0.026778 0.027800 0.999202 15.705500
0.998883 0.000699 -0.046024 0.080793 -0.002020 0.999531 -0.028675 -0.308118 0.045984 0.028738 0.998473 15.875663
0.997629 0.001479 -0.067964 0.045262 -0.003409 0.999539 -0.028285 -0.313573 0.067894 0.028451 0.997232 16.064195
0.995727 0.002037 -0.091705 0.002333 -0.004523 0.999572 -0.026905 -0.319153 0.091616 0.027207 0.995368 16.268400
0.992889 0.002955 -0.118531 -0.051503 -0.006009 0.999604 -0.025414 -0.325689 0.118416 0.025947 0.992570 16.488171
0.988822 0.003958 -0.148670 -0.118226 -0.007509 0.999645 -0.023331 -0.333120 0.148533 0.024188 0.988557 16.719819
0.983271 0.004088 -0.181792 -0.195342 -0.007832 0.999717 -0.019881 -0.340057 0.181669 0.020973 0.983081 16.963118
0.975752 0.005158 -0.218561 -0.285740 -0.008838 0.999781 -0.015861 -0.347174 0.218444 0.017409 0.975639 17.212725
0.965898 0.006842 -0.258622 -0.390800 -0.009896 0.999843 -0.010508 -0.352075 0.258523 0.012710 0.965867 17.477081
0.953718 0.010697 -0.300334 -0.513936 -0.012997 0.999848 -0.005661 -0.356032 0.300244 0.009303 0.953763 17.750002
0.939353 0.014288 -0.342502 -0.654064 -0.015661 0.999826 -0.001244 -0.359973 0.342442 0.006533 0.939463 18.024794
0.922329 0.016668 -0.385909 -0.809509 -0.016203 0.999807 0.004459 -0.365196 0.385930 0.002140 0.922471 18.306748
0.902731 0.019916 -0.429619 -0.979242 -0.016284 0.999741 0.012129 -0.369806 0.429773 -0.003954 0.902872 18.590633
0.880600 0.024254 -0.473126 -1.166629 -0.017362 0.999617 0.018930 -0.375296 0.473430 -0.008456 0.880732 18.866233
0.855332 0.029165 -0.517152 -1.380258 -0.019858 0.999472 0.023522 -0.376051 0.517594 -0.009850 0.855508 19.147032
0.826920 0.032291 -0.561290 -1.609742 -0.020757 0.999366 0.026915 -0.375639 0.561836 -0.010606 0.827115 19.422568
0.795749 0.035852 -0.604460 -1.862517 -0.023280 0.999257 0.028622 -0.371055 0.605076 -0.008704 0.796044 19.690576
0.761366 0.038236 -0.647098 -2.135721 -0.023509 0.999170 0.031378 -0.363091 0.647801 -0.008678 0.761682 19.959419
0.723783 0.041990 -0.688662 -2.436366 -0.024539 0.999023 0.035124 -0.350141 0.689506 -0.008524 0.724150 20.227481
0.684419 0.043157 -0.727733 -2.765090 -0.022418 0.998965 0.038159 -0.337982 0.728668 -0.009803 0.684718 20.488318
0.642910 0.042934 -0.764662 -3.117665 -0.019684 0.998967 0.039540 -0.326848 0.765615 -0.010370 0.643130 20.746367
0.599619 0.041637 -0.799126 -3.496938 -0.014274 0.998983 0.041340 -0.312816 0.800084 -0.013383 0.599641 20.995827
0.554177 0.041561 -0.831292 -3.904544 -0.009558 0.998948 0.043571 -0.296764 0.832276 -0.016201 0.554024 21.236280
0.506840 0.042818 -0.860910 -4.341193 -0.007718 0.998895 0.045138 -0.275719 0.861941 -0.016234 0.506640 21.456268
0.456454 0.042220 -0.888681 -4.804250 -0.006455 0.998949 0.044143 -0.252560 0.889661 -0.014413 0.456274 21.655708
0.403489 0.041000 -0.914004 -5.292322 -0.001345 0.998967 0.044217 -0.230862 0.914924 -0.016613 0.403151 21.841092
0.349156 0.040025 -0.936149 -5.801919 0.004035 0.998959 0.044216 -0.210856 0.936997 -0.019217 0.348651 22.003524
0.294442 0.038843 -0.954818 -6.333529 0.006641 0.999010 0.042689 -0.186649 0.955587 -0.018912 0.293910 22.137158
0.240581 0.044556 -0.969545 -6.896910 0.007464 0.998774 0.047752 -0.159127 0.970542 -0.018726 0.239968 22.242497
0.188350 0.049578 -0.980789 -7.483226 0.010316 0.998512 0.052455 -0.134186 0.981989 -0.019999 0.187570 22.328784
0.139504 0.050727 -0.988860 -8.083469 0.015670 0.998390 0.053427 -0.108486 0.990039 -0.022950 0.138494 22.390167
0.094561 0.052110 -0.994094 -8.710021 0.018294 0.998311 0.054072 -0.087500 0.995293 -0.023301 0.093454 22.428712
0.053681 0.050262 -0.997228 -9.348171 0.018168 0.998456 0.051302 -0.060661 0.998331 -0.020873 0.052689 22.438419
0.017888 0.045740 -0.998726 -10.004831 0.015526 0.998755 0.046020 -0.025621 0.999655 -0.016331 0.017158 22.423069
-0.010948 0.045619 -0.998829 -10.685518 0.013275 0.998810 0.045472 0.007586 0.999784 -0.012762 -0.011541 22.392412
-0.032055 0.049720 -0.998166 -11.393133 0.012009 0.998629 0.049358 0.037382 0.999336 -0.010406 -0.032610 22.350914
-0.045065 0.055652 -0.997350 -12.118480 0.013452 0.998310 0.055097 0.068812 0.998815 -0.010934 -0.045740 22.306512
-0.053077 0.058259 -0.996806 -12.860677 0.013123 0.998170 0.057639 0.100334 0.998425 -0.010023 -0.053749 22.257692
-0.056994 0.055478 -0.996747 -13.620845 0.014261 0.998316 0.054750 0.132366 0.998192 -0.011095 -0.057694 22.208070
-0.056272 0.051670 -0.996991 -14.404394 0.021720 0.998403 0.050517 0.168230 0.998097 -0.018813 -0.057309 22.166368
-0.052122 0.050084 -0.997296 -15.204258 0.033496 0.998182 0.048378 0.210394 0.997995 -0.030887 -0.053709 22.139329
-0.046613 0.050225 -0.997559 -16.025888 0.033883 0.998152 0.048671 0.245156 0.998252 -0.031535 -0.048232 22.102045
-0.041409 0.048854 -0.997853 -16.868030 0.032022 0.998263 0.047546 0.272300 0.998539 -0.029988 -0.042905 22.058768
-0.038348 0.042542 -0.998264 -17.726742 0.035756 0.998420 0.041175 0.304101 0.998535 -0.034118 -0.039812 22.027469
-0.036280 0.031817 -0.998742 -18.590660 0.033730 0.998868 0.030595 0.329661 0.998681 -0.032580 -0.037315 21.988466
-0.035542 0.023374 -0.998997 -19.483943 0.026130 0.999308 0.022452 0.351344 0.998931 -0.025308 -0.036132 21.938105
-0.037001 0.020368 -0.999014 -20.410284 0.020519 0.999503 0.019618 0.373166 0.999014 -0.019774 -0.037404 21.885595
-0.040501 0.026456 -0.998742 -21.348105 0.011312 0.999511 0.026018 0.387813 0.999032 -0.010245 -0.040783 21.825147
-0.045302 0.034383 -0.998297 -22.309287 0.006318 0.999313 0.034131 0.410648 0.998872 -0.004761 -0.045492 21.762974
-0.049780 0.043885 -0.997711 -23.312975 0.004728 0.998949 0.043704 0.444531 0.998667 -0.002542 -0.049939 21.700135
-0.051309 0.053713 -0.997151 -24.336028 0.003379 0.998470 0.053610 0.485709 0.998594 -0.000619 -0.051416 21.635329
-0.052200 0.061446 -0.996655 -25.371438 0.005203 0.998020 0.061257 0.528627 0.998538 -0.001988 -0.052420 21.571516
-0.053728 0.062225 -0.996535 -26.391033 0.006220 0.997978 0.061980 0.578502 0.998459 -0.002868 -0.054010 21.512380
-0.055583 0.059453 -0.996589 -27.410773 0.005118 0.998136 0.059260 0.626456 0.998351 -0.001807 -0.055789 21.449604
-0.058388 0.054503 -0.996694 -28.436918 0.004813 0.998403 0.054314 0.670669 0.998174 -0.001626 -0.058563 21.380112
-0.063090 0.049319 -0.996684 -29.451625 0.005001 0.998679 0.049101 0.709505 0.997894 -0.001887 -0.063259 21.308546
-0.068918 0.044635 -0.996511 -30.476334 0.005241 0.998891 0.044379 0.746019 0.997500 -0.002164 -0.069083 21.230718
-0.075714 0.042735 -0.996095 -31.506471 0.004354 0.998970 0.042527 0.779829 0.997005 -0.001117 -0.075831 21.142343
-0.082238 0.045169 -0.995471 -32.554046 0.004602 0.998863 0.044943 0.814713 0.996488 -0.000885 -0.082362 21.047224
-0.088600 0.050039 -0.994681 -33.617624 0.003231 0.998620 0.049950 0.850156 0.995938 0.001212 -0.088650 20.942025
-0.094620 0.052919 -0.993961 -34.684917 0.000422 0.998444 0.053117 0.888897 0.995371 0.004607 -0.094508 20.825896
-0.099262 0.055082 -0.993401 -35.752973 -0.002713 0.998314 0.055625 0.932703 0.994925 0.008218 -0.098958 20.704982
-0.101920 0.056266 -0.993065 -36.823544 -0.007177 0.998197 0.057293 0.976742 0.994634 0.012969 -0.101346 20.579311
-0.103450 0.057502 -0.992836 -37.902568 -0.011196 0.998063 0.058972 1.022441 0.994439 0.017219 -0.102619 20.449026
-0.105059 0.056968 -0.992697 -38.985785 -0.012588 0.998067 0.058609 1.069341 0.994253 0.018656 -0.104153 20.324055
-0.106472 0.056078 -0.992595 -40.064579 -0.012967 0.998108 0.057781 1.117353 0.994096 0.019026 -0.105558 20.198930
-0.107500 0.055344 -0.992524 -41.143285 -0.014131 0.998125 0.057187 1.162611 0.993968 0.020176 -0.106531 20.071396
-0.108382 0.054387 -0.992481 -42.228270 -0.016342 0.998131 0.056482 1.208487 0.993838 0.022344 -0.107306 19.939697
-0.109167 0.051808 -0.992533 -43.316311 -0.020839 0.998163 0.054394 1.253304 0.993668 0.026625 -0.107902 19.804819
-0.109336 0.046863 -0.992760 -44.404202 -0.026097 0.998269 0.049998 1.293191 0.993526 0.031379 -0.107938 19.666174
-0.108528 0.046125 -0.992883 -45.502148 -0.027563 0.998260 0.049388 1.336892 0.993574 0.032731 -0.107082 19.534409
-0.106935 0.050271 -0.992853 -46.611623 -0.028335 0.998021 0.053584 1.379681 0.993724 0.033867 -0.105313 19.405890
-0.105102 0.053426 -0.992882 -47.723897 -0.028402 0.997845 0.056699 1.423280 0.993916 0.034164 -0.103372 19.278344
-0.103673 0.052995 -0.993054 -48.833879 -0.026407 0.997938 0.056013 1.473179 0.994120 0.032035 -0.102074 19.158339
-0.101203 0.052141 -0.993353 -49.947028 -0.026074 0.998000 0.055042 1.520138 0.994382 0.031476 -0.099655 19.039306
-0.097121 0.052602 -0.993736 -51.063980 -0.030406 0.997838 0.055790 1.565898 0.994668 0.035639 -0.095325 18.915637
-0.091368 0.053406 -0.994237 -52.200912 -0.035428 0.997612 0.056843 1.613627 0.995046 0.040423 -0.089270 18.792654
-0.085498 0.052930 -0.994784 -53.326370 -0.039181 0.997494 0.056442 1.661446 0.995426 0.043809 -0.083221 18.681101
-0.079661 0.052121 -0.995311 -54.452401 -0.040604 0.997490 0.055484 1.707888 0.995853 0.044840 -0.077356 18.579400
-0.073954 0.051408 -0.995787 -55.590488 -0.040132 0.997564 0.054480 1.753454 0.996311 0.043999 -0.071720 18.487486
-0.068819 0.051194 -0.996167 -56.727824 -0.038280 0.997669 0.053916 1.797530 0.996753 0.041850 -0.066708 18.407693
-0.063292 0.051920 -0.996494 -57.876314 -0.037364 0.997677 0.054354 1.842648 0.997152 0.040680 -0.061213 18.326912
-0.057620 0.053576 -0.996747 -59.019729 -0.036338 0.997637 0.055724 1.887618 0.997531 0.039437 -0.055544 18.255625
-0.052114 0.054824 -0.996983 -60.179162 -0.037048 0.997551 0.056791 1.936173 0.997808 0.039902 -0.049962 18.185976
-0.046777 0.054071 -0.997290 -61.344637 -0.036561 0.997626 0.055803 1.982092 0.998092 0.039078 -0.044695 18.125121
-0.042021 0.049508 -0.997741 -62.498633 -0.036696 0.997877 0.051060 2.027777 0.998301 0.038765 -0.040120 18.072564
-0.037793 0.044152 -0.998154 -63.658371 -0.036428 0.998147 0.045530 2.069202 0.998471 0.038087 -0.036119 18.024494
-0.033701 0.043536 -0.998325 -64.828172 -0.036353 0.998182 0.044756 2.109318 0.998618 0.037806 -0.032061 17.969497
-0.030378 0.045984 -0.998319 -65.996990 -0.035522 0.998104 0.047055 2.143815 0.998752 0.036898 -0.028690 17.924502
-0.028257 0.045467 -0.998412 -67.167125 -0.035694 0.998129 0.046464 2.183980 0.998815 0.036956 -0.026585 17.882111
-0.027307 0.045240 -0.998447 -68.335146 -0.037411 0.998074 0.046246 2.222942 0.998777 0.038622 -0.025565 17.841359
-0.026488 0.046075 -0.998430 -69.509402 -0.038419 0.997997 0.047074 2.260787 0.998761 0.039612 -0.024667 17.801641
-0.025341 0.045703 -0.998482 -70.685051 -0.039031 0.997997 0.046671 2.296755 0.998771 0.040161 -0.023509 17.763061
-0.024062 0.043569 -0.998611 -71.862433 -0.039499 0.998080 0.044497 2.333344 0.998787 0.040521 -0.022298 17.723080
-0.023416 0.042254 -0.998683 -73.043740 -0.037780 0.998206 0.043119 2.369469 0.998868 0.038746 -0.021780 17.690462
-0.023145 0.042135 -0.998696 -74.235022 -0.034439 0.998338 0.042918 2.403724 0.998997 0.035393 -0.021658 17.661889
-0.022888 0.042910 -0.998671 -75.425614 -0.032057 0.998389 0.043632 2.436411 0.999085 0.033018 -0.021478 17.630055
-0.022935 0.045625 -0.998538 -76.611084 -0.031704 0.998267 0.046341 2.471116 0.999084 0.032726 -0.021451 17.598072
-0.022607 0.049125 -0.998387 -77.801551 -0.034067 0.998027 0.049878 2.507731 0.999021 0.035144 -0.020891 17.561693
-0.022018 0.048938 -0.998407 -78.981828 -0.036380 0.997951 0.049717 2.546057 0.998950 0.037422 -0.020195 17.525632
-0.021779 0.046783 -0.998513 -80.158159 -0.037550 0.998010 0.047578 2.584681 0.998910 0.038537 -0.019981 17.493035
-0.021534 0.044364 -0.998629 -81.340117 -0.037345 0.998131 0.045147 2.620476 0.998923 0.038272 -0.019839 17.460456
-0.021504 0.043728 -0.998658 -82.525425 -0.035261 0.998237 0.044468 2.652896 0.998999 0.036176 -0.019926 17.429379
-0.021536 0.045201 -0.998591 -83.698228 -0.033869 0.998220 0.045914 2.685871 0.999047 0.034815 -0.019969 17.400915
-0.021358 0.047980 -0.998460 -84.870211 -0.033271 0.998104 0.048675 2.719366 0.999065 0.034265 -0.019724 17.373113
-0.020840 0.050244 -0.998357 -86.046470 -0.033686 0.997975 0.050928 2.756381 0.999059 0.034698 -0.019108 17.341366
-0.020780 0.050375 -0.998355 -87.213440 -0.034997 0.997922 0.051082 2.794181 0.999015 0.036007 -0.018976 17.309647
-0.020618 0.048168 -0.998461 -88.385388 -0.034374 0.998049 0.048858 2.832664 0.999034 0.035335 -0.018925 17.282293
-0.020460 0.046794 -0.998529 -89.560170 -0.032754 0.998170 0.047448 2.870115 0.999091 0.033682 -0.018892 17.254070
-0.020516 0.047759 -0.998477 -90.724681 -0.031020 0.998176 0.048382 2.906158 0.999140 0.031971 -0.019000 17.227896
-0.020509 0.050635 -0.998334 -91.898734 -0.028609 0.998105 0.051211 2.943823 0.999210 0.029617 -0.019024 17.201757
-0.020043 0.053117 -0.998209 -93.080020 -0.027275 0.998009 0.053654 2.983760 0.999252 0.028307 -0.018557 17.164117
-0.019677 0.054766 -0.998123 -94.257894 -0.027750 0.997901 0.055301 3.028139 0.999241 0.028791 -0.018118 17.129940
-0.019362 0.056497 -0.998041 -95.424000 -0.030152 0.997740 0.057065 3.073834 0.999185 0.031203 -0.017617 17.094824
-0.018891 0.055766 -0.998094 -96.580855 -0.032302 0.997717 0.056356 3.115085 0.999130 0.033311 -0.017048 17.058452
-0.018795 0.051648 -0.998318 -97.730291 -0.034640 0.997861 0.052277 3.158148 0.999055 0.035570 -0.016967 17.023893
-0.018586 0.049767 -0.998420 -98.895102 -0.035747 0.997920 0.050408 3.200572 0.999021 0.036633 -0.016770 16.992868
-0.018598 0.048140 -0.998502 -100.057887 -0.035588 0.998011 0.048779 3.237960 0.999029 0.036448 -0.016849 16.965041
-0.018656 0.048509 -0.998481 -101.212723 -0.034252 0.998039 0.049127 3.277757 0.999072 0.035122 -0.016959 16.940707
-0.018880 0.050604 -0.998367 -102.365969 -0.034303 0.997925 0.051230 3.317784 0.999060 0.035221 -0.017107 16.914264
-0.018790 0.052721 -0.998258 -103.524387 -0.033018 0.997858 0.053321 3.357993 0.999105 0.033969 -0.017011 16.887661
-0.019447 0.051543 -0.998306 -104.688148 -0.036854 0.997781 0.052234 3.403991 0.998957 0.037815 -0.017507 16.854616
-0.019956 0.052603 -0.998238 -105.857148 -0.040898 0.997560 0.053385 3.449750 0.998787 0.041899 -0.017759 16.819401
-0.020106 0.051733 -0.998274 -107.030482 -0.044233 0.997451 0.052582 3.494454 0.998633 0.045223 -0.017769 16.781867
-0.020478 0.047801 -0.998468 -108.205053 -0.045118 0.997615 0.048686 3.537242 0.998592 0.046054 -0.018275 16.749696
-0.021317 0.043751 -0.998635 -109.383472 -0.045212 0.997798 0.044679 3.579483 0.998569 0.046111 -0.019294 16.717111
-0.022014 0.042870 -0.998657 -110.575922 -0.041557 0.997996 0.043758 3.616742 0.998712 0.042473 -0.020191 16.685480
-0.022653 0.042107 -0.998675 -111.780822 -0.036915 0.998215 0.042925 3.653736 0.998880 0.037846 -0.021061 16.658201
-0.023199 0.043907 -0.998585 -112.993103 -0.036035 0.998168 0.044725 3.693644 0.998900 0.037029 -0.021577 16.622545
-0.023902 0.047901 -0.998385 -114.219756 -0.035127 0.998014 0.048724 3.733619 0.998920 0.036241 -0.022175 16.582957
-0.024401 0.047911 -0.998374 -115.446158 -0.033535 0.998070 0.048716 3.777148 0.998964 0.034676 -0.022750 16.544163
-0.024957 0.043442 -0.998562 -116.678835 -0.033543 0.998275 0.044268 3.820340 0.998947 0.034606 -0.023460 16.501539
-0.025594 0.039731 -0.998699 -117.925112 -0.033721 0.998423 0.040585 3.858793 0.998922 0.034722 -0.024218 16.453929
-0.026476 0.038234 -0.998732 -119.170195 -0.032832 0.998510 0.039096 3.894120 0.998926 0.033832 -0.025185 16.411533
-0.027044 0.039392 -0.998671 -120.419341 -0.034767 0.998395 0.040322 3.929610 0.998845 0.035818 -0.025635 16.366474
-0.027330 0.043991 -0.998471 -121.678649 -0.039504 0.998016 0.045053 3.966993 0.998661 0.040683 -0.025541 16.313091
-0.027535 0.047020 -0.998327 -122.943370 -0.045040 0.997633 0.048229 4.008310 0.998421 0.046302 -0.025356 16.258779
-0.027537 0.046692 -0.998342 -124.205028 -0.052395 0.997280 0.048088 4.052802 0.998061 0.053643 -0.025020 16.201799
-0.027287 0.044628 -0.998443 -125.465152 -0.055618 0.997200 0.046092 4.093343 0.997894 0.056800 -0.024732 16.150719
-0.027844 0.043308 -0.998486 -126.729774 -0.057788 0.997133 0.044861 4.132297 0.997755 0.058961 -0.025266 16.102783
-0.028633 0.042743 -0.998489 -127.990104 -0.057903 0.997150 0.044346 4.166372 0.997727 0.059096 -0.026080 16.059144
-0.029144 0.041837 -0.998513 -129.255488 -0.055407 0.997334 0.043405 4.199994 0.997855 0.056600 -0.026752 16.013950
-0.029772 0.042406 -0.998470 -130.515546 -0.055396 0.997308 0.044008 4.235592 0.997837 0.056633 -0.027346 15.969536
-0.030501 0.047478 -0.998220 -131.775755 -0.055305 0.997073 0.049113 4.273344 0.997819 0.056715 -0.027790 15.922969
-0.031057 0.051614 -0.997996 -133.035370 -0.054153 0.996923 0.053244 4.312923 0.997863 0.055709 -0.028171 15.875788
-0.031015 0.050133 -0.998071 -134.293988 -0.054718 0.996968 0.051778 4.360034 0.997832 0.056229 -0.028182 15.826308
-0.030312 0.048675 -0.998166 -135.548614 -0.054498 0.997058 0.050276 4.405909 0.997867 0.055933 -0.027575 15.778777
-0.029124 0.048081 -0.998231 -136.801505 -0.053609 0.997142 0.049593 4.445814 0.997952 0.054969 -0.026468 15.732332
-0.028159 0.047359 -0.998291 -138.052653 -0.053880 0.997163 0.048825 4.486671 0.997963 0.055173 -0.025532 15.686119
-0.027485 0.049402 -0.998212 -139.307070 -0.053873 0.997064 0.050828 4.528764 0.997983 0.055184 -0.024746 15.643477
-0.026528 0.053113 -0.998044 -140.560791 -0.054992 0.996805 0.054509 4.571490 0.997943 0.056342 -0.023526 15.600317
-0.025166 0.054039 -0.998031 -141.813143 -0.056615 0.996667 0.055393 4.618649 0.997890 0.057909 -0.022026 15.556390
-0.024307 0.051216 -0.998200 -143.063761 -0.058778 0.996693 0.052570 4.665729 0.997784 0.059961 -0.021219 15.511333
-0.023976 0.048179 -0.998358 -144.315846 -0.057474 0.996925 0.049490 4.708540 0.997867 0.058578 -0.021137 15.469724
-0.023928 0.046569 -0.998434 -145.566486 -0.054642 0.997164 0.047820 4.749932 0.998025 0.055712 -0.021319 15.432344
-0.024100 0.046019 -0.998457 -146.806431 -0.053301 0.997265 0.047251 4.788181 0.998095 0.054368 -0.021584 15.393760
-0.024314 0.046412 -0.998434 -148.042616 -0.050550 0.997394 0.047594 4.823655 0.998235 0.051638 -0.021908 15.357937
-0.024622 0.044941 -0.998494 -149.281305 -0.048507 0.997566 0.046095 4.859254 0.998328 0.049578 -0.022385 15.321996
-0.024633 0.045055 -0.998487 -150.518933 -0.047708 0.997599 0.046192 4.896837 0.998365 0.048783 -0.022428 15.282930
-0.024713 0.047785 -0.998357 -151.760403 -0.045249 0.997585 0.048868 4.933823 0.998477 0.046392 -0.022494 15.243320
-0.024947 0.049156 -0.998284 -153.000714 -0.042712 0.997630 0.050191 4.974313 0.998582 0.043900 -0.022792 15.205440
-0.025116 0.047589 -0.998353 -154.226590 -0.040531 0.997798 0.048582 5.015462 0.998666 0.041693 -0.023135 15.168512
-0.025629 0.047811 -0.998327 -155.455053 -0.041719 0.997733 0.048854 5.054702 0.998602 0.042910 -0.023581 15.124476
-0.025484 0.052506 -0.998103 -156.690273 -0.042600 0.997462 0.053560 5.097249 0.998575 0.043892 -0.023186 15.081359
-0.025254 0.059019 -0.997738 -157.930841 -0.047597 0.996852 0.060172 5.144986 0.998348 0.049018 -0.022369 15.035591
-0.023813 0.058911 -0.997779 -159.176418 -0.052291 0.996621 0.060091 5.198385 0.998149 0.053617 -0.020655 14.985683
-0.022416 0.054974 -0.998029 -160.413200 -0.055968 0.996644 0.056155 5.252068 0.997975 0.057129 -0.019267 14.939283
-0.020777 0.049377 -0.998351 -161.642920 -0.057810 0.996835 0.050506 5.299673 0.997899 0.058777 -0.017859 14.897912
-0.019793 0.047715 -0.998445 -162.874140 -0.060348 0.996762 0.048831 5.341282 0.997763 0.061235 -0.016852 14.855027
-0.018631 0.044631 -0.998607 -164.095828 -0.055097 0.997216 0.045597 5.376138 0.998086 0.055882 -0.016123 14.827467
-0.018617 0.040180 -0.998795 -165.310606 -0.051746 0.997590 0.041096 5.412654 0.998265 0.052461 -0.016496 14.801246
-0.018983 0.036970 -0.998910 -166.528475 -0.045355 0.998030 0.037799 5.440691 0.998567 0.046034 -0.017272 14.777784
-0.020049 0.039927 -0.998776 -167.759045 -0.043068 0.998015 0.040761 5.474841 0.998648 0.043842 -0.018293 14.748176
-0.019392 0.046284 -0.998515 -169.000086 -0.043620 0.997712 0.047094 5.508628 0.998637 0.044479 -0.017332 14.712990
-0.017699 0.049419 -0.998397 -170.238886 -0.045265 0.997489 0.050177 5.547920 0.998596 0.046091 -0.015420 14.675171
-0.015928 0.045971 -0.998586 -171.453835 -0.046249 0.997609 0.046664 5.588517 0.998575 0.046937 -0.013766 14.644745
-0.015218 0.045949 -0.998598 -172.674784 -0.048501 0.997503 0.046638 5.629322 0.998479 0.049154 -0.012954 14.613765
-0.014174 0.047089 -0.998560 -173.895734 -0.046595 0.997544 0.047702 5.662711 0.998586 0.047215 -0.011947 14.586834
-0.013580 0.045062 -0.998661 -175.097413 -0.046656 0.997636 0.045650 5.698438 0.998590 0.047225 -0.011447 14.563443
-0.012076 0.043635 -0.998743 -176.281795 -0.046871 0.997693 0.044155 5.730771 0.998599 0.047357 -0.010005 14.542519
-0.010316 0.045561 -0.998676 -177.447563 -0.048394 0.997536 0.046009 5.757715 0.998546 0.048816 -0.008086 14.517163
-0.009169 0.047519 -0.998590 -178.580865 -0.048200 0.997450 0.047908 5.781586 0.998560 0.048583 -0.006856 14.499323
-0.008872 0.048953 -0.998524 -179.681470 -0.049081 0.997339 0.049330 5.806790 0.998520 0.049458 -0.006446 14.483362
-0.008588 0.050180 -0.998476 -180.771691 -0.049382 0.997270 0.050544 5.834181 0.998517 0.049752 -0.006087 14.462020
-0.008723 0.051100 -0.998426 -181.827681 -0.048676 0.997256 0.051465 5.861134 0.998549 0.049060 -0.006212 14.443372
-0.008259 0.050216 -0.998480 -182.857440 -0.048863 0.997298 0.050561 5.888996 0.998549 0.049217 -0.005783 14.423042
-0.006941 0.050128 -0.998500 -183.853450 -0.049750 0.997267 0.050412 5.914730 0.998521 0.050037 -0.004428 14.405886
-0.005677 0.050942 -0.998466 -184.814493 -0.050507 0.997189 0.051164 5.940590 0.998490 0.050731 -0.003088 14.391545
-0.006480 0.049311 -0.998544 -185.761039 -0.048969 0.997347 0.049570 5.964523 0.998563 0.049230 -0.004048 14.380322
-0.009677 0.046335 -0.998662 -186.703009 -0.046783 0.997590 0.046739 5.987188 0.998643 0.047183 -0.007487 14.365852
-0.014793 0.042725 -0.998761 -187.635470 -0.046590 0.997752 0.043372 6.010608 0.998590 0.047184 -0.012771 14.345100
-0.019758 0.039526 -0.998809 -188.566969 -0.048319 0.997795 0.040442 6.036395 0.998424 0.049071 -0.017807 14.314922
-0.023437 0.038645 -0.998767 -189.503025 -0.050359 0.997723 0.039787 6.061095 0.998246 0.051240 -0.021441 14.275095
-0.026349 0.039304 -0.998682 -190.426899 -0.052103 0.997613 0.040637 6.082142 0.998098 0.053115 -0.024242 14.238560
-0.028413 0.041023 -0.998555 -191.351330 -0.050872 0.997600 0.042432 6.104339 0.998103 0.052014 -0.026262 14.206294
-0.029980 0.042586 -0.998443 -192.274534 -0.047887 0.997678 0.043991 6.126847 0.998203 0.049141 -0.027876 14.173366
-0.031662 0.043050 -0.998368 -193.192492 -0.046266 0.997730 0.044491 6.149403 0.998225 0.047609 -0.029604 14.140749
-0.032931 0.041886 -0.998373 -194.104592 -0.046587 0.997760 0.043398 6.172621 0.998165 0.047950 -0.030912 14.105438
-0.033526 0.040602 -0.998402 -195.018062 -0.048421 0.997719 0.042200 6.198371 0.998054 0.049769 -0.031490 14.061526
-0.033447 0.039754 -0.998441 -195.929688 -0.052062 0.997569 0.041463 6.224058 0.997875 0.053379 -0.031301 14.017635
-0.032779 0.037883 -0.998535 -196.843002 -0.054675 0.997503 0.039639 6.247542 0.997758 0.055906 -0.030632 13.976833
-0.031767 0.035176 -0.998667 -197.759200 -0.054922 0.997595 0.036886 6.269136 0.997777 0.056032 -0.029764 13.937475
-0.031282 0.032484 -0.998772 -198.673541 -0.054712 0.997703 0.034164 6.290778 0.997802 0.055725 -0.029438 13.901447
-0.030539 0.032038 -0.998810 -199.595439 -0.054803 0.997714 0.033679 6.310835 0.997820 0.055778 -0.028718 13.863931
-0.029861 0.034761 -0.998740 -200.525446 -0.052185 0.997763 0.036288 6.330721 0.997981 0.053214 -0.027985 13.829805
-0.029728 0.036081 -0.998696 -201.458681 -0.051641 0.997743 0.037584 6.348899 0.998013 0.052702 -0.027803 13.794933
-0.028729 0.032402 -0.998851 -202.398848 -0.046627 0.998127 0.033720 6.367430 0.998288 0.047552 -0.027170 13.763897
-0.028686 0.029078 -0.998954 -203.344978 -0.045025 0.998308 0.030353 6.389609 0.998362 0.045858 -0.027333 13.732406
-0.028127 0.029386 -0.998960 -204.287427 -0.049395 0.998088 0.030751 6.411626 0.998171 0.050219 -0.026627 13.694004
-0.026637 0.033411 -0.998874 -205.247488 -0.050680 0.997896 0.034730 6.428892 0.998150 0.051559 -0.024892 13.658812
-0.024724 0.032760 -0.998945 -206.206628 -0.048253 0.998044 0.033925 6.450016 0.998319 0.049051 -0.023099 13.631439
-0.022737 0.033946 -0.998948 -207.175101 -0.046880 0.998068 0.034984 6.476264 0.998428 0.047636 -0.021105 13.606824
-0.021084 0.038689 -0.998809 -208.157467 -0.047639 0.997846 0.039658 6.501148 0.998417 0.048429 -0.019199 13.579345
-0.019713 0.042789 -0.998667 -209.147791 -0.044500 0.997823 0.043632 6.526556 0.998587 0.045311 -0.017769 13.560771
-0.018567 0.043237 -0.998674 -210.142146 -0.044070 0.997830 0.044020 6.557513 0.998633 0.044839 -0.016624 13.538911
-0.016403 0.043795 -0.998684 -211.146973 -0.047400 0.997650 0.044529 6.591713 0.998514 0.048078 -0.014291 13.512424
-0.013464 0.045425 -0.998647 -212.162043 -0.050164 0.997438 0.046048 6.625311 0.998415 0.050728 -0.011153 13.487527
-0.010058 0.045517 -0.998683 -213.185773 -0.051202 0.997389 0.045975 6.658671 0.998403 0.051609 -0.007703 13.469404
-0.007086 0.042958 -0.998816 -214.209180 -0.054121 0.997348 0.043280 6.690560 0.998268 0.054376 -0.004742 13.451802
-0.004307 0.039695 -0.998962 -215.238285 -0.053837 0.997501 0.039870 6.721408 0.998294 0.053965 -0.002159 13.441168
-0.002746 0.038699 -0.999006 -216.276135 -0.052926 0.997592 0.038791 6.750869 0.998348 0.052992 -0.000690 13.435867
-0.001274 0.040850 -0.998921 -217.327713 -0.053418 0.997480 0.040861 6.779762 0.998322 0.053425 0.000912 13.428810
0.000083 0.044189 -0.998777 -218.388493 -0.055181 0.997243 0.044118 6.808640 0.998224 0.055123 0.002522 13.419071
0.001398 0.043776 -0.998790 -219.452229 -0.055094 0.997266 0.043633 6.839796 0.998225 0.054980 0.003807 13.413030
0.002160 0.040918 -0.998909 -220.519158 -0.053881 0.997453 0.040742 6.872189 0.998288 0.053748 0.004361 13.409873
0.002258 0.037922 -0.999027 -221.592795 -0.051104 0.997715 0.037758 6.900910 0.998432 0.050982 0.004193 13.409291
0.002026 0.036744 -0.999046 -222.679462 -0.049421 0.997818 0.036600 6.929307 0.998493 0.049313 0.003840 13.408784
0.002101 0.035749 -0.999080 -223.772280 -0.049589 0.997843 0.035602 6.955303 0.998481 0.049483 0.003871 13.403736
0.002415 0.035754 -0.999077 -224.873589 -0.049478 0.997847 0.035591 6.979611 0.998484 0.049361 0.004180 13.399864
0.002237 0.036482 -0.999045 -225.981916 -0.051491 0.997713 0.036319 7.006830 0.998377 0.051375 0.004112 13.391586
0.001756 0.038719 -0.998961 -227.099975 -0.052161 0.997593 0.038575 7.034803 0.998342 0.052054 0.003773 13.385327
0.000949 0.040361 -0.998898 -228.218487 -0.052474 0.997510 0.040256 7.062967 0.998325 0.052393 0.003066 13.378198
0.000178 0.042066 -0.998827 -229.359378 -0.053543 0.997381 0.041996 7.096900 0.998268 0.053488 0.002431 13.368548
-0.000728 0.043016 -0.998786 -230.499542 -0.055893 0.997209 0.042990 7.130204 0.998138 0.055872 0.001680 13.355903
-0.001802 0.041698 -0.998841 -231.642820 -0.058121 0.997133 0.041733 7.163023 0.998009 0.058146 0.000628 13.340017
-0.002866 0.037027 -0.999022 -232.795989 -0.056520 0.997406 0.037131 7.194669 0.998098 0.056587 -0.000765 13.326257
-0.004185 0.030709 -0.999231 -233.958114 -0.053450 0.997788 0.030889 7.222873 0.998262 0.053554 -0.002534 13.312987
-0.006209 0.026270 -0.999347 -235.123656 -0.048658 0.998158 0.026542 7.242668 0.998497 0.048805 -0.004920 13.301566
-0.008496 0.026351 -0.999331 -236.309753 -0.042452 0.998441 0.026689 7.261986 0.998766 0.042662 -0.007366 13.288206
-0.010792 0.030272 -0.999198 -237.495775 -0.037868 0.998511 0.030661 7.280205 0.998928 0.038179 -0.009632 13.273193
-0.012846 0.032763 -0.999095 -238.683073 -0.035753 0.998508 0.033204 7.301050 0.998982 0.036158 -0.011658 13.250199
-0.014858 0.032075 -0.999087 -239.885510 -0.034060 0.998586 0.032567 7.325799 0.999011 0.034523 -0.013748 13.223212
-0.017033 0.032771 -0.999030 -241.093323 -0.034250 0.998554 0.033340 7.351383 0.998970 0.034794 -0.015889 13.192008
-0.018966 0.034258 -0.998944 -242.310401 -0.033403 0.998529 0.034880 7.375792 0.998963 0.034039 -0.017798 13.159051
-0.021211 0.033871 -0.998911 -243.531952 -0.032546 0.998568 0.034552 7.401056 0.998945 0.033253 -0.020083 13.123986
-0.023450 0.032361 -0.998911 -244.757191 -0.032398 0.998620 0.033114 7.426879 0.998899 0.033149 -0.022375 13.086224
-0.025618 0.032083 -0.998866 -245.986372 -0.032409 0.998626 0.032908 7.451464 0.998845 0.033225 -0.024549 13.043889
-0.027911 0.032996 -0.998774 -247.227888 -0.032881 0.998577 0.033910 7.477580 0.998768 0.033797 -0.026794 12.999437
-0.030147 0.033193 -0.998703 -248.476901 -0.033196 0.998557 0.034191 7.503301 0.998692 0.034194 -0.029010 12.953171
-0.032562 0.034254 -0.998593 -249.726753 -0.034367 0.998477 0.035372 7.528321 0.998579 0.035480 -0.031344 12.902917
-0.034864 0.035920 -0.998458 -250.984654 -0.036169 0.998349 0.037181 7.555684 0.998439 0.037420 -0.033517 12.847724
-0.036375 0.036703 -0.998374 -252.239995 -0.037781 0.998254 0.038077 7.583342 0.998324 0.039116 -0.034934 12.791467
-0.037176 0.037036 -0.998331 -253.495045 -0.040320 0.998136 0.038531 7.609875 0.998194 0.041697 -0.035624 12.732027
-0.037332 0.037116 -0.998322 -254.756743 -0.040814 0.998109 0.038636 7.636842 0.998163 0.042200 -0.035756 12.676789
-0.037532 0.036026 -0.998352 -256.011645 -0.039826 0.998189 0.037519 7.662704 0.998193 0.041180 -0.036039 12.624161
-0.037348 0.034950 -0.998394 -257.268279 -0.037028 0.998339 0.036335 7.688719 0.998305 0.038337 -0.036002 12.570286
-0.037633 0.034632 -0.998394 -258.526597 -0.035876 0.998393 0.035986 7.713867 0.998336 0.037184 -0.036341 12.513929
-0.037780 0.035021 -0.998375 -259.788462 -0.035729 0.998384 0.036375 7.738976 0.998336 0.037057 -0.036478 12.456559
-0.037386 0.035032 -0.998389 -261.048676 -0.034938 0.998413 0.036343 7.761857 0.998379 0.036252 -0.036113 12.399030
-0.037193 0.035765 -0.998371 -262.310564 -0.034556 0.998400 0.037055 7.786888 0.998398 0.035889 -0.035907 12.342111
-0.037270 0.036709 -0.998336 -263.571433 -0.031967 0.998457 0.037909 7.811168 0.998484 0.033337 -0.036049 12.288145
-0.037421 0.039242 -0.998236 -264.824272 -0.027530 0.998498 0.040286 7.836390 0.998613 0.028997 -0.036295 12.237986
-0.037547 0.042676 -0.998090 -266.064198 -0.024393 0.998440 0.043611 7.864908 0.998690 0.025991 -0.036458 12.188551
-0.037544 0.045098 -0.997982 -267.312702 -0.022381 0.998380 0.045959 7.896318 0.998735 0.024069 -0.036484 12.136684
-0.037491 0.043469 -0.998053 -268.558089 -0.022975 0.998437 0.044350 7.928886 0.998720 0.024600 -0.036444 12.079429
-0.037777 0.041886 -0.998110 -269.789611 -0.025242 0.998447 0.042857 7.962986 0.998655 0.026821 -0.036672 12.027005
-0.038253 0.044780 -0.997966 -271.019966 -0.031173 0.998140 0.045984 7.998706 0.998469 0.032879 -0.036796 11.964532
-0.038242 0.050701 -0.997685 -272.257251 -0.036601 0.997655 0.052104 8.036322 0.998285 0.038520 -0.036307 11.898356
-0.038122 0.050066 -0.997721 -273.488889 -0.040735 0.997519 0.051614 8.076785 0.998129 0.042623 -0.035999 11.837685
-0.037975 0.043069 -0.998051 -274.714388 -0.040222 0.997877 0.044594 8.117273 0.998154 0.041850 -0.036173 11.782003
-0.038594 0.037600 -0.998247 -275.947028 -0.037203 0.998225 0.039039 8.150696 0.998245 0.038656 -0.037138 11.729883
-0.038858 0.036684 -0.998268 -277.177313 -0.031337 0.998467 0.037912 8.177728 0.998434 0.032766 -0.037661 11.684256
-0.038124 0.038163 -0.998241 -278.402439 -0.028030 0.998514 0.039245 8.204224 0.998560 0.029486 -0.037008 11.637121
-0.036474 0.040210 -0.998222 -279.624560 -0.027305 0.998454 0.041218 8.231408 0.998641 0.028769 -0.035330 11.582606
-0.035679 0.042568 -0.998154 -280.861076 -0.028435 0.998323 0.043593 8.262448 0.998639 0.029947 -0.034419 11.531845
-0.034852 0.043899 -0.998123 -282.088585 -0.029567 0.998228 0.044937 8.295207 0.998633 0.031088 -0.033502 11.479802
-0.033912 0.044931 -0.998107 -283.312606 -0.030582 0.998148 0.045973 8.328701 0.998633 0.032093 -0.032485 11.423933
-0.033228 0.044131 -0.998166 -284.538027 -0.030147 0.998200 0.045138 8.361903 0.998669 0.031601 -0.031848 11.374196
-0.033037 0.042425 -0.998245 -285.762023 -0.030629 0.998259 0.043441 8.395418 0.998659 0.032020 -0.031690 11.322704
-0.032726 0.041294 -0.998301 -286.985824 -0.030470 0.998312 0.042295 8.426496 0.998672 0.031812 -0.031422 11.272910
-0.032645 0.041024 -0.998312 -288.210219 -0.030705 0.998313 0.042030 8.456951 0.998665 0.032035 -0.031339 11.222783
-0.032270 0.040821 -0.998333 -289.434075 -0.031275 0.998304 0.041833 8.487226 0.998659 0.032584 -0.030948 11.172130
-0.032039 0.041089 -0.998329 -290.658899 -0.031825 0.998275 0.042110 8.516461 0.998650 0.033131 -0.030685 11.122497
-0.031788 0.041312 -0.998328 -291.886619 -0.031215 0.998286 0.042305 8.546801 0.998678 0.032518 -0.030453 11.073510
-0.031775 0.039558 -0.998400 -293.105292 -0.030946 0.998368 0.040543 8.577181 0.998686 0.032195 -0.030509 11.025856
-0.031812 0.036975 -0.998498 -294.324207 -0.030578 0.998481 0.037950 8.605415 0.998697 0.031750 -0.030642 10.977395
-0.032151 0.034080 -0.998589 -295.543690 -0.031537 0.998555 0.035096 8.631330 0.998655 0.032631 -0.031040 10.927816
-0.032450 0.032656 -0.998625 -296.767803 -0.033088 0.998550 0.033730 8.655856 0.998593 0.034148 -0.031332 10.877676
-0.032622 0.032710 -0.998607 -297.989096 -0.036167 0.998425 0.033887 8.678190 0.998468 0.037235 -0.031397 10.821777
-0.032813 0.033800 -0.998560 -299.223680 -0.039404 0.998257 0.035086 8.702648 0.998335 0.040512 -0.031434 10.764980
-0.033156 0.034721 -0.998515 -300.460214 -0.043024 0.998069 0.036136 8.727699 0.998172 0.044173 -0.031608 10.707678
-0.033282 0.034683 -0.998510 -301.698905 -0.044423 0.998004 0.036148 8.752162 0.998105 0.045576 -0.031685 10.649921
-0.033706 0.032528 -0.998565 -302.932349 -0.044131 0.998089 0.034004 8.776149 0.998100 0.045229 -0.032217 10.597865
-0.034288 0.030252 -0.998614 -304.168491 -0.041800 0.998264 0.031678 8.798674 0.998178 0.042843 -0.032975 10.547216
-0.035200 0.029925 -0.998585 -305.409446 -0.038833 0.998389 0.031290 8.818885 0.998259 0.039893 -0.033992 10.495251
-0.036099 0.031852 -0.998491 -306.651470 -0.036602 0.998410 0.033174 8.839847 0.998309 0.037757 -0.034888 10.444890
-0.036849 0.032884 -0.998434 -307.896718 -0.035121 0.998434 0.034182 8.861918 0.998339 0.036338 -0.035648 10.393309
-0.037416 0.032315 -0.998432 -309.137063 -0.036232 0.998412 0.033673 8.883019 0.998279 0.037448 -0.036198 10.335576
-0.037363 0.030649 -0.998485 -310.388171 -0.037562 0.998414 0.032054 8.907335 0.998230 0.038717 -0.036165 10.276155
-0.036781 0.030179 -0.998521 -311.630474 -0.037577 0.998429 0.031562 8.929408 0.998250 0.038696 -0.035602 10.219712
-0.035786 0.029715 -0.998569 -312.869825 -0.035741 0.998513 0.030996 8.947980 0.998353 0.036812 -0.034683 10.165859
