1.000000 0.000000 0.000000 0.000000 0.000000 1.000000 0.000000 0.000000 0.000000 0.000000 1.000000 0.000000
0.999873 0.001547 0.015781 0.011030 -0.001531 0.999997 -0.001019 -0.000705 -0.015783 0.000995 0.999874 0.126536
0.999294 0.004507 0.037250 0.027939 -0.004487 0.999988 -0.000603 -0.001236 -0.037252 0.000435 0.999304 0.271871
0.997897 0.006126 0.064496 0.056493 -0.006189 0.999978 0.000766 -0.001757 -0.064490 -0.001164 0.997915 0.434623
0.995105 0.005725 0.098629 0.100358 -0.006046 0.999974 0.002965 -0.001822 -0.098610 -0.003546 0.995117 0.610450
0.990597 0.002539 0.136757 0.160663 -0.003246 0.999978 0.004949 -0.002223 -0.136742 -0.005346 0.990588 0.791568
0.984351 -0.000488 0.176185 0.235527 -0.000454 0.999980 0.005304 -0.002145 -0.176185 -0.005301 0.984338 0.981130
0.975568 -0.000540 0.219668 0.320769 -0.000890 0.999972 0.006410 -0.000725 -0.219667 -0.006449 0.975547 1.179106
0.963395 -0.000278 0.268057 0.414311 -0.002283 0.999947 0.009243 0.003374 -0.268048 -0.009517 0.963351 1.396814
0.948818 -0.004135 0.315771 0.533373 -0.001096 0.999857 0.016384 0.002562 -0.315796 -0.015892 0.948685 1.621861
0.931770 -0.013435 0.362755 0.678972 0.004983 0.999678 0.024224 0.000730 -0.362969 -0.020764 0.931553 1.843918
0.910407 -0.018735 0.413226 0.820634 0.007592 0.999538 0.028592 -0.001952 -0.413581 -0.022893 0.910152 2.040907
0.885107 -0.020261 0.464885 0.973845 0.005645 0.999419 0.032810 -0.004652 -0.465292 -0.026416 0.884731 2.243832
0.856458 -0.022383 0.515679 1.161921 0.003709 0.999275 0.037214 0.002806 -0.516151 -0.029960 0.855942 2.474453
0.823988 -0.027116 0.565913 1.368212 0.004435 0.999109 0.041416 0.009118 -0.566545 -0.031617 0.823394 2.690424
0.787737 -0.032500 0.615115 1.582633 0.006281 0.998959 0.044737 0.010322 -0.615939 -0.031378 0.787140 2.892956
0.749446 -0.036402 0.661031 1.822438 0.006753 0.998837 0.047348 0.016432 -0.661995 -0.031021 0.748838 3.099723
0.709050 -0.039256 0.704031 2.099276 0.007541 0.998794 0.048097 0.031010 -0.705082 -0.028795 0.708509 3.317297
0.666778 -0.040776 0.744107 2.398826 0.006437 0.998758 0.048962 0.049438 -0.745193 -0.027858 0.666230 3.533967
0.623901 -0.040710 0.780409 2.726234 0.001451 0.998678 0.050936 0.067438 -0.781467 -0.030648 0.623153 3.754169
0.581741 -0.041323 0.812299 3.077130 -0.001473 0.998637 0.051858 0.084452 -0.813347 -0.031365 0.580901 3.967680
0.541351 -0.042463 0.839701 3.459582 -0.003391 0.998589 0.052684 0.103408 -0.840766 -0.031368 0.540456 4.176079
0.502630 -0.044502 0.863335 3.867264 -0.005009 0.998492 0.054386 0.121212 -0.864466 -0.031661 0.501661 4.379269
0.464984 -0.044083 0.884194 4.301979 -0.008139 0.998482 0.054061 0.141367 -0.885254 -0.032335 0.463933 4.581241
0.428403 -0.043289 0.902513 4.765201 -0.009103 0.998560 0.052217 0.163135 -0.903505 -0.030586 0.427411 4.772924
0.394675 -0.041778 0.917830 5.256278 -0.007798 0.998739 0.048814 0.186783 -0.918747 -0.026424 0.393871 4.956353
0.365022 -0.039922 0.930094 5.776192 -0.005684 0.998923 0.045107 0.210721 -0.930933 -0.021753 0.364421 5.134797
0.339611 -0.037938 0.939755 6.319670 -0.004529 0.999068 0.041970 0.235073 -0.940510 -0.018511 0.339140 5.311745
0.319374 -0.037293 0.946851 6.892582 -0.003379 0.999134 0.040492 0.258957 -0.947579 -0.016133 0.318988 5.491702
0.304740 -0.037757 0.951642 7.491359 -0.002396 0.999140 0.040409 0.282293 -0.952388 -0.014595 0.304404 5.673668
0.293204 -0.039236 0.955200 8.118587 -0.001479 0.999098 0.041494 0.303965 -0.956005 -0.013579 0.292897 5.860292
0.282320 -0.041054 0.958396 8.768211 -0.002758 0.999004 0.043606 0.328216 -0.959271 -0.014954 0.281942 6.048415
0.271766 -0.042747 0.961367 9.445049 -0.004163 0.998909 0.045593 0.354526 -0.962308 -0.016394 0.271307 6.238964
0.261735 -0.044463 0.964066 10.141140 -0.005001 0.998817 0.047423 0.381982 -0.965077 -0.017234 0.261219 6.425317
0.251604 -0.046284 0.966670 10.860804 -0.006080 0.998712 0.049401 0.410453 -0.967758 -0.018308 0.251015 6.610654
0.241244 -0.047719 0.969237 11.600785 -0.006207 0.998644 0.050712 0.442049 -0.970391 -0.018251 0.240637 6.791407
0.230970 -0.048992 0.971671 12.360338 -0.006349 0.998582 0.051858 0.473444 -0.972885 -0.018147 0.230348 6.968928
0.220532 -0.051765 0.973943 13.136261 -0.007659 0.998409 0.054799 0.507611 -0.975288 -0.019546 0.219802 7.142478
0.209265 -0.055316 0.976232 13.923465 -0.009350 0.998181 0.058564 0.544089 -0.977753 -0.021385 0.208383 7.310248
0.197084 -0.059141 0.978540 14.720895 -0.010325 0.997940 0.062393 0.579864 -0.980271 -0.022402 0.196083 7.471610
0.184143 -0.061294 0.980926 15.520176 -0.011245 0.997798 0.064460 0.616647 -0.982774 -0.022901 0.183063 7.619318
0.170173 -0.061731 0.983411 16.325905 -0.011639 0.997775 0.064647 0.654718 -0.985278 -0.022449 0.169092 7.755397
0.155738 -0.060697 0.985852 17.138451 -0.012988 0.997820 0.063486 0.693319 -0.987633 -0.022693 0.154627 7.883849
0.139183 -0.059555 0.988394 17.958025 -0.013530 0.997904 0.062034 0.732001 -0.990094 -0.022009 0.138101 7.995958
0.118667 -0.057862 0.991166 18.780974 -0.016191 0.997976 0.060198 0.768691 -0.992722 -0.023193 0.117503 8.093622
0.093045 -0.056506 0.993972 19.609228 -0.020743 0.997977 0.058676 0.804047 -0.995361 -0.026079 0.091696 8.171939
0.062591 -0.056001 0.996381 20.449585 -0.024711 0.997946 0.057641 0.838595 -0.997648 -0.028232 0.061088 8.223894
0.029143 -0.055762 0.997930 21.292888 -0.027885 0.997921 0.056576 0.872642 -0.999098 -0.029479 0.027534 8.245117
-0.005238 -0.055179 0.998372 22.135719 -0.029444 0.997962 0.055002 0.901861 -0.999463 -0.029110 -0.006848 8.234669
-0.039299 -0.053899 0.997681 22.981031 -0.030430 0.998054 0.052721 0.931284 -0.998673 -0.028290 -0.040862 8.194744
-0.072223 -0.051953 0.995946 23.826158 -0.032524 0.998146 0.049710 0.959027 -0.996770 -0.028805 -0.073781 8.128589
-0.104619 -0.049061 0.993217 24.669499 -0.034735 0.998270 0.045653 0.982508 -0.993822 -0.029726 -0.106147 8.034933
-0.137031 -0.044459 0.989486 25.507381 -0.031709 0.998595 0.040478 1.002303 -0.989977 -0.025831 -0.138256 7.908226
-0.168636 -0.038432 0.984841 26.339186 -0.026245 0.998974 0.034490 1.018718 -0.985241 -0.020032 -0.169482 7.750169
-0.198894 -0.032014 0.979400 27.166261 -0.019763 0.999299 0.028651 1.030211 -0.979725 -0.013659 -0.199402 7.563610
-0.227800 -0.026243 0.973258 27.990765 -0.013692 0.999531 0.023747 1.036887 -0.973516 -0.007916 -0.228069 7.353432
-0.255716 -0.020084 0.966443 28.807041 -0.005156 0.999702 0.019412 1.039286 -0.966639 -0.000019 -0.255764 7.117272
-0.281749 -0.009627 0.959336 29.609719 0.000875 0.999847 0.010291 1.032353 -0.959385 0.003739 -0.281721 6.862907
-0.307045 0.006039 0.951572 30.399317 0.005648 0.999875 -0.004522 1.017679 -0.951576 0.003986 -0.307067 6.593495
-0.331774 0.023439 0.942965 31.176170 0.006734 0.999627 -0.022478 0.995790 -0.943233 -0.001108 -0.331837 6.310958
-0.356790 0.038364 0.933295 31.943101 0.007110 0.999144 -0.038352 0.963444 -0.934058 -0.007048 -0.356787 6.009349
-0.381225 0.048909 0.923087 32.700736 0.011130 0.998676 -0.048317 0.918734 -0.924316 -0.008146 -0.381297 5.687014
-0.404675 0.053095 0.912815 33.454376 0.014255 0.998462 -0.051757 0.866514 -0.914248 -0.007933 -0.404845 5.341384
-0.426906 0.052783 0.902644 34.197766 0.017977 0.998491 -0.049885 0.811547 -0.904007 -0.005069 -0.427250 4.976676
-0.447053 0.048525 0.893076 34.927936 0.021562 0.998718 -0.043471 0.758012 -0.894134 -0.000177 -0.447569 4.599067
-0.464626 0.047527 0.884115 35.648234 0.029519 0.998730 -0.038175 0.707352 -0.884900 0.008362 -0.465484 4.200973
-0.478345 0.047854 0.876750 36.355265 0.031742 0.998698 -0.037192 0.658610 -0.877482 0.010041 -0.479288 3.803963
-0.489428 0.052099 0.870366 37.052125 0.035816 0.998465 -0.039626 0.611576 -0.871191 0.011780 -0.490591 3.403024
-0.499207 0.054600 0.864642 37.743262 0.036668 0.998343 -0.041873 0.564190 -0.865590 0.010803 -0.500431 2.997956
-0.509903 0.053989 0.858418 38.431692 0.030801 0.998430 -0.044499 0.513488 -0.859565 0.003751 -0.510815 2.594567
-0.521102 0.052609 0.851745 39.115519 0.030230 0.998499 -0.043179 0.464829 -0.852835 0.003248 -0.521963 2.182142
-0.529808 0.053980 0.846270 39.794091 0.032209 0.998422 -0.043520 0.419290 -0.847382 0.004201 -0.530765 1.752412
-0.536946 0.057081 0.841555 40.475344 0.035380 0.998243 -0.045135 0.370633 -0.842750 0.005540 -0.538077 1.311738
-0.540448 0.060033 0.839100 41.167070 0.036441 0.998070 -0.047935 0.325088 -0.840459 0.004672 -0.541651 0.868392
-0.540240 0.062342 0.839070 41.873465 0.036234 0.997939 -0.050816 0.279231 -0.840606 0.002951 -0.541441 0.418653
-0.536804 0.062574 0.841258 42.592183 0.038218 0.997916 -0.049839 0.228822 -0.842719 0.005399 -0.538131 -0.042679
-0.530982 0.061479 0.845025 43.331090 0.036341 0.997990 -0.049773 0.176518 -0.846483 0.004282 -0.532202 -0.498421
-0.524070 0.060191 0.849420 44.088614 0.034172 0.998072 -0.049642 0.125371 -0.850868 0.003011 -0.525169 -0.955717
-0.516915 0.059693 0.853826 44.863206 0.032520 0.998103 -0.050092 0.072314 -0.855295 0.001874 -0.517929 -1.416228
-0.510617 0.058301 0.857703 45.656663 0.029558 0.998187 -0.050253 0.018301 -0.859177 -0.000307 -0.511467 -1.877920
-0.506393 0.056037 0.860353 46.468786 0.025128 0.998308 -0.050232 -0.035892 -0.861814 -0.003818 -0.506997 -2.343042
-0.505131 0.053348 0.861258 47.294453 0.020939 0.998432 -0.049564 -0.091912 -0.862659 -0.007003 -0.505511 -2.811896
-0.505584 0.050756 0.861148 48.134520 0.017692 0.998548 -0.048467 -0.149038 -0.862464 -0.009269 -0.505804 -3.292920
-0.506489 0.049776 0.860673 48.983662 0.016621 0.998590 -0.047971 -0.206338 -0.861954 -0.009992 -0.506658 -3.784092
-0.507038 0.049006 0.860392 49.841267 0.016266 0.998627 -0.047294 -0.263020 -0.861637 -0.009986 -0.507196 -4.280546
-0.507210 0.048617 0.860311 50.711269 0.016129 0.998645 -0.046925 -0.320657 -0.861537 -0.009926 -0.507365 -4.788008
-0.507257 0.047842 0.860314 51.592013 0.016270 0.998677 -0.045943 -0.379013 -0.861494 -0.009308 -0.507427 -5.302240
-0.507433 0.047582 0.860212 52.479291 0.015731 0.998674 -0.045961 -0.438694 -0.861388 -0.009792 -0.507577 -5.818232
-0.507683 0.045977 0.860155 53.371251 0.013797 0.998738 -0.045241 -0.499423 -0.861277 -0.011102 -0.507743 -6.334731
-0.507623 0.045309 0.860224 54.261864 0.013382 0.998766 -0.044710 -0.562750 -0.861317 -0.011185 -0.507671 -6.853163
-0.507179 0.044483 0.860529 55.148426 0.011921 0.998789 -0.044604 -0.625161 -0.861600 -0.012365 -0.507163 -7.365536
-0.505948 0.042933 0.861332 56.036480 0.011338 0.998861 -0.043128 -0.687371 -0.862331 -0.012057 -0.505926 -7.877059
-0.503891 0.040897 0.862649 56.927718 0.011472 0.998974 -0.040659 -0.749039 -0.863545 -0.010593 -0.503906 -8.389798
-0.501511 0.039551 0.864112 57.820084 0.011858 0.999050 -0.038846 -0.808519 -0.864937 -0.009236 -0.501562 -8.898211
-0.499181 0.039381 0.865467 58.707927 0.011851 0.999057 -0.038626 -0.865747 -0.866283 -0.009026 -0.499236 -9.402176
-0.497125 0.039710 0.866638 59.595745 0.012040 0.999049 -0.038871 -0.923375 -0.867465 -0.008890 -0.497187 -9.904643
-0.496217 0.040281 0.867136 60.482647 0.012117 0.999027 -0.039475 -0.983067 -0.867988 -0.009082 -0.496277 -10.406884
-0.497119 0.041663 0.866555 61.363674 0.011286 0.998954 -0.041555 -1.042304 -0.867485 -0.010878 -0.497124 -10.904257
-0.500058 0.043515 0.864769 62.239194 0.009995 0.998840 -0.044482 -1.103173 -0.865808 -0.013601 -0.499969 -11.402204
-0.504607 0.043923 0.862102 63.110636 0.008730 0.998794 -0.045778 -1.166513 -0.863181 -0.015575 -0.504437 -11.903376
-0.510169 0.042568 0.858892 63.973743 0.010000 0.998881 -0.043567 -1.228050 -0.859893 -0.013639 -0.510079 -12.409928
-0.515685 0.040245 0.855703 64.831888 0.011165 0.999007 -0.040256 -1.289899 -0.856581 -0.011207 -0.515678 -12.924112
-0.521076 0.037779 0.852543 65.687639 0.008499 0.999079 -0.039079 -1.350242 -0.853343 -0.013118 -0.520974 -13.437059
-0.526236 0.041135 0.849213 66.530730 0.010488 0.998948 -0.041889 -1.407790 -0.850150 -0.013138 -0.526170 -13.954885
-0.531369 0.042684 0.845935 67.365609 0.010784 0.998871 -0.043628 -1.466296 -0.846949 -0.014062 -0.531287 -14.473454
-0.536200 0.043607 0.842836 68.200574 0.009536 0.998797 -0.045610 -1.529473 -0.843916 -0.016420 -0.536028 -14.993807
-0.540165 0.043513 0.840304 69.028497 0.007884 0.998762 -0.046651 -1.591278 -0.841399 -0.018576 -0.539897 -15.512869
-0.543579 0.042951 0.838131 69.845629 0.008829 0.998811 -0.045460 -1.651263 -0.839191 -0.017313 -0.543369 -16.036962
-0.545786 0.036198 0.837031 70.663031 0.009811 0.999171 -0.036813 -1.707244 -0.837762 -0.011881 -0.545739 -16.569655
-0.548075 0.027430 0.835864 71.484596 0.009153 0.999493 -0.026799 -1.761373 -0.836270 -0.007037 -0.548100 -17.101880
-0.549637 0.026215 0.834876 72.293917 0.010469 0.999538 -0.024494 -1.808897 -0.835228 -0.004722 -0.549711 -17.630484
-0.550536 0.030765 0.834119 73.089562 0.010370 0.999383 -0.030016 -1.850694 -0.834626 -0.007876 -0.550573 -18.154060
-0.551744 0.037433 0.833047 73.883815 0.012395 0.999137 -0.036687 -1.897255 -0.833799 -0.009917 -0.551790 -18.677201
-0.552117 0.041245 0.832622 74.678074 0.017715 0.999020 -0.037742 -1.945209 -0.833458 -0.006088 -0.552363 -19.207985
-0.551633 0.042669 0.832874 75.471456 0.021499 0.998978 -0.036940 -2.000528 -0.833693 -0.002471 -0.552041 -19.744297
-0.551272 0.039181 0.833286 76.263943 0.019943 0.999123 -0.033786 -2.049391 -0.833972 -0.002007 -0.551625 -20.263994
-0.550632 0.034501 0.833916 77.057095 0.018661 0.999298 -0.029022 -2.091968 -0.834424 -0.000419 -0.550944 -20.781874
-0.549723 0.027746 0.834768 77.849228 0.015648 0.999508 -0.022917 -2.138548 -0.835085 0.000465 -0.549941 -21.298250
-0.549319 0.022043 0.835205 78.645845 0.007136 0.999634 -0.021690 -2.179656 -0.835468 -0.005955 -0.549329 -21.801967
-0.547875 0.016911 0.836271 79.442010 -0.000332 0.999684 -0.020433 -2.212899 -0.836445 -0.011473 -0.547751 -22.301942
-0.545625 0.017886 0.837718 80.225772 0.003213 0.999700 -0.019252 -2.249685 -0.837905 -0.007813 -0.545575 -22.813017
-0.542462 0.021221 0.839683 81.011749 0.007132 0.999644 -0.020656 -2.288747 -0.839924 -0.005217 -0.542480 -23.323065
-0.537035 0.024598 0.843071 81.799480 0.009398 0.999569 -0.023178 -2.322351 -0.843381 -0.004525 -0.537094 -23.822856
-0.529074 0.027015 0.848014 82.591419 0.014597 0.999515 -0.022735 -2.359622 -0.848322 0.000351 -0.529271 -24.322182
-0.520707 0.030538 0.853057 83.385194 0.022131 0.999386 -0.022268 -2.401105 -0.853320 0.007286 -0.521122 -24.815731
-0.510622 0.029532 0.859159 84.186910 0.019527 0.999422 -0.022748 -2.436344 -0.859448 0.005162 -0.510965 -25.288730
-0.499914 0.027323 0.865498 84.999047 0.017334 0.999483 -0.021541 -2.469839 -0.865759 0.004235 -0.500192 -25.744720
-0.488055 0.024266 0.872331 85.809892 0.017789 0.999548 -0.017853 -2.505786 -0.872491 0.006806 -0.488327 -26.197030
-0.476702 0.023645 0.878603 86.626730 0.017497 0.999560 -0.017407 -2.541368 -0.878750 0.007076 -0.476966 -26.636758
-0.464815 0.022964 0.884967 87.450561 0.018088 0.999565 -0.016438 -2.571062 -0.885085 0.008368 -0.465086 -27.062822
-0.452505 0.024207 0.891291 88.273125 0.019676 0.999523 -0.017158 -2.604066 -0.891408 0.009774 -0.452821 -27.480937
-0.440219 0.028164 0.897309 89.099510 0.019539 0.999437 -0.021784 -2.645333 -0.897543 0.007944 -0.440574 -27.882955
-0.428418 0.037505 0.902664 89.924639 0.022345 0.999139 -0.030909 -2.681169 -0.903172 0.006929 -0.428939 -28.272788
-0.415443 0.042286 0.908494 90.750224 0.021838 0.998956 -0.036511 -2.718683 -0.909220 0.004673 -0.415985 -28.649582
-0.403878 0.038913 0.913844 91.596320 0.020338 0.999092 -0.033555 -2.765561 -0.914451 0.005035 -0.404352 -29.014707
-0.392264 0.035290 0.919039 92.446822 0.019064 0.999229 -0.030233 -2.814184 -0.919527 0.005662 -0.392679 -29.367932
-0.382545 0.036197 0.923099 93.285826 0.016181 0.999215 -0.032476 -2.861526 -0.923674 0.002514 -0.382871 -29.706274
-0.375557 0.040749 0.925766 94.127019 0.011488 0.999026 -0.039313 -2.911552 -0.926598 -0.004130 -0.375702 -30.033980
-0.370767 0.045777 0.927452 94.970436 0.005754 0.998727 -0.046996 -2.961577 -0.928572 -0.012089 -0.370606 -30.354694
-0.367184 0.047929 0.928764 95.814326 0.002994 0.998573 -0.050348 -3.017747 -0.930004 -0.015708 -0.366852 -30.677228
-0.363306 0.047735 0.930297 96.660607 0.001473 0.998559 -0.050663 -3.078461 -0.931528 -0.017038 -0.362900 -30.999216
-0.358431 0.047785 0.932182 97.503732 0.000820 0.998548 -0.050873 -3.138629 -0.933414 -0.017472 -0.357998 -31.314015
-0.352510 0.043534 0.934635 98.349616 -0.002411 0.998705 -0.047429 -3.195508 -0.935653 -0.018975 -0.351999 -31.625799
-0.347069 0.040011 0.936827 99.201240 -0.002939 0.998871 -0.043751 -3.252719 -0.937684 -0.017941 -0.346609 -31.933618
-0.341256 0.037064 0.939081 100.050509 -0.004851 0.998973 -0.041192 -3.309151 -0.939808 -0.018616 -0.340774 -32.233544
-0.335488 0.035407 0.941231 100.904961 -0.013267 0.998858 -0.042305 -3.361313 -0.941812 -0.026684 -0.334680 -32.520326
-0.329472 0.035569 0.943349 101.755716 -0.020636 0.998623 -0.044862 -3.412808 -0.943802 -0.034253 -0.328327 -32.794116
-0.322742 0.039845 0.945503 102.604091 -0.019069 0.998481 -0.048588 -3.468531 -0.946159 -0.033716 -0.321533 -33.075787
-0.315608 0.043364 0.947747 103.447703 -0.017435 0.998360 -0.051487 -3.522671 -0.948587 -0.032778 -0.314376 -33.352748
-0.309137 0.041596 0.949947 104.305087 -0.018936 0.998405 -0.049881 -3.576532 -0.950678 -0.033413 -0.307900 -33.621502
-0.302202 0.036758 0.952366 105.168172 -0.019497 0.998631 -0.044731 -3.635197 -0.952888 -0.032091 -0.301115 -33.886134
-0.295229 0.034058 0.954649 106.028383 -0.021201 0.998706 -0.042187 -3.691474 -0.955033 -0.032700 -0.294167 -34.143118
-0.288803 0.037448 0.956480 106.887601 -0.023044 0.998489 -0.046051 -3.743984 -0.956948 -0.035347 -0.287546 -34.391885
-0.282376 0.040319 0.958275 107.747657 -0.022326 0.998379 -0.048587 -3.799489 -0.958875 -0.035121 -0.281061 -34.635612
-0.275609 0.040960 0.960213 108.605774 -0.024931 0.998259 -0.049740 -3.854664 -0.960774 -0.037655 -0.274150 -34.869986
-0.268509 0.040586 0.962238 109.472140 -0.025135 0.998283 -0.049121 -3.912316 -0.962776 -0.037382 -0.267069 -35.101058
-0.260395 0.040449 0.964471 110.332377 -0.021188 0.998447 -0.047596 -3.970380 -0.965097 -0.032835 -0.259174 -35.332087
-0.252571 0.041674 0.966495 111.196718 -0.018750 0.998477 -0.047954 -4.027455 -0.967222 -0.030239 -0.251443 -35.557302
-0.245989 0.042349 0.968172 112.061742 -0.017930 0.998487 -0.048232 -4.084089 -0.968942 -0.029228 -0.244893 -35.769672
-0.239039 0.041128 0.969969 112.928805 -0.023939 0.998366 -0.048233 -4.141118 -0.970556 -0.034755 -0.237697 -35.969232
-0.233573 0.039432 0.971371 113.801468 -0.028614 0.998283 -0.047406 -4.197299 -0.971760 -0.038874 -0.232075 -36.159275
-0.229135 0.039655 0.972414 114.676606 -0.026224 0.998369 -0.046894 -4.252961 -0.972880 -0.036252 -0.227753 -36.358022
-0.223759 0.040080 0.973634 115.554190 -0.023899 0.998428 -0.046595 -4.311922 -0.974177 -0.033701 -0.222483 -36.560139
-0.218998 0.041480 0.974651 116.423189 -0.023080 0.998390 -0.047677 -4.367078 -0.975271 -0.032942 -0.217722 -36.747703
-0.212912 0.040854 0.976015 117.293006 -0.016974 0.998604 -0.045503 -4.419744 -0.976733 -0.026260 -0.211956 -36.940294
-0.207206 0.039733 0.977281 118.160044 -0.009753 0.998819 -0.042678 -4.472671 -0.978051 -0.018378 -0.206609 -37.130902
-0.202281 0.038929 0.978345 119.030315 -0.008041 0.998888 -0.041410 -4.527789 -0.979097 -0.016246 -0.201776 -37.310048
-0.198179 0.040743 0.979104 119.905521 -0.010037 0.998770 -0.043594 -4.577353 -0.979911 -0.018470 -0.197560 -37.477545
-0.194564 0.042683 0.979738 120.778222 -0.011711 0.998644 -0.045833 -4.627912 -0.980608 -0.020396 -0.193834 -37.643493
-0.192903 0.042047 0.980093 121.650291 -0.014204 0.998620 -0.045638 -4.683525 -0.980903 -0.022730 -0.192074 -37.805247
-0.191940 0.040999 0.980325 122.523839 -0.014775 0.998655 -0.044660 -4.736132 -0.981082 -0.023061 -0.191110 -37.967697
-0.190867 0.036590 0.980711 123.397898 -0.013372 0.998878 -0.039871 -4.786753 -0.981311 -0.020729 -0.190198 -38.134241
-0.189891 0.031317 0.981083 124.271097 -0.014530 0.999055 -0.034704 -4.839019 -0.981484 -0.020850 -0.189290 -38.295617
-0.189069 0.029562 0.981296 125.140248 -0.013902 0.999129 -0.032779 -4.887198 -0.981652 -0.019844 -0.188527 -38.455982
-0.187967 0.034260 0.981355 125.997402 -0.014214 0.998954 -0.037598 -4.934033 -0.981859 -0.021020 -0.187317 -38.612953
-0.187890 0.038051 0.981229 126.850145 -0.014220 0.998801 -0.041457 -4.980497 -0.981873 -0.021747 -0.187157 -38.770966
-0.187944 0.037271 0.981243 127.706445 -0.017311 0.998755 -0.041253 -5.027722 -0.981807 -0.024745 -0.187099 -38.924806
-0.187333 0.036393 0.981391 128.558064 -0.018996 0.998747 -0.040663 -5.081910 -0.981891 -0.026266 -0.186441 -39.078898
-0.186394 0.037314 0.981536 129.403629 -0.014363 0.998826 -0.040700 -5.132829 -0.982151 -0.021689 -0.185673 -39.241530
-0.185453 0.040062 0.981607 130.242084 -0.016108 0.998669 -0.043802 -5.178659 -0.982303 -0.023940 -0.184594 -39.395467
-0.185892 0.041037 0.981486 131.078561 -0.024522 0.998383 -0.046388 -5.231900 -0.982048 -0.032698 -0.184618 -39.535057
-0.185392 0.042572 0.981515 131.910883 -0.030292 0.998099 -0.049014 -5.286472 -0.981981 -0.038828 -0.183782 -39.676862
-0.184817 0.046301 0.981454 132.737014 -0.027240 0.998024 -0.052213 -5.342377 -0.982179 -0.036393 -0.183222 -39.829408
-0.184376 0.047372 0.981485 133.562886 -0.025620 0.998026 -0.052984 -5.401132 -0.982305 -0.034922 -0.182830 -39.978529
-0.182789 0.048358 0.981745 134.387063 -0.027252 0.997926 -0.054230 -5.460399 -0.982568 -0.036675 -0.181122 -40.121680
-0.180652 0.047807 0.982175 135.206756 -0.019010 0.998241 -0.052086 -5.517581 -0.983167 -0.028086 -0.179453 -40.275676
-0.177077 0.044678 0.982978 136.026103 -0.013920 0.998540 -0.047893 -5.575453 -0.983907 -0.022168 -0.176222 -40.428943
-0.175080 0.039732 0.983546 136.841731 -0.010520 0.998836 -0.042223 -5.632241 -0.984305 -0.017742 -0.174484 -40.574498
-0.171477 0.039330 0.984205 137.652492 -0.010036 0.998872 -0.041666 -5.684190 -0.984953 -0.017026 -0.170913 -40.709594
-0.166367 0.044388 0.984879 138.453996 -0.009017 0.998677 -0.046534 -5.738861 -0.985852 -0.016625 -0.165767 -40.841899
-0.159849 0.047691 0.985802 139.248893 -0.008044 0.998536 -0.049612 -5.789531 -0.986937 -0.015862 -0.159251 -40.965016
-0.151700 0.048622 0.987044 140.049091 -0.009034 0.998480 -0.050574 -5.834911 -0.988214 -0.016592 -0.151048 -41.080691
-0.142058 0.044229 0.988685 140.851020 -0.007183 0.998731 -0.045712 -5.889808 -0.989662 -0.013598 -0.141575 -41.189681
-0.129882 0.043004 0.990421 141.644894 -0.003762 0.998841 -0.043864 -5.941998 -0.991361 -0.009424 -0.129581 -41.293324
-0.115771 0.045853 0.992041 142.429607 0.000286 0.998747 -0.046130 -5.989952 -0.993115 -0.005057 -0.115647 -41.385147
-0.101769 0.047015 0.993520 143.215119 -0.000875 0.998689 -0.047350 -6.037754 -0.994645 -0.005689 -0.101600 -41.457038
-0.087851 0.047302 0.994833 143.999279 0.000382 0.998684 -0.047452 -6.087000 -0.995971 -0.003788 -0.087757 -41.520968
-0.074091 0.049121 0.995866 144.781159 0.000883 0.998602 -0.049191 -6.140218 -0.997090 -0.002765 -0.074030 -41.574369
-0.060239 0.055437 0.996467 145.555846 -0.001681 0.998259 -0.055639 -6.199462 -0.998020 -0.005027 -0.060038 -41.610558
-0.047896 0.064790 0.996570 146.318541 -0.009029 0.997633 -0.065293 -6.255916 -0.998646 -0.012127 -0.047193 -41.625369
-0.034381 0.072935 0.996561 147.077978 -0.013295 0.997016 -0.073427 -6.314343 -0.999151 -0.015776 -0.033301 -41.633838
-0.021403 0.073675 0.996864 147.842218 -0.014211 0.996957 -0.073987 -6.375375 -0.999496 -0.015753 -0.020280 -41.638990
-0.009713 0.069967 0.997315 148.608479 -0.018439 0.997167 -0.070137 -6.441009 -0.999610 -0.019074 -0.008383 -41.632002
0.001039 0.067753 0.997512 149.372479 -0.022615 0.997246 -0.067711 -6.510357 -0.999568 -0.022492 0.002584 -41.615755
0.010302 0.074224 0.996996 150.123599 -0.025854 0.996722 -0.073937 -6.580589 -0.999434 -0.025019 0.012205 -41.594823
0.017228 0.082308 0.996265 150.870297 -0.028850 0.996025 -0.081790 -6.645871 -0.999255 -0.027338 0.019553 -41.572677
0.020546 0.085538 0.995925 151.621571 -0.031654 0.995678 -0.084864 -6.709031 -0.999102 -0.029787 0.023184 -41.548312
0.020709 0.081031 0.996293 152.374892 -0.033658 0.995984 -0.080307 -6.779508 -0.999028 -0.031876 0.023373 -41.524340
0.019310 0.076902 0.996656 153.127232 -0.034963 0.996270 -0.076196 -6.855837 -0.999019 -0.033381 0.021946 -41.504754
0.016604 0.074122 0.996927 153.877480 -0.033276 0.996539 -0.073540 -6.922776 -0.999137 -0.031958 0.019032 -41.489682
0.013952 0.074576 0.996941 154.623012 -0.031068 0.996576 -0.074114 -6.985293 -0.999257 -0.029944 0.016239 -41.478681
0.010469 0.074637 0.996979 155.366135 -0.029238 0.996617 -0.074303 -7.053407 -0.999354 -0.028377 0.012633 -41.469888
0.005873 0.073104 0.997129 156.109953 -0.029932 0.996700 -0.072897 -7.123138 -0.999370 -0.029422 0.008059 -41.461038
0.000649 0.073622 0.997106 156.851771 -0.030603 0.996628 -0.073568 -7.183157 -0.999365 -0.030471 0.002915 -41.456689
-0.005065 0.071778 0.997225 157.593944 -0.031597 0.996716 -0.071903 -7.247033 -0.999319 -0.031879 -0.002766 -41.456774
-0.010533 0.069089 0.997374 158.333912 -0.029042 0.996975 -0.069368 -7.315794 -0.999356 -0.029701 -0.008482 -41.466876
-0.016039 0.069123 0.997309 159.066263 -0.029734 0.996948 -0.069577 -7.376678 -0.999273 -0.030775 -0.013923 -41.473449
-0.021548 0.070586 0.997099 159.792130 -0.031296 0.996780 -0.071240 -7.437287 -0.999119 -0.032745 -0.019259 -41.481907
-0.025558 0.072790 0.996843 160.512161 -0.031631 0.996595 -0.073583 -7.504258 -0.999011 -0.033417 -0.023159 -41.494168
-0.028002 0.075182 0.996609 161.231641 -0.031720 0.996416 -0.076059 -7.569112 -0.998952 -0.033748 -0.025507 -41.510939
-0.029338 0.076735 0.996452 161.948906 -0.028874 0.996385 -0.077581 -7.631126 -0.998999 -0.031052 -0.027007 -41.533176
-0.028585 0.075417 0.996578 162.662579 -0.025907 0.996579 -0.076161 -7.693521 -0.999106 -0.028000 -0.026524 -41.553055
-0.023956 0.071563 0.996987 163.375541 -0.023184 0.996951 -0.072119 -7.762436 -0.999298 -0.024845 -0.022214 -41.573739
-0.016629 0.071574 0.997127 164.076642 -0.022516 0.996970 -0.071939 -7.827250 -0.999453 -0.023651 -0.014955 -41.578121
-0.005250 0.072369 0.997188 164.770553 -0.020143 0.996976 -0.072461 -7.889255 -0.999622 -0.020469 -0.003763 -41.576643
0.009490 0.072797 0.997119 165.462687 -0.017846 0.997003 -0.072619 -7.948507 -0.999628 -0.017107 0.010778 -41.567524
0.024825 0.070505 0.997015 166.151097 -0.019126 0.997158 -0.070040 -8.005410 -0.999336 -0.017332 0.026124 -41.539658
0.041235 0.065911 0.996780 166.835034 -0.024403 0.997382 -0.064942 -8.062909 -0.998672 -0.021650 0.042760 -41.497008
0.057242 0.059301 0.996401 167.512622 -0.026138 0.997770 -0.057881 -8.117138 -0.997835 -0.022735 0.058692 -41.440394
0.074977 0.052155 0.995622 168.189264 -0.026670 0.998165 -0.050281 -8.164799 -0.996643 -0.022787 0.076262 -41.383580
0.091788 0.044857 0.994565 168.856064 -0.027774 0.998494 -0.042471 -8.209115 -0.995201 -0.023729 0.092932 -41.303998
0.108963 0.039162 0.993065 169.519467 -0.029922 0.998676 -0.036101 -8.251640 -0.993399 -0.025786 0.110031 -41.216413
0.127649 0.036901 0.990914 170.176335 -0.030844 0.998738 -0.033220 -8.291023 -0.991132 -0.026329 0.128673 -41.123508
0.145632 0.035717 0.988475 170.821647 -0.029932 0.998816 -0.031681 -8.324016 -0.988678 -0.024979 0.146580 -41.017365
0.163008 0.035206 0.985776 171.459633 -0.031482 0.998806 -0.030467 -8.354172 -0.985913 -0.026074 0.163977 -40.897216
0.179165 0.034354 0.982992 172.089233 -0.036531 0.998693 -0.028246 -8.382908 -0.982924 -0.030856 0.180247 -40.764801
0.193425 0.030868 0.980394 172.714993 -0.038943 0.998712 -0.023763 -8.412397 -0.980118 -0.033591 0.194443 -40.623507
0.206243 0.027044 0.977898 173.340204 -0.035617 0.998922 -0.020115 -8.438533 -0.977634 -0.030688 0.207051 -40.489526
0.216992 0.025968 0.975605 173.955945 -0.033635 0.999017 -0.019111 -8.464045 -0.975381 -0.028674 0.217721 -40.346365
0.227089 0.029835 0.973196 174.557217 -0.038039 0.998807 -0.021745 -8.491834 -0.972919 -0.032089 0.228024 -40.193309
0.235864 0.037040 0.970860 175.147322 -0.042366 0.998484 -0.027802 -8.520695 -0.970652 -0.034581 0.237148 -40.030617
0.245285 0.046885 0.968096 175.732604 -0.042276 0.998166 -0.037631 -8.547656 -0.968318 -0.031704 0.246892 -39.876226
0.253609 0.052722 0.965648 176.324423 -0.036815 0.998087 -0.044825 -8.573655 -0.966395 -0.024187 0.255142 -39.721306
0.260298 0.050935 0.963963 176.923330 -0.036207 0.998191 -0.042967 -8.599788 -0.964638 -0.023722 0.261749 -39.555652
0.266278 0.043564 0.962691 177.526055 -0.038932 0.998420 -0.034413 -8.628367 -0.962899 -0.028322 0.267633 -39.377346
0.270496 0.033314 0.961922 178.134023 -0.043551 0.998570 -0.022337 -8.658464 -0.961522 -0.035858 0.271641 -39.191184
0.272785 0.025252 0.961519 178.740052 -0.043861 0.998710 -0.013786 -8.689547 -0.960860 -0.038421 0.273622 -39.012978
0.274026 0.024578 0.961182 179.344349 -0.040419 0.998850 -0.014019 -8.713936 -0.960656 -0.035017 0.274787 -38.841029
0.275508 0.026562 0.960705 179.946665 -0.036908 0.998938 -0.017035 -8.733780 -0.960373 -0.030771 0.276279 -38.669786
0.277406 0.026168 0.960170 180.551788 -0.033695 0.999044 -0.017493 -8.749140 -0.959945 -0.027506 0.278106 -38.497335
0.279434 0.023856 0.959642 181.159801 -0.035419 0.999032 -0.014523 -8.765144 -0.959295 -0.029938 0.280092 -38.315749
0.282353 0.020283 0.958873 181.770322 -0.035745 0.999073 -0.010609 -8.783511 -0.958430 -0.031286 0.282900 -38.131208
0.285849 0.015057 0.957931 182.384496 -0.034997 0.999141 -0.005262 -8.802867 -0.957420 -0.032028 0.286215 -37.947351
0.290472 0.012382 0.956574 182.999342 -0.033790 0.999188 -0.002674 -8.815423 -0.956066 -0.031553 0.290742 -37.758038
0.297237 0.009952 0.954522 183.617012 -0.031715 0.999260 -0.000543 -8.825885 -0.954056 -0.030119 0.297422 -37.567712
0.305233 0.007000 0.952018 184.235876 -0.030397 0.999295 0.002397 -8.834591 -0.951568 -0.029677 0.305323 -37.364713
0.315421 0.004956 0.948702 184.858221 -0.027813 0.999362 0.004026 -8.847064 -0.948316 -0.027663 0.315453 -37.158410
0.326659 0.007186 0.944878 185.473027 -0.029443 0.999321 0.002578 -8.856949 -0.944455 -0.028669 0.326747 -36.936660
0.338216 0.011016 0.940765 186.087890 -0.030837 0.999282 -0.000617 -8.866082 -0.940332 -0.028808 0.338414 -36.702925
0.350190 0.014308 0.936330 186.703270 -0.032053 0.999237 -0.003282 -8.871871 -0.935898 -0.028870 0.350485 -36.465569
0.362086 0.014606 0.931789 187.320058 -0.030912 0.999271 -0.003653 -8.878998 -0.931398 -0.027487 0.362381 -36.219238
0.373730 0.011656 0.927221 187.941899 -0.030197 0.999300 -0.000392 -8.887414 -0.926810 -0.027859 0.373931 -35.965142
0.385322 0.010235 0.922481 188.561124 -0.031242 0.999266 0.001962 -8.898477 -0.922016 -0.029583 0.385472 -35.700143
0.397066 0.009673 0.917493 189.184071 -0.032822 0.999210 0.003670 -8.906259 -0.916963 -0.031579 0.397187 -35.424892
0.406445 0.008623 0.913383 189.807336 -0.036820 0.999049 0.006952 -8.911259 -0.912688 -0.036465 0.406497 -35.130891
0.414011 0.009938 0.909969 190.436597 -0.040402 0.998910 0.007471 -8.913953 -0.909132 -0.039867 0.414082 -34.836687
0.418155 0.007107 0.908100 191.072828 -0.040581 0.998873 0.010868 -8.919116 -0.907226 -0.041407 0.418094 -34.533035
0.420950 0.003262 0.906828 191.719603 -0.037492 0.998955 0.013810 -8.920988 -0.906064 -0.039822 0.420756 -34.237357
0.421204 0.004030 0.906705 192.365447 -0.033232 0.999139 0.010996 -8.921825 -0.906111 -0.034771 0.421099 -33.939412
0.420626 0.004352 0.906973 193.021710 -0.031748 0.999200 0.009928 -8.927058 -0.906433 -0.032979 0.420551 -33.638923
0.419982 0.005574 0.907267 193.681513 -0.028371 0.999328 0.006993 -8.928112 -0.906846 -0.028684 0.419981 -33.334388
0.420205 0.003635 0.907173 194.356934 -0.024985 0.999413 0.007567 -8.927416 -0.906841 -0.025852 0.420173 -33.030529
0.419956 -0.002297 0.907280 195.037649 -0.021375 0.999437 0.012423 -8.930338 -0.907036 -0.024616 0.419799 -32.724769
0.418669 -0.005169 0.907850 195.714311 -0.021008 0.999392 0.015378 -8.933572 -0.907627 -0.025517 0.418439 -32.409496
0.417384 -0.007667 0.908421 196.396591 -0.019997 0.999373 0.017622 -8.936432 -0.908238 -0.025528 0.417102 -32.097965
0.416310 -0.007679 0.908912 197.075250 -0.020776 0.999350 0.017958 -8.932436 -0.908713 -0.026367 0.416013 -31.786628
0.414228 -0.007730 0.909856 197.753919 -0.022435 0.999295 0.018703 -8.929287 -0.909617 -0.028168 0.413898 -31.470103
0.412859 -0.006738 0.910482 198.437845 -0.022988 0.999295 0.017819 -8.933399 -0.910222 -0.028295 0.412550 -31.158590
0.412334 -0.003562 0.910727 199.127483 -0.021797 0.999376 0.013776 -8.938134 -0.910478 -0.025539 0.412140 -30.853981
0.412014 0.002337 0.910878 199.813662 -0.021849 0.999444 0.007317 -8.937544 -0.910624 -0.022923 0.411976 -30.547789
0.411468 0.005251 0.911116 200.501352 -0.023800 0.999418 0.004987 -8.939548 -0.910824 -0.023744 0.411492 -30.238431
0.410418 0.002659 0.911602 201.188261 -0.024786 0.999374 0.008243 -8.944696 -0.911273 -0.025985 0.410365 -29.927726
0.409458 -0.000415 0.912040 201.877132 -0.026418 0.999292 0.012314 -8.952956 -0.911662 -0.029144 0.409293 -29.612068
0.407349 0.000522 0.912986 202.560902 -0.030135 0.999181 0.012873 -8.958851 -0.912492 -0.032766 0.407166 -29.302425
0.402848 0.000652 0.914983 203.242743 -0.032763 0.999090 0.013712 -8.962642 -0.914401 -0.035511 0.402636 -28.997508
0.396498 -0.000342 0.917751 203.930355 -0.032290 0.999095 0.014322 -8.960701 -0.917187 -0.035323 0.396260 -28.702921
0.387702 -0.000778 0.921493 204.615293 -0.031674 0.999109 0.014169 -8.967150 -0.920953 -0.034691 0.387464 -28.415307
0.377818 0.000474 0.925588 205.300147 -0.028817 0.999231 0.011251 -8.973031 -0.925144 -0.030932 0.377671 -28.140050
0.367255 0.003699 0.929819 205.985215 -0.029686 0.999236 0.007749 -8.978400 -0.929357 -0.030457 0.367213 -27.871574
0.355786 0.004016 0.934267 206.674478 -0.032374 0.999151 0.008033 -8.976507 -0.933719 -0.033113 0.355739 -27.606435
0.345398 -0.004148 0.938152 207.373559 -0.027087 0.999233 0.014390 -8.980972 -0.937777 -0.030391 0.345143 -27.359081
0.337141 -0.012693 0.941072 208.079114 -0.022633 0.999212 0.021584 -8.984042 -0.940892 -0.028585 0.336708 -27.117353
0.330402 -0.018211 0.943365 208.779573 -0.021964 0.999092 0.026978 -8.982213 -0.943292 -0.029642 0.329821 -26.877303
0.326328 -0.018820 0.944770 209.481000 -0.027376 0.998892 0.029354 -8.973208 -0.944568 -0.035454 0.325570 -26.627465
0.324181 -0.020614 0.945465 210.184670 -0.026074 0.998879 0.030718 -8.964113 -0.945338 -0.034621 0.323400 -26.389883
0.322722 -0.021833 0.945947 210.893019 -0.025017 0.998889 0.031589 -8.956913 -0.945875 -0.033870 0.321933 -26.147689
0.322238 -0.019836 0.946158 211.599917 -0.025035 0.998955 0.029468 -8.946843 -0.946041 -0.033192 0.321520 -25.906098
0.321974 -0.017722 0.946291 212.312185 -0.028318 0.998901 0.028341 -8.936011 -0.946040 -0.035933 0.321233 -25.655288
0.322467 -0.018300 0.946117 213.029145 -0.029070 0.998859 0.029227 -8.925787 -0.945855 -0.036939 0.321680 -25.404691
0.324473 -0.019516 0.945409 213.745025 -0.029619 0.998798 0.030783 -8.916010 -0.945153 -0.038001 0.323619 -25.157801
0.326181 -0.021426 0.944783 214.463857 -0.028005 0.998799 0.032319 -8.907875 -0.944617 -0.037012 0.325302 -24.911312
0.328247 -0.022583 0.944046 215.184808 -0.024390 0.998897 0.032375 -8.897649 -0.944007 -0.033662 0.327445 -24.665269
0.331595 -0.023948 0.942849 215.910930 -0.023285 0.998892 0.033560 -8.882483 -0.942872 -0.033092 0.330780 -24.410345
0.336051 -0.025335 0.941234 216.640206 -0.024957 0.998774 0.035793 -8.869857 -0.941250 -0.035529 0.335118 -24.144636
0.341128 -0.029204 0.939293 217.372566 -0.026677 0.998540 0.040734 -8.854473 -0.939375 -0.038964 0.339964 -23.869767
0.346352 -0.032782 0.937260 218.105981 -0.027398 0.998335 0.045041 -8.835311 -0.937439 -0.041291 0.344992 -23.594082
0.350909 -0.032807 0.935555 218.835573 -0.028548 0.998265 0.045713 -8.817714 -0.935701 -0.042762 0.349482 -23.316743
0.355057 -0.027955 0.934133 219.559360 -0.033907 0.998216 0.042760 -8.801342 -0.933944 -0.046870 0.353599 -23.026670
0.359779 -0.021843 0.932489 220.286145 -0.038602 0.998228 0.038276 -8.776288 -0.931954 -0.049782 0.358422 -22.735929
0.364548 -0.018619 0.930708 221.014224 -0.042359 0.998143 0.036558 -8.755445 -0.929938 -0.052767 0.363207 -22.440709
0.368372 -0.018715 0.929202 221.741475 -0.044439 0.998011 0.037717 -8.741641 -0.928334 -0.055203 0.366933 -22.136503
0.372346 -0.016241 0.927658 222.471216 -0.046263 0.997986 0.036040 -8.728378 -0.926654 -0.056353 0.370973 -21.834291
0.376581 -0.013379 0.925990 223.200119 -0.046622 0.998059 0.033379 -8.711939 -0.924920 -0.055758 0.375357 -21.532817
0.380790 -0.012883 0.924269 223.929671 -0.046976 0.998042 0.033264 -8.696556 -0.923171 -0.056102 0.379573 -21.221541
0.385593 -0.014291 0.922257 224.660164 -0.046715 0.997996 0.034995 -8.685723 -0.921190 -0.056595 0.384287 -20.912955
0.390298 -0.014908 0.920266 225.389841 -0.042694 0.998200 0.034277 -8.674484 -0.919402 -0.052685 0.389096 -20.605352
0.394241 -0.014805 0.918586 226.117388 -0.039727 0.998362 0.033139 -8.662458 -0.917853 -0.049572 0.393145 -20.288129
0.398550 -0.012581 0.916757 226.843360 -0.040661 0.998381 0.031377 -8.648681 -0.915948 -0.049797 0.397532 -19.966711
0.402941 -0.012641 0.914827 227.565464 -0.045276 0.998099 0.033733 -8.635123 -0.913800 -0.055029 0.401746 -19.635745
0.407498 -0.012748 0.912804 228.286078 -0.048260 0.997897 0.035479 -8.623087 -0.911622 -0.058528 0.406171 -19.302379
0.411715 -0.010362 0.910939 229.005406 -0.045373 0.998153 0.031860 -8.616207 -0.909873 -0.054466 0.410631 -18.974443
0.415624 -0.003707 0.909215 229.718877 -0.044632 0.998396 0.024472 -8.607765 -0.908132 -0.050767 0.414940 -18.642658
0.418870 0.003046 0.907728 230.428709 -0.050750 0.998204 0.020068 -8.594853 -0.906319 -0.054490 0.418421 -18.299270
0.421610 0.002294 0.906460 231.144175 -0.056832 0.997791 0.023907 -8.583951 -0.904685 -0.061614 0.420958 -17.947436
0.424220 -0.007675 0.905209 231.871505 -0.056010 0.997517 0.034705 -8.574541 -0.903513 -0.065444 0.422887 -17.601021
0.426262 -0.019906 0.904062 232.600665 -0.052151 0.997245 0.046546 -8.556578 -0.902780 -0.067010 0.424201 -17.261741
0.427937 -0.027296 0.903078 233.323975 -0.053534 0.996715 0.055493 -8.533840 -0.901908 -0.072116 0.425221 -16.911344
0.429927 -0.028736 0.902092 234.041323 -0.055333 0.996472 0.058112 -8.511832 -0.900856 -0.074923 0.426970 -16.558622
0.433088 -0.024475 0.900706 234.753323 -0.054720 0.996770 0.053395 -8.485365 -0.899380 -0.072434 0.430501 -16.213300
0.437184 -0.018570 0.898864 235.462651 -0.053677 0.997161 0.046707 -8.455695 -0.897456 -0.068690 0.435099 -15.865160
0.441504 -0.013979 0.896835 236.170691 -0.053736 0.997368 0.041999 -8.432039 -0.895337 -0.066756 0.439744 -15.510475
0.446032 -0.012543 0.894626 236.881738 -0.051423 0.997599 0.039624 -8.414615 -0.893239 -0.063697 0.444466 -15.155573
0.450031 -0.010332 0.892652 237.587840 -0.050894 0.997721 0.037206 -8.395245 -0.891263 -0.062193 0.448630 -14.793238
0.453826 -0.011440 0.890714 238.295306 -0.049981 0.997727 0.038279 -8.374732 -0.889389 -0.061910 0.452374 -14.427047
0.457380 -0.016572 0.888814 239.003919 -0.048312 0.997598 0.043460 -8.356414 -0.887659 -0.062837 0.455633 -14.057760
0.460183 -0.022084 0.887239 239.717423 -0.046715 0.997407 0.049055 -8.334249 -0.886287 -0.064042 0.458114 -13.682247
0.462498 -0.027183 0.885890 240.435681 -0.045845 0.997161 0.054530 -8.307701 -0.885124 -0.065854 0.460096 -13.300969
0.464597 -0.032393 0.884612 241.152397 -0.043866 0.996960 0.059544 -8.275209 -0.884121 -0.066489 0.461923 -12.922111
0.466173 -0.039059 0.883512 241.876171 -0.042376 0.996590 0.066416 -8.240946 -0.883362 -0.068422 0.463089 -12.539183
0.467807 -0.039398 0.882625 242.592976 -0.042788 0.996515 0.067160 -8.206328 -0.882470 -0.069206 0.464655 -12.154735
0.469386 -0.027750 0.882227 243.292147 -0.051763 0.996610 0.058887 -8.176863 -0.881147 -0.073331 0.466524 -11.763283
0.470077 -0.014186 0.882180 243.989729 -0.053455 0.997265 0.044519 -8.145509 -0.880677 -0.068107 0.468200 -11.380070
0.470849 -0.006408 0.881859 244.691981 -0.053521 0.997612 0.035825 -8.112399 -0.880261 -0.064086 0.469548 -10.997727
