1.000000 0.000000 0.000000 0.000000 0.000000 1.000000 0.000000 0.000000 0.000000 0.000000 1.000000 0.000000
0.999046 -0.000397 0.043590 0.045566 0.000504 0.999993 -0.002424 -0.020969 -0.043589 0.002444 0.999043 1.024745
0.996060 -0.004706 0.088505 0.141176 0.005369 0.999955 -0.007250 -0.044700 -0.088467 0.007696 0.996045 2.047688
0.990978 -0.004088 0.133908 0.280855 0.005618 0.999915 -0.011051 -0.070534 -0.133853 0.011704 0.990924 3.085301
0.983707 -0.001720 0.179717 0.465255 0.004212 0.999890 -0.013486 -0.099122 -0.179676 0.014023 0.983616 4.100803
0.974291 -0.004223 0.225214 0.703629 0.007433 0.999872 -0.013408 -0.130730 -0.225131 0.014738 0.974206 5.107238
0.962818 -0.005091 0.270058 0.995125 0.009370 0.999837 -0.014555 -0.165733 -0.269944 0.016544 0.962721 6.123807
0.949480 -0.007710 0.313690 1.321220 0.013772 0.999744 -0.017112 -0.200616 -0.313483 0.020568 0.949356 7.091199
0.934537 -0.009515 0.355693 1.695279 0.017336 0.999656 -0.018807 -0.235228 -0.355398 0.023742 0.934396 8.048436
0.917449 -0.009612 0.397682 2.113432 0.018883 0.999611 -0.019401 -0.271895 -0.397350 0.025309 0.917293 9.004073
0.898066 -0.010094 0.439696 2.560350 0.020015 0.999616 -0.017932 -0.307434 -0.439356 0.024905 0.897943 9.918861
0.876353 -0.009757 0.481529 3.043647 0.020436 0.999627 -0.016937 -0.344339 -0.481194 0.024684 0.876243 10.804089
0.852541 -0.010054 0.522529 3.572711 0.021345 0.999632 -0.015591 -0.380754 -0.522190 0.024446 0.852457 11.677927
0.827069 -0.010261 0.561953 4.134315 0.022924 0.999586 -0.015488 -0.415779 -0.561578 0.025692 0.826987 12.511669
0.799935 -0.011984 0.599917 4.740381 0.026281 0.999510 -0.015077 -0.447618 -0.599461 0.027828 0.799882 13.318438
0.771344 -0.011058 0.636275 5.383589 0.027029 0.999485 -0.015396 -0.483711 -0.635797 0.029074 0.771269 14.102857
0.740870 -0.014203 0.671454 6.057709 0.031865 0.999363 -0.014019 -0.513723 -0.670848 0.031783 0.740873 14.840612
0.708857 -0.013112 0.705187 6.759378 0.031876 0.999370 -0.013460 -0.543976 -0.704588 0.032021 0.708850 15.547373
0.674672 -0.011840 0.737981 7.498614 0.033048 0.999321 -0.014180 -0.574980 -0.737335 0.033956 0.674626 16.232360
0.639083 -0.012938 0.768983 8.264540 0.037532 0.999156 -0.014381 -0.602315 -0.768175 0.038054 0.639052 16.869457
0.602362 -0.010938 0.798103 9.051650 0.037323 0.999162 -0.014476 -0.630055 -0.797304 0.038509 0.602287 17.471101
0.564445 -0.009644 0.825369 9.867483 0.040169 0.999030 -0.015798 -0.660485 -0.824447 0.042073 0.564306 18.032297
0.525388 -0.007874 0.850786 10.712373 0.044637 0.998800 -0.018321 -0.688618 -0.849650 0.047604 0.525127 18.558395
0.486228 -0.006700 0.873762 11.581961 0.046118 0.998734 -0.018006 -0.713419 -0.872569 0.049053 0.485940 19.050661
0.447464 -0.008260 0.894219 12.482220 0.051011 0.998524 -0.016302 -0.740130 -0.892800 0.052912 0.447243 19.503626
0.410295 -0.008737 0.911863 13.403821 0.054786 0.998339 -0.015085 -0.767289 -0.910257 0.056149 0.410110 19.915331
0.375006 -0.006181 0.926950 14.343125 0.056241 0.998239 -0.016096 -0.791092 -0.925262 0.058171 0.374711 20.294763
0.341681 -0.006953 0.939732 15.328572 0.056844 0.998240 -0.013282 -0.813198 -0.938037 0.057960 0.341493 20.648939
0.308412 -0.008502 0.951160 16.324495 0.059164 0.998143 -0.010262 -0.835977 -0.949355 0.059443 0.308359 20.966078
0.275676 -0.008362 0.961170 17.323353 0.059736 0.998136 -0.008449 -0.856082 -0.959348 0.059748 0.275673 21.248828
0.243568 -0.005361 0.969824 18.359399 0.057109 0.998285 -0.008824 -0.874851 -0.968156 0.057538 0.243467 21.504839
0.212963 -0.003755 0.977000 19.403522 0.057011 0.998285 -0.008590 -0.891509 -0.975342 0.057532 0.212822 21.724983
0.182954 -0.003573 0.983072 20.467359 0.059050 0.998184 -0.007361 -0.910055 -0.981303 0.059399 0.182840 21.910731
0.152894 -0.003775 0.988190 21.739232 0.060716 0.998090 -0.005581 -0.925348 -0.986329 0.060854 0.152838 22.060959
0.123049 -0.004393 0.992344 22.838630 0.059461 0.998175 -0.002954 -0.938925 -0.990570 0.059372 0.123092 22.188857
0.094244 -0.004671 0.995489 23.947647 0.060202 0.998132 -0.001016 -0.948459 -0.993677 0.060029 0.094354 22.284783
0.067144 -0.004380 0.997676 25.329736 0.062847 0.997962 0.000152 -0.954669 -0.995704 0.062694 0.067286 22.344452
0.042699 -0.003791 0.999024 26.461693 0.067191 0.997679 0.000914 -0.960022 -0.996768 0.067090 0.042857 22.375140
0.020342 -0.003316 0.999724 27.724425 0.071472 0.997373 0.001854 -0.963863 -0.997170 0.071419 0.020527 22.374133
0.000232 -0.003478 0.999923 29.058971 0.077208 0.996934 0.003450 -0.969277 -0.996942 0.077207 0.000500 22.341213
-0.017124 -0.004120 0.999771 30.345592 0.081531 0.996577 0.005504 -0.971012 -0.996448 0.081613 -0.016731 22.295944
-0.032399 -0.004067 0.999387 31.634516 0.084654 0.996302 0.006798 -0.971289 -0.995802 0.084829 -0.031938 22.234748
-0.046675 -0.004746 0.998811 32.975228 0.086991 0.996079 0.008798 -0.973016 -0.995026 0.087305 -0.046083 22.153738
-0.059820 -0.005841 0.998101 34.262596 0.087138 0.996041 0.011052 -0.971686 -0.994306 0.087642 -0.059079 22.068933
-0.071858 -0.005717 0.997307 35.546251 0.086929 0.996048 0.011973 -0.969557 -0.993527 0.087563 -0.071083 21.969648
-0.083054 -0.002919 0.996449 36.864004 0.087092 0.996053 0.010176 -0.966388 -0.992639 0.087636 -0.082479 21.854939
-0.093115 0.000477 0.995562 38.161893 0.087523 0.996036 0.007709 -0.961937 -0.991706 0.087860 -0.092797 21.728904
-0.102360 0.003025 0.994647 39.469078 0.088676 0.995942 0.006096 -0.956541 -0.990690 0.088833 -0.102223 21.590997
-0.109896 0.004027 0.993832 40.822776 0.088343 0.995966 0.005734 -0.953597 -0.989904 0.088437 -0.109820 21.440067
-0.115594 0.004667 0.993182 42.161267 0.088058 0.995991 0.005569 -0.949721 -0.989280 0.088110 -0.115554 21.283177
-0.120487 0.006268 0.992591 43.505147 0.089134 0.995901 0.004530 -0.946577 -0.988599 0.089029 -0.120565 21.116868
-0.125142 0.007900 0.992004 44.895535 0.088123 0.995996 0.003185 -0.944525 -0.988112 0.087825 -0.125351 20.944631
-0.128964 0.008769 0.991496 46.269863 0.088618 0.995942 0.002718 -0.943752 -0.987565 0.088225 -0.129233 20.761069
-0.131666 0.007664 0.991156 47.669241 0.088347 0.995969 0.004035 -0.942557 -0.987239 0.088106 -0.131827 20.572238
-0.134088 0.005724 0.990850 49.105936 0.089007 0.995902 0.006292 -0.940286 -0.986858 0.089045 -0.134062 20.379287
-0.136173 0.004528 0.990570 50.548093 0.088833 0.995907 0.007659 -0.934007 -0.986587 0.089048 -0.136033 20.181323
-0.138147 0.005376 0.990292 52.004389 0.091481 0.995669 0.007357 -0.926534 -0.986070 0.091619 -0.138056 19.976125
-0.139042 0.005116 0.990168 53.491264 0.091233 0.995690 0.007666 -0.918607 -0.985967 0.091411 -0.138925 19.766424
-0.139503 0.006480 0.990094 54.971819 0.093138 0.995520 0.006607 -0.910849 -0.985722 0.093147 -0.139497 19.553797
-0.139359 0.006763 0.990115 56.470399 0.092945 0.995543 0.006282 -0.904022 -0.985764 0.092911 -0.139382 19.341479
-0.138537 0.008147 0.990224 57.997048 0.092814 0.995568 0.004794 -0.900677 -0.985896 0.092580 -0.138693 19.126667
-0.137200 0.007979 0.990409 59.538715 0.093293 0.995520 0.004903 -0.897706 -0.986036 0.093080 -0.137345 18.910748
-0.135682 0.006944 0.990627 61.097530 0.092483 0.995592 0.005688 -0.893832 -0.986323 0.092397 -0.135740 18.694826
-0.134300 0.007766 0.990800 62.691984 0.093621 0.995481 0.004887 -0.889872 -0.986396 0.093427 -0.134435 18.475063
-0.133040 0.008447 0.990966 64.301744 0.093504 0.995498 0.004068 -0.885766 -0.986580 0.093210 -0.133246 18.257158
-0.131981 0.009083 0.991100 65.923344 0.094612 0.995394 0.003476 -0.882681 -0.986614 0.094239 -0.132247 18.037430
-0.130717 0.008978 0.991270 67.581686 0.094384 0.995417 0.003431 -0.880323 -0.986806 0.094019 -0.130980 17.814882
-0.129588 0.007368 0.991425 69.253361 0.096225 0.995226 0.005182 -0.878392 -0.986770 0.096082 -0.129693 17.589208
-0.128629 0.005481 0.991564 70.931072 0.097887 0.995054 0.007198 -0.874796 -0.986734 0.097998 -0.128545 17.364726
-0.127600 0.006562 0.991683 72.624347 0.099397 0.994904 0.006206 -0.872352 -0.986710 0.099374 -0.127618 17.141050
-0.126540 0.008449 0.991805 74.335862 0.101458 0.994705 0.004471 -0.868910 -0.986636 0.101205 -0.126742 16.914394
-0.125645 0.008137 0.991921 76.050396 0.100694 0.994782 0.004594 -0.868580 -0.986829 0.100470 -0.125824 16.694844
-0.125255 0.008013 0.991972 77.777578 0.101179 0.994733 0.004741 -0.868451 -0.986830 0.100973 -0.125422 16.473079
-0.124781 0.007010 0.992041 79.519098 0.101026 0.994744 0.005678 -0.865967 -0.986906 0.100942 -0.124849 16.250167
-0.124294 0.007309 0.992094 81.283981 0.102616 0.994578 0.005529 -0.861808 -0.986799 0.102505 -0.124386 16.022131
-0.123958 0.007213 0.992126 83.068702 0.103715 0.994452 0.005728 -0.857595 -0.986716 0.103622 -0.124035 15.792403
-0.123734 0.008341 0.992143 84.852249 0.104197 0.994406 0.004635 -0.855004 -0.986691 0.103966 -0.123928 15.564715
-0.124026 0.009154 0.992100 86.642082 0.103745 0.994456 0.003793 -0.854590 -0.986702 0.103410 -0.124305 15.337705
-0.124953 0.009921 0.991975 88.451932 0.103066 0.994529 0.003036 -0.858091 -0.986655 0.102633 -0.125309 15.108967
-0.125926 0.010577 0.991846 90.294098 0.102381 0.994601 0.002392 -0.861754 -0.986603 0.101862 -0.126346 14.869777
-0.126741 0.009795 0.991749 92.128191 0.101380 0.994701 0.003132 -0.865269 -0.986601 0.100954 -0.127080 14.632603
-0.127501 0.009529 0.991652 93.973970 0.101373 0.994699 0.003476 -0.868115 -0.986502 0.100984 -0.127809 14.393801
-0.127774 0.008610 0.991625 95.828653 0.099058 0.994930 0.004125 -0.868967 -0.986702 0.098769 -0.127997 14.157500
-0.129269 0.009633 0.991417 97.687071 0.098996 0.994934 0.003240 -0.870108 -0.986508 0.098579 -0.129587 13.917270
-0.131822 0.010524 0.991078 99.556758 0.097884 0.995053 0.002453 -0.872200 -0.986288 0.097348 -0.132219 13.672190
-0.135641 0.011516 0.990546 101.463981 0.098548 0.994982 0.001927 -0.875642 -0.985698 0.097892 -0.136115 13.412950
-0.140232 0.010645 0.989915 103.341128 0.096645 0.995166 0.002990 -0.882451 -0.985243 0.096103 -0.140604 13.157996
-0.144979 0.009930 0.989238 105.245774 0.095202 0.995301 0.003962 -0.889249 -0.984695 0.094766 -0.145265 12.887436
-0.149446 0.010756 0.988564 107.152706 0.094035 0.995413 0.003385 -0.896918 -0.984139 0.093479 -0.149794 12.607312
-0.154023 0.012647 0.987836 109.056399 0.094747 0.995347 0.002030 -0.905746 -0.983363 0.093921 -0.154528 12.316953
-0.158623 0.014513 0.987079 110.977710 0.094533 0.995366 0.000556 -0.916154 -0.982648 0.093414 -0.159284 12.015566
-0.163285 0.014884 0.986305 112.919234 0.093364 0.995469 0.000435 -0.928628 -0.981988 0.092171 -0.163961 11.702504
-0.168285 0.014782 0.985467 114.845144 0.091717 0.995623 0.000728 -0.942454 -0.981300 0.090521 -0.168931 11.385764
-0.173659 0.014304 0.984541 116.809510 0.090103 0.995770 0.001425 -0.954519 -0.980513 0.088972 -0.174241 11.050411
-0.179102 0.013853 0.983572 118.784846 0.089516 0.995821 0.002275 -0.966205 -0.979587 0.088467 -0.179622 10.702270
-0.184470 0.013691 0.982582 120.761614 0.089829 0.995792 0.002990 -0.976214 -0.978563 0.088830 -0.184953 10.340461
-0.189867 0.015300 0.981533 122.746576 0.090498 0.995735 0.001984 -0.986534 -0.977471 0.089217 -0.190472 9.966635
-0.195503 0.016371 0.980411 124.720403 0.090190 0.995768 0.001357 -0.996957 -0.976391 0.088702 -0.196183 9.584043
-0.201281 0.016365 0.979239 126.707889 0.090751 0.995712 0.002014 -1.007336 -0.975161 0.089286 -0.201935 9.184852
-0.206793 0.016370 0.978101 128.694728 0.090001 0.995791 0.002363 -1.017490 -0.974089 0.088531 -0.207426 8.777945
-0.212103 0.017265 0.976947 130.682333 0.089492 0.995836 0.001830 -1.025991 -0.972992 0.087830 -0.212796 8.359163
-0.217142 0.017962 0.975830 132.677076 0.088768 0.995906 0.001421 -1.034063 -0.971950 0.086943 -0.217879 7.927819
-0.221523 0.017373 0.974860 134.675372 0.089922 0.995804 0.002687 -1.041504 -0.970859 0.088268 -0.222187 7.482382
-0.225592 0.017243 0.973930 136.673143 0.092159 0.995597 0.003721 -1.050797 -0.969713 0.090608 -0.226219 7.025482
-0.228932 0.018005 0.973138 138.686629 0.093354 0.995488 0.003543 -1.056245 -0.968816 0.091669 -0.229611 6.552698
-0.231897 0.018616 0.972423 140.704689 0.093849 0.995442 0.003324 -1.064517 -0.968062 0.092044 -0.232619 6.072657
-0.235052 0.018516 0.971668 142.727227 0.092992 0.995522 0.003525 -1.070923 -0.967384 0.091198 -0.235754 5.585605
-0.238875 0.019124 0.970718 144.764870 0.091559 0.995652 0.002916 -1.077016 -0.966579 0.089587 -0.239621 5.096016
-0.243081 0.019906 0.969652 146.800104 0.090467 0.995748 0.002237 -1.085244 -0.965627 0.088278 -0.243885 4.596564
-0.247519 0.019539 0.968539 148.827747 0.089704 0.995817 0.002836 -1.096624 -0.964573 0.087596 -0.248272 4.088009
-0.251983 0.020092 0.967370 150.871815 0.090081 0.995777 0.002783 -1.108700 -0.963375 0.087856 -0.252767 3.563310
-0.256539 0.020638 0.966157 152.919858 0.089688 0.995810 0.002543 -1.119259 -0.962205 0.087318 -0.257355 3.031255
-0.261163 0.020607 0.964928 154.971477 0.089102 0.995870 0.002848 -1.130391 -0.961025 0.086733 -0.261959 2.489058
-0.265660 0.019991 0.963710 157.022895 0.089011 0.995872 0.003879 -1.140808 -0.959797 0.086824 -0.266383 1.936684
-0.269974 0.020022 0.962512 159.103454 0.089602 0.995819 0.004417 -1.150720 -0.958540 0.087447 -0.270679 1.367224
-0.274208 0.020868 0.961296 161.176351 0.090838 0.995707 0.004296 -1.159912 -0.957220 0.088512 -0.274967 0.788739
-0.278044 0.022143 0.960165 163.256274 0.091264 0.995671 0.003466 -1.167694 -0.956073 0.088604 -0.278903 0.198197
-0.281678 0.023757 0.959059 165.333480 0.091397 0.995654 0.002180 -1.179377 -0.954987 0.088282 -0.282670 -0.401648
-0.285215 0.025066 0.957977 167.395728 0.092406 0.995560 0.001462 -1.189155 -0.953838 0.088953 -0.286311 -1.006353
-0.288739 0.025913 0.956898 169.487027 0.092263 0.995574 0.000879 -1.202749 -0.952791 0.088553 -0.289898 -1.626572
-0.292458 0.026003 0.955768 171.587744 0.092585 0.995546 0.001245 -1.216326 -0.951627 0.088867 -0.293609 -2.259018
-0.296563 0.026201 0.954502 173.688208 0.092471 0.995560 0.001402 -1.230269 -0.950372 0.088692 -0.297715 -2.902131
-0.300347 0.027086 0.953292 175.801899 0.094831 0.995336 0.001596 -1.243681 -0.948949 0.090893 -0.301561 -3.561003
-0.303741 0.027519 0.952203 177.882920 0.097141 0.995112 0.002228 -1.255584 -0.947634 0.093188 -0.304977 -4.219531
-0.306518 0.027232 0.951323 179.984568 0.098154 0.995012 0.003142 -1.266907 -0.946637 0.094352 -0.307708 -4.892261
-0.309301 0.026796 0.950435 182.094718 0.097974 0.995028 0.003830 -1.277160 -0.945751 0.094316 -0.310435 -5.576547
-0.312062 0.027509 0.949508 184.180314 0.097369 0.995087 0.003171 -1.288168 -0.944902 0.093456 -0.313256 -6.258513
-0.315063 0.029445 0.948460 186.265036 0.096720 0.995155 0.001234 -1.301765 -0.943974 0.092137 -0.316433 -6.943227
-0.318457 0.031328 0.947265 188.365587 0.096390 0.995187 -0.000509 -1.317714 -0.942868 0.091157 -0.319993 -7.639381
-0.321947 0.032397 0.946046 190.480407 0.095641 0.995256 -0.001535 -1.337208 -0.941756 0.090000 -0.323569 -8.348061
-0.325342 0.033246 0.944859 192.604549 0.094160 0.995399 -0.002603 -1.358534 -0.940741 0.088133 -0.327025 -9.070681
-0.329047 0.033625 0.943562 194.698936 0.095058 0.995314 -0.002320 -1.381560 -0.939362 0.088942 -0.330752 -9.794149
-0.332501 0.032764 0.942375 196.826282 0.094631 0.995351 -0.001218 -1.403703 -0.938182 0.088785 -0.334109 -10.537417
-0.336158 0.032199 0.941091 198.924489 0.094596 0.995350 -0.000266 -1.423578 -0.936877 0.088947 -0.337696 -11.277815
-0.340084 0.032129 0.939676 201.073702 0.094697 0.995335 0.000240 -1.442065 -0.935443 0.089080 -0.341598 -12.045981
-0.343773 0.032245 0.938329 203.240572 0.093745 0.995425 0.000137 -1.461123 -0.934190 0.088024 -0.345282 -12.827166
-0.347463 0.032864 0.936947 205.379152 0.093003 0.995494 -0.000428 -1.482143 -0.932898 0.087003 -0.349013 -13.606006
-0.350671 0.033500 0.935728 207.502124 0.093152 0.995480 -0.000730 -1.507594 -0.931682 0.086922 -0.352266 -14.384404
-0.353447 0.034155 0.934657 209.615557 0.094003 0.995398 -0.000827 -1.532200 -0.930544 0.087581 -0.355092 -15.171656
-0.355950 0.033884 0.933717 211.725184 0.095114 0.995292 0.000140 -1.555447 -0.929477 0.088873 -0.357559 -15.966643
-0.358525 0.033341 0.932750 213.850482 0.096358 0.995171 0.001465 -1.575784 -0.928357 0.090417 -0.360068 -16.775314
-0.361116 0.034080 0.931723 216.017773 0.097535 0.995055 0.001405 -1.593607 -0.927229 0.091397 -0.362717 -17.609559
-0.363725 0.034904 0.930683 218.175540 0.097518 0.995063 0.000792 -1.613174 -0.926216 0.091060 -0.365395 -18.446414
-0.366471 0.035129 0.929594 220.317186 0.097053 0.995106 0.000656 -1.634572 -0.925180 0.090474 -0.368150 -19.282377
-0.369290 0.036362 0.928431 222.503526 0.096840 0.995127 -0.000456 -1.658463 -0.924081 0.089754 -0.371075 -20.145694
-0.372150 0.037498 0.927242 224.675144 0.096667 0.995142 -0.001447 -1.684405 -0.922950 0.089109 -0.374032 -21.009751
-0.374803 0.037481 0.926174 226.840667 0.094481 0.995351 -0.002046 -1.712232 -0.922103 0.086752 -0.376666 -21.876071
-0.377922 0.038451 0.924860 229.012220 0.095424 0.995255 -0.002386 -1.741937 -0.920726 0.087366 -0.379865 -22.755621
-0.380627 0.038044 0.923770 231.174302 0.097050 0.995103 -0.000994 -1.771079 -0.919444 0.089287 -0.382522 -23.641445
-0.383207 0.037170 0.922737 233.368376 0.097574 0.995050 0.000439 -1.796964 -0.918314 0.090217 -0.385005 -24.547404
-0.386415 0.036770 0.921417 235.391855 0.096726 0.995136 0.000852 -1.817415 -0.917062 0.089468 -0.388160 -25.381915
-0.389675 0.037187 0.920025 237.427445 0.095508 0.995252 0.000224 -1.838445 -0.915808 0.087970 -0.391445 -26.229274
-0.393112 0.036502 0.918582 239.613618 0.093992 0.995390 0.000669 -1.861323 -0.914488 0.086617 -0.394802 -27.154301
-0.396765 0.035933 0.917027 241.762537 0.093222 0.995456 0.001327 -1.884168 -0.912982 0.086027 -0.398386 -28.070477
-0.400391 0.036246 0.915436 243.928201 0.092837 0.995491 0.001189 -1.906344 -0.911436 0.085476 -0.402026 -29.006103
-0.404086 0.035970 0.913821 246.106274 0.092288 0.995540 0.001622 -1.927906 -0.909859 0.085004 -0.405680 -29.957790
-0.408274 0.035472 0.911976 248.244745 0.091417 0.995619 0.002200 -1.948822 -0.908075 0.084282 -0.409806 -30.898884
-0.412189 0.035440 0.910222 250.378316 0.090704 0.995688 0.002307 -1.969129 -0.906381 0.083524 -0.413704 -31.849305
-0.416049 0.036248 0.908427 252.506875 0.090920 0.995665 0.001910 -1.990406 -0.904589 0.083403 -0.417621 -32.812009
-0.419502 0.036696 0.906817 254.658736 0.091393 0.995618 0.001989 -2.011073 -0.902942 0.083725 -0.421100 -33.796539
-0.423215 0.036593 0.905094 256.804299 0.091185 0.995637 0.002383 -2.032465 -0.901229 0.083553 -0.424788 -34.787541
-0.426917 0.036932 0.903338 258.932580 0.089929 0.995749 0.001790 -2.052085 -0.899605 0.082014 -0.428508 -35.778673
-0.430591 0.037216 0.901581 261.101738 0.090429 0.995703 0.002087 -2.071365 -0.897803 0.082441 -0.432191 -36.802461
-0.434070 0.037758 0.899887 263.267280 0.090878 0.995661 0.002058 -2.088545 -0.896080 0.082687 -0.435705 -37.833363
-0.437617 0.038905 0.898117 265.416531 0.092143 0.995543 0.001772 -2.106685 -0.894221 0.083544 -0.439340 -38.869613
-0.440861 0.040894 0.896451 267.569987 0.094305 0.995352 0.000972 -2.126476 -0.892411 0.084982 -0.442753 -39.921987
-0.443920 0.041670 0.894901 269.702800 0.095552 0.995230 0.001057 -2.146335 -0.890757 0.085993 -0.445871 -40.968009
-0.446956 0.043760 0.893284 271.838468 0.097309 0.995057 -0.000057 -2.165554 -0.889044 0.086914 -0.449093 -42.026229
-0.449769 0.046246 0.891744 273.975515 0.099130 0.994874 -0.001597 -2.185125 -0.887420 0.087695 -0.452137 -43.094927
-0.452837 0.046872 0.890163 276.124131 0.100144 0.994776 -0.001437 -2.204008 -0.885750 0.088508 -0.455254 -44.178369
-0.456180 0.047927 0.888394 278.272730 0.100389 0.994746 -0.002117 -2.221364 -0.884001 0.088234 -0.458686 -45.270896
-0.459471 0.047862 0.886698 280.463920 0.099560 0.994828 -0.002109 -2.240236 -0.882387 0.087325 -0.461952 -46.395085
-0.462954 0.049097 0.884816 282.641937 0.100510 0.994731 -0.002608 -2.260902 -0.880456 0.087740 -0.465543 -47.523030
-0.466339 0.049432 0.883017 284.806242 0.099729 0.994807 -0.003022 -2.282781 -0.878756 0.086668 -0.468942 -48.650995
-0.469392 0.049191 0.881399 286.967848 0.098089 0.994957 -0.003292 -2.305639 -0.877302 0.084925 -0.471951 -49.785299
-0.472055 0.049776 0.879941 289.119960 0.099654 0.994801 -0.002814 -2.327907 -0.875693 0.086376 -0.474664 -50.931442
-0.474278 0.049822 0.878739 291.311477 0.101134 0.994651 -0.001811 -2.347865 -0.874318 0.088027 -0.476884 -52.107031
-0.476463 0.050024 0.877542 293.500054 0.102247 0.994536 -0.001179 -2.365902 -0.872997 0.089181 -0.479080 -53.288386
-0.478880 0.049833 0.876235 295.654152 0.102111 0.994549 -0.000758 -2.381448 -0.871688 0.089127 -0.481465 -54.451832
-0.481236 0.049150 0.874980 297.849729 0.101787 0.994581 0.000113 -2.396148 -0.870426 0.089132 -0.483739 -55.651905
-0.483698 0.049347 0.873608 300.064196 0.103140 0.994438 0.000933 -2.409129 -0.868898 0.090573 -0.486207 -56.870579
-0.486036 0.049225 0.872312 302.227345 0.103420 0.994405 0.001507 -2.421839 -0.867555 0.090965 -0.488520 -58.068062
-0.488125 0.050005 0.871101 304.426677 0.102871 0.994463 0.000556 -2.434429 -0.866447 0.089900 -0.490679 -59.292355
-0.490351 0.052499 0.869702 306.664739 0.102471 0.994501 -0.002259 -2.449402 -0.865235 0.088028 -0.493149 -60.545690
-0.493681 0.051748 0.867856 308.845162 0.100936 0.994654 -0.001893 -2.471415 -0.863515 0.086680 -0.496383 -61.777341
-0.498112 0.050029 0.865419 311.027086 0.098931 0.994854 -0.000571 -2.490267 -0.861196 0.085350 -0.500619 -63.017369
-0.503107 0.045217 0.862779 311.440712 0.091959 0.995512 0.001449 -2.501191 -0.859051 0.080085 -0.505134 -63.175626
-0.507627 0.043451 0.860206 312.019621 0.088293 0.995832 0.001801 -2.499579 -0.856761 0.076881 -0.509481 -63.455885
-0.510794 0.043573 0.858338 312.577604 0.088835 0.995793 0.002313 -2.529350 -0.854835 0.077448 -0.512645 -63.783674
-0.513447 0.043964 0.856756 313.155219 0.087278 0.995951 0.001196 -2.497545 -0.853430 0.075403 -0.515324 -64.038093
-0.516851 0.043678 0.854711 313.852025 0.086439 0.996015 0.001369 -2.514394 -0.851448 0.074602 -0.518691 -64.414048
-0.520549 0.043858 0.852447 316.109772 0.087352 0.995927 0.002100 -2.526573 -0.849091 0.075570 -0.522388 -65.777722
-0.524496 0.042434 0.850087 318.346755 0.087432 0.995905 0.004230 -2.542398 -0.846641 0.076558 -0.526192 -67.141796
-0.528528 0.040798 0.847665 320.604664 0.086120 0.996010 0.005757 -2.555486 -0.844264 0.076059 -0.530068 -68.530815
-0.532397 0.040771 0.845241 322.844446 0.085645 0.996050 0.005899 -2.566305 -0.841878 0.075547 -0.533922 -69.920829
-0.536617 0.040701 0.842572 325.075419 0.085848 0.996027 0.006558 -2.575460 -0.839173 0.075867 -0.538117 -71.319848
-0.540684 0.041033 0.839946 327.300903 0.087192 0.995900 0.007473 -2.582592 -0.836415 0.077293 -0.542186 -72.733072
-0.544762 0.040361 0.837329 329.552143 0.087557 0.995846 0.008960 -2.586014 -0.833716 0.078212 -0.546180 -74.178343
-0.548420 0.039687 0.834973 331.773371 0.086394 0.995944 0.009404 -2.587909 -0.831439 0.077310 -0.549772 -75.617277
-0.551587 0.040040 0.832863 332.681087 0.088098 0.995780 0.010471 -2.590561 -0.829158 0.079166 -0.552937 -76.215211
-0.554823 0.040870 0.830667 333.564841 0.091252 0.995475 0.011968 -2.607364 -0.826651 0.082458 -0.556196 -76.777117
-0.557931 0.041555 0.828540 334.466568 0.091579 0.995439 0.011739 -2.621415 -0.824511 0.082445 -0.559351 -77.365020
-0.560804 0.040764 0.826633 336.640159 0.088005 0.995771 0.010597 -2.617365 -0.822946 0.078708 -0.562182 -78.820874
-0.563551 0.041434 0.824726 337.547128 0.086889 0.995880 0.009337 -2.624176 -0.821183 0.076939 -0.564993 -79.437734
-0.566333 0.038841 0.822948 339.708170 0.084698 0.996049 0.011273 -2.625262 -0.819500 0.076102 -0.567548 -80.907695
-0.569049 0.039165 0.821081 340.608566 0.086814 0.995868 0.012660 -2.623937 -0.817420 0.078501 -0.570252 -81.527964
-0.571673 0.039591 0.819240 342.816189 0.086529 0.995901 0.012249 -2.617641 -0.815622 0.077905 -0.572908 -83.053927
-0.574524 0.038471 0.817297 345.028399 0.084541 0.996068 0.012539 -2.613797 -0.813825 0.076314 -0.575671 -84.590493
-0.577518 0.034927 0.815337 347.203695 0.082435 0.996194 0.015712 -2.607658 -0.811913 0.076301 -0.578357 -86.111173
-0.580513 0.032625 0.813303 349.392210 0.080004 0.996368 0.017132 -2.591537 -0.810018 0.075027 -0.581173 -87.650200
-0.583233 0.031927 0.811382 351.602277 0.078807 0.996459 0.017434 -2.571129 -0.808180 0.074125 -0.583843 -89.219815
-0.585506 0.032150 0.809718 353.802985 0.078380 0.996486 0.017107 -2.552522 -0.806559 0.073497 -0.586136 -90.791997
-0.588188 0.031559 0.807798 355.972263 0.078178 0.996487 0.017990 -2.537439 -0.804628 0.073748 -0.588756 -92.345667
-0.590885 0.030789 0.805855 358.143655 0.077693 0.996507 0.018891 -2.522366 -0.802695 0.073787 -0.591381 -93.916125
-0.593523 0.029458 0.803960 360.322107 0.074547 0.996751 0.018508 -2.504589 -0.801041 0.070933 -0.593962 -95.501429
-0.596373 0.026092 0.801966 362.499564 0.064395 0.997510 0.015429 -2.490233 -0.799804 0.060855 -0.596741 -97.087973
-0.599656 0.028917 0.799417 364.689688 0.056732 0.998074 0.006449 -2.489455 -0.797928 0.049228 -0.600315 -98.683790
-0.601739 0.039093 0.797416 366.840497 0.066839 0.997466 0.001533 -2.505457 -0.795573 0.054230 -0.603002 -100.293091
-0.602312 0.039888 0.796946 368.973761 0.074081 0.996939 0.006086 -2.521319 -0.794500 0.062716 -0.603597 -101.904871
-0.604264 0.030573 0.795882 371.136854 0.072956 0.996896 0.017092 -2.514690 -0.793123 0.068406 -0.604792 -103.533218
-0.607214 0.020059 0.793961 373.305179 0.066839 0.997129 0.025921 -2.481035 -0.791401 0.068821 -0.606988 -105.158851
-0.610290 0.014070 0.791729 375.450859 0.060920 0.997417 0.029229 -2.436747 -0.789511 0.066083 -0.609748 -106.775362
-0.612905 0.013783 0.789712 377.565154 0.059903 0.997483 0.029078 -2.392937 -0.787561 0.065141 -0.612365 -108.386981
-0.615186 0.018942 0.787825 379.705369 0.065319 0.997195 0.027025 -2.354575 -0.785345 0.068098 -0.614880 -110.037728
-0.617076 0.025588 0.786142 381.803003 0.070100 0.996969 0.022570 -2.323730 -0.783432 0.069051 -0.617190 -111.673413
-0.619508 0.028547 0.784124 383.918495 0.071155 0.996951 0.019918 -2.299209 -0.781415 0.068148 -0.619842 -113.324274
-0.622505 0.028559 0.781747 386.051978 0.071036 0.996955 0.020140 -2.275650 -0.779040 0.068084 -0.622830 -114.993914
-0.625266 0.027919 0.779564 388.136167 0.071769 0.996865 0.021859 -2.249102 -0.776758 0.069631 -0.625503 -116.640846
-0.627645 0.027237 0.777670 390.225444 0.072252 0.996792 0.023397 -2.218605 -0.774788 0.070889 -0.627796 -118.306169
-0.629479 0.027688 0.776174 392.329068 0.072787 0.996755 0.023470 -2.186964 -0.773253 0.071285 -0.629646 -119.988527
-0.630764 0.027920 0.775121 394.416698 0.073070 0.996732 0.023555 -2.155851 -0.772178 0.071511 -0.630938 -121.670472
-0.632193 0.028751 0.773927 395.450200 0.074120 0.996656 0.023516 -2.141661 -0.770909 0.072246 -0.632406 -122.550568
-0.633412 0.028041 0.772948 398.572660 0.075291 0.996513 0.025543 -2.095460 -0.769787 0.074392 -0.633514 -125.033915
-0.634150 0.027524 0.772365 400.644582 0.077125 0.996314 0.027815 -2.057020 -0.769001 0.077225 -0.634133 -126.724548
-0.635136 0.027001 0.771573 403.739588 0.078790 0.996121 0.029993 -2.001645 -0.768019 0.079860 -0.634997 -129.206715
-0.636284 0.027261 0.770615 405.800012 0.077488 0.996258 0.028732 -1.956877 -0.767198 0.078013 -0.636215 -130.890629
-0.637999 0.027856 0.769179 406.814988 0.073662 0.996654 0.025002 -1.927809 -0.766155 0.072626 -0.638113 -131.767940
-0.639181 0.027281 0.768201 408.854038 0.070629 0.996900 0.023360 -1.894153 -0.765438 0.069205 -0.639332 -133.444010
-0.640542 0.026687 0.767091 409.862299 0.070079 0.996929 0.023830 -1.880017 -0.764353 0.069037 -0.640650 -134.327296
-0.641475 0.025561 0.766350 411.911671 0.067996 0.997078 0.023655 -1.849592 -0.763760 0.067298 -0.641543 -136.021086
-0.642260 0.024467 0.765725 415.017269 0.064801 0.997315 0.022481 -1.797270 -0.763375 0.064072 -0.642328 -138.525507
-0.642965 0.023913 0.765148 417.064417 0.063855 0.997374 0.022484 -1.769163 -0.762859 0.063329 -0.643012 -140.226688
-0.643350 0.022492 0.764868 419.108415 0.064266 0.997296 0.024724 -1.738466 -0.762499 0.065076 -0.643264 -141.930909
-0.642938 0.021222 0.765251 421.150218 0.066645 0.997044 0.028338 -1.700134 -0.762643 0.069235 -0.642659 -143.639411
-0.641749 0.019977 0.766282 423.194073 0.071212 0.996562 0.033653 -1.650070 -0.763232 0.076183 -0.641173 -145.352527
-0.640024 0.019167 0.767743 425.253074 0.074969 0.996144 0.037623 -1.585410 -0.764319 0.081656 -0.639201 -147.072870
-0.638217 0.016943 0.769296 427.293941 0.069307 0.996630 0.035543 -1.519340 -0.766359 0.076020 -0.637448 -148.757787
-0.637184 0.016471 0.770167 429.339967 0.062069 0.997291 0.030019 -1.462438 -0.767843 0.066946 -0.636685 -150.433750
-0.635159 0.014512 0.771871 431.405019 0.057213 0.997626 0.028318 -1.417512 -0.769888 0.062161 -0.634689 -152.122018
-0.632135 0.014573 0.774348 433.461475 0.055590 0.997765 0.026598 -1.375293 -0.772492 0.059872 -0.631739 -153.798716
-0.628972 0.015301 0.776908 435.538289 0.057613 0.997641 0.026990 -1.333427 -0.774924 0.061749 -0.628574 -155.481872
-0.625691 0.015289 0.779551 437.603400 0.058235 0.997599 0.027172 -1.289682 -0.777528 0.062412 -0.625284 -157.144672
-0.623145 0.016411 0.781563 439.663889 0.056056 0.997810 0.023738 -1.251290 -0.779727 0.058616 -0.622905 -158.785595
-0.621544 0.011682 0.782921 441.763179 0.049144 0.998165 0.024116 -1.218887 -0.781468 0.053475 -0.621182 -160.434601
-0.620705 0.005691 0.783657 443.861297 0.040530 0.998537 0.024846 -1.187356 -0.782633 0.047192 -0.620229 -162.067022
-0.620466 0.003017 0.783860 442.811880 0.034032 0.998823 0.023090 -1.202852 -0.783132 0.041009 -0.620038 -161.321337
-0.620086 0.002681 0.784160 443.445227 0.032447 0.998892 0.022239 -1.196095 -0.783498 0.039240 -0.619688 -161.842133
-0.619161 0.003146 0.784893 444.005450 0.034823 0.998790 0.023463 -1.187100 -0.784134 0.041866 -0.618717 -162.320803
-0.618157 0.001994 0.785690 444.457501 0.036086 0.998689 0.025852 -1.180753 -0.784873 0.044341 -0.617610 -162.698049
-0.616491 -0.000210 0.787000 446.537882 0.034425 0.998710 0.027228 -1.141542 -0.786256 0.043886 -0.615880 -164.317019
-0.615414 -0.000595 0.787840 448.599075 0.032000 0.998828 0.025747 -1.103721 -0.787199 0.041062 -0.614867 -165.909912
-0.614074 0.000524 0.788878 450.692851 0.030962 0.998913 0.023433 -1.067736 -0.788279 0.038821 -0.613618 -167.530760
-0.612566 0.002160 0.790048 452.797227 0.031877 0.998919 0.021980 -1.037502 -0.789416 0.038655 -0.612167 -169.154678
-0.610943 0.002788 0.791302 454.891977 0.034046 0.998830 0.022763 -1.010130 -0.790584 0.040854 -0.610517 -170.768897
-0.609486 0.002599 0.792426 457.009158 0.035627 0.998743 0.024123 -0.979398 -0.791638 0.042942 -0.609006 -172.393308
-0.608108 0.002653 0.793482 459.133095 0.035896 0.998730 0.024167 -0.945828 -0.792683 0.043186 -0.607625 -174.016426
-0.606949 0.001933 0.794364 461.223704 0.035169 0.998744 0.024437 -0.913431 -0.793596 0.042776 -0.606451 -175.602155
-0.605854 0.001087 0.795194 463.335472 0.035223 0.998711 0.025467 -0.877702 -0.794423 0.043446 -0.605311 -177.204170
-0.604933 0.000275 0.795925 465.432632 0.034853 0.998730 0.026140 -0.842334 -0.795170 0.043560 -0.604360 -178.785548
-0.603901 0.001079 0.796718 467.559527 0.034103 0.998806 0.024493 -0.805843 -0.795997 0.041968 -0.603397 -180.385903
-0.603083 0.002256 0.797332 469.694313 0.034233 0.998833 0.023063 -0.773419 -0.796609 0.041210 -0.602637 -181.988725
-0.602150 0.002028 0.798043 471.814542 0.034680 0.998809 0.023625 -0.743130 -0.797301 0.041908 -0.601681 -183.577958
-0.601672 0.000514 0.798406 472.394935 0.033617 0.998820 0.024686 -0.734415 -0.797707 0.041699 -0.601157 -184.006585
-0.601661 -0.000780 0.798414 471.321859 0.031822 0.998871 0.024951 -0.750802 -0.797788 0.040425 -0.601135 -183.198861
-0.602365 -0.001068 0.797882 471.791505 0.031497 0.998878 0.025112 -0.742918 -0.797270 0.040263 -0.601834 -183.542911
-0.602764 -0.000227 0.797582 472.281271 0.032159 0.998870 0.024584 -0.735921 -0.796941 0.040474 -0.602255 -183.911389
-0.602547 0.000410 0.797746 472.887117 0.032974 0.998848 0.024387 -0.729989 -0.797072 0.041005 -0.602046 -184.373131
-0.603015 -0.000581 0.797394 471.800952 0.033069 0.998812 0.025731 -0.746785 -0.796716 0.041892 -0.602458 -183.570039
-0.603366 -0.002100 0.797127 472.685928 0.032317 0.998802 0.027088 -0.728444 -0.796484 0.042111 -0.602753 -184.238267
-0.603356 -0.002204 0.797136 472.851473 0.031979 0.998816 0.026961 -0.721177 -0.796506 0.041764 -0.602749 -184.367898
-0.603588 -0.002234 0.796962 470.722114 0.031100 0.998860 0.026350 -0.753572 -0.796368 0.040695 -0.603008 -182.770917
-0.604062 -0.001300 0.796609 472.989336 0.031525 0.998869 0.025531 -0.716757 -0.795995 0.040541 -0.603515 -184.457030
-0.632796 -0.004561 0.773971 472.612845 0.034025 0.998544 0.033699 -0.797899 -0.773245 0.047666 -0.631906 -183.831723
-0.633558 -0.004118 0.773351 473.012035 0.035066 0.998497 0.034039 -0.800068 -0.772577 0.048692 -0.632647 -184.116318
-0.633116 -0.003782 0.773725 475.075574 0.034823 0.998537 0.033371 -0.742199 -0.772961 0.048078 -0.632239 -185.791233
-0.632854 -0.003883 0.773934 477.145265 0.033869 0.998588 0.032700 -0.687080 -0.773213 0.046913 -0.632012 -187.465601
-0.632347 -0.004533 0.774341 479.199025 0.033670 0.998570 0.033336 -0.630346 -0.773632 0.047158 -0.631475 -189.128751
-0.631653 -0.005414 0.774889 481.261793 0.033687 0.998523 0.034432 -0.571677 -0.774185 0.047860 -0.630729 -190.796446
-0.631076 -0.006539 0.775349 483.333171 0.033636 0.998476 0.035793 -0.511028 -0.774657 0.048675 -0.630086 -192.467792
-0.630534 -0.005529 0.775795 485.392926 0.034137 0.998489 0.034857 -0.449654 -0.775073 0.048470 -0.629586 -194.129022
-0.630451 -0.004542 0.775876 486.590799 0.035300 0.998467 0.034523 -0.415283 -0.775096 0.049161 -0.629513 -195.090689
-0.629945 -0.004599 0.776286 488.654363 0.035877 0.998428 0.035025 -0.353768 -0.775480 0.049922 -0.628978 -196.752945
-0.629519 -0.005458 0.776624 490.744023 0.035261 0.998429 0.035594 -0.290281 -0.775853 0.049799 -0.628527 -198.431668
-0.629186 -0.005802 0.776890 492.816335 0.034515 0.998460 0.035405 -0.227228 -0.776155 0.049098 -0.628207 -200.095121
-0.629107 -0.005388 0.776949 494.882947 0.034411 0.998480 0.034782 -0.166918 -0.776215 0.048625 -0.628160 -201.750455
-0.628854 -0.006466 0.777144 496.949406 0.034197 0.998444 0.035975 -0.105962 -0.776428 0.049207 -0.627849 -203.405617
-0.628785 -0.008056 0.777188 499.022275 0.033842 0.998393 0.037725 -0.040858 -0.776503 0.050030 -0.627695 -205.063235
-0.628816 -0.009093 0.777145 501.099183 0.032865 0.998400 0.038270 0.028213 -0.776512 0.049613 -0.627708 -206.726963
-0.628733 -0.007797 0.777226 503.173872 0.032300 0.998498 0.036142 0.096242 -0.776603 0.047835 -0.627734 -208.388855
-0.628700 -0.005657 0.777264 505.242120 0.032169 0.998596 0.033283 0.157782 -0.776628 0.045936 -0.627835 -210.043100
-0.628546 -0.005012 0.777385 507.287775 0.032558 0.998594 0.032758 0.213740 -0.776728 0.045908 -0.627703 -211.678757
-0.628270 -0.006739 0.777592 509.369169 0.033152 0.998482 0.035434 0.273684 -0.776924 0.048049 -0.627298 -213.345536
-0.627989 -0.007519 0.777814 511.459451 0.034040 0.998391 0.037130 0.340252 -0.777114 0.049803 -0.626927 -215.020279
-0.627779 -0.006848 0.777988 513.524539 0.034675 0.998382 0.036764 0.407725 -0.777254 0.050066 -0.626731 -216.670845
-0.627495 -0.006079 0.778223 515.597229 0.034908 0.998404 0.035941 0.473603 -0.777473 0.049728 -0.626487 -218.325828
-0.627177 -0.005152 0.778483 517.689214 0.035632 0.998399 0.035309 0.538447 -0.777693 0.049894 -0.626196 -219.997231
-0.626741 -0.005055 0.778837 519.759017 0.036638 0.998341 0.035958 0.602042 -0.778000 0.051081 -0.625721 -221.651556
-0.626305 -0.005582 0.779183 521.851595 0.037287 0.998275 0.037118 0.667066 -0.778320 0.052311 -0.625221 -223.318785
-0.625753 -0.006490 0.779627 523.943555 0.036808 0.998271 0.037849 0.733507 -0.778794 0.052390 -0.624633 -224.983255
-0.625460 -0.006227 0.779863 526.016000 0.036911 0.998277 0.037569 0.800534 -0.779023 0.052293 -0.624353 -226.630162
-0.625135 -0.006066 0.780109 521.092379 0.037528 0.998232 0.037830 0.637673 -0.779239 0.052936 -0.624010 -222.793399
-0.624493 -0.006644 0.780615 523.171207 0.038006 0.998171 0.038896 0.707692 -0.779727 0.053970 -0.623308 -224.444954
-0.623966 -0.008178 0.781011 525.261422 0.036407 0.998197 0.039533 0.780174 -0.780214 0.053113 -0.622758 -226.098749
-0.623461 -0.009624 0.781398 527.336190 0.034832 0.998231 0.040081 0.851871 -0.780690 0.052218 -0.622237 -227.736191
-0.622815 -0.008808 0.781924 529.419913 0.034754 0.998281 0.038923 0.923433 -0.781211 0.051427 -0.621652 -229.381136
-0.621981 -0.007069 0.782604 531.500922 0.036602 0.998246 0.038102 0.992577 -0.781789 0.052354 -0.620845 -231.025013
-0.620899 -0.005975 0.783467 533.612537 0.037847 0.998214 0.037603 1.060327 -0.782584 0.053011 -0.619780 -232.688865
-0.620144 -0.006573 0.784048 535.687598 0.038013 0.998167 0.038429 1.125760 -0.783163 0.053648 -0.618979 -234.314749
-0.619333 -0.007464 0.784681 537.768496 0.038085 0.998121 0.039549 1.194288 -0.783800 0.054391 -0.618106 -235.944644
-0.618591 -0.006601 0.785270 539.860388 0.038327 0.998146 0.038578 1.263876 -0.784371 0.053974 -0.617413 -237.580460
-0.617730 -0.006831 0.785946 541.938141 0.037545 0.998192 0.038180 1.332198 -0.785088 0.053105 -0.616578 -239.198819
-0.616963 -0.006943 0.786558 544.017347 0.037053 0.998230 0.037871 1.399152 -0.785724 0.052520 -0.615830 -240.815057
-0.616071 -0.007770 0.787248 546.127793 0.036428 0.998235 0.038355 1.467619 -0.786453 0.052319 -0.614917 -242.454542
-0.615303 -0.008140 0.787847 548.238699 0.035907 0.998255 0.038352 1.537397 -0.787079 0.051899 -0.614153 -244.091144
-0.614662 -0.009185 0.788335 550.335867 0.034530 0.998295 0.038550 1.607125 -0.787641 0.050927 -0.613512 -245.711318
-0.614173 -0.010073 0.788704 552.433314 0.032764 0.998366 0.038259 1.676022 -0.788097 0.049349 -0.613055 -247.323455
-0.614470 -0.009392 0.788482 552.937690 0.032192 0.998433 0.036976 1.690423 -0.787889 0.048114 -0.613420 -247.706926
-0.614551 -0.009362 0.788412 553.491318 0.032985 0.998380 0.037562 1.706256 -0.787786 0.049100 -0.613465 -248.131587
-0.614721 -0.010469 0.788257 554.738273 0.033277 0.998301 0.039205 1.749830 -0.787633 0.050342 -0.613551 -249.092445
-0.614708 -0.011884 0.788241 556.825067 0.032010 0.998305 0.040009 1.822213 -0.787689 0.049837 -0.613512 -250.698389
-0.614806 -0.011270 0.788170 558.913516 0.031194 0.998384 0.038604 1.894127 -0.787643 0.048331 -0.613688 -252.304156
-0.614715 -0.009404 0.788266 561.003661 0.031631 0.998447 0.036574 1.962139 -0.787696 0.047426 -0.613690 -253.914489
-0.614623 -0.007939 0.788350 561.506712 0.032158 0.998479 0.035121 1.976097 -0.787743 0.046949 -0.613661 -254.305656
-0.614156 -0.007783 0.788716 563.616920 0.032622 0.998460 0.035250 2.039481 -0.788089 0.047389 -0.613184 -255.936891
-0.614166 -0.008626 0.788699 566.066439 0.032908 0.998404 0.036540 2.111920 -0.788069 0.048408 -0.613130 -257.821590
-0.613890 -0.009119 0.788911 568.158229 0.033405 0.998353 0.037529 2.177484 -0.788266 0.049403 -0.612801 -259.432540
-0.613451 -0.009462 0.789247 570.263897 0.033533 0.998329 0.038027 2.245910 -0.788601 0.049805 -0.612335 -261.054830
-0.612818 -0.008976 0.789744 572.380446 0.033388 0.998363 0.037250 2.314739 -0.789099 0.049206 -0.611742 -262.684917
-0.612185 -0.008532 0.790239 574.490787 0.033161 0.998398 0.036465 2.381320 -0.789599 0.048540 -0.611148 -264.305351
-0.611777 -0.008686 0.790549 576.587482 0.033367 0.998377 0.036786 2.445627 -0.789902 0.048895 -0.610722 -265.910215
-0.611274 -0.009059 0.790915 576.467422 0.033344 0.998347 0.037201 2.443963 -0.790273 0.049124 -0.610199 -265.829047
-0.610751 -0.009750 0.791309 578.571326 0.032715 0.998353 0.037546 2.509002 -0.790701 0.048831 -0.609665 -267.438131
-0.610278 -0.010061 0.791667 580.689681 0.032213 0.998369 0.037515 2.573804 -0.791084 0.048408 -0.609198 -269.053168
-0.609747 -0.009034 0.792085 582.793778 0.032156 0.998419 0.036137 2.637944 -0.791493 0.047517 -0.608734 -270.658350
-0.609135 -0.009364 0.792546 584.896026 0.032159 0.998401 0.036509 2.699976 -0.791958 0.047739 -0.608104 -272.256741
