1.000000 0.000000 0.000000 0.000000 0.000000 1.000000 0.000000 0.000000 0.000000 0.000000 1.000000 0.000000
0.999998 -0.002242 -0.001413 -0.005274 0.002246 0.999994 0.002988 -0.020656 0.001406 -0.002991 0.999996 1.524702
0.999993 -0.002632 -0.002941 -0.015850 0.002643 0.999990 0.003812 -0.039669 0.002931 -0.003820 0.999989 3.041850
0.999989 -0.001433 -0.004496 -0.030950 0.001449 0.999992 0.003615 -0.056203 0.004491 -0.003622 0.999984 4.544723
0.999980 -0.000920 -0.006078 -0.047981 0.000942 0.999992 0.003499 -0.072881 0.006075 -0.003505 0.999974 6.042695
0.999969 -0.001014 -0.007489 -0.066969 0.001043 0.999990 0.003766 -0.088691 0.007485 -0.003774 0.999962 7.546333
0.999953 -0.001115 -0.009252 -0.086706 0.001154 0.999986 0.004174 -0.105331 0.009247 -0.004185 0.999945 9.036263
0.999932 -0.002968 -0.011027 -0.106635 0.003006 0.999986 0.003381 -0.121510 0.011016 -0.003414 0.999930 10.533648
0.999909 -0.004164 -0.012553 -0.129363 0.004210 0.999980 0.003682 -0.137329 0.012538 -0.003734 0.999910 12.025243
0.999892 -0.003847 -0.013889 -0.155695 0.003898 0.999980 0.003659 -0.153871 0.013875 -0.003713 0.999892 13.509289
0.999873 -0.003373 -0.015085 -0.184906 0.003429 0.999978 0.003689 -0.169302 0.015072 -0.003741 0.999871 14.992174
0.999866 -0.001857 -0.015783 -0.216862 0.001924 0.999980 0.004231 -0.184310 0.015775 -0.004261 0.999858 16.473155
0.999851 -0.004162 -0.016116 -0.281081 0.004242 0.999968 0.004914 -0.213095 0.016095 -0.004982 0.999847 19.320796
0.999837 -0.003474 -0.016923 -0.313317 0.003572 0.999963 0.005743 -0.226596 0.016902 -0.005803 0.999827 20.802834
0.999824 -0.003645 -0.017496 -0.345781 0.003745 0.999960 0.005677 -0.239417 0.017475 -0.005742 0.999815 22.272113
0.999815 -0.002890 -0.018115 -0.379873 0.002996 0.999961 0.005844 -0.253012 0.018098 -0.005897 0.999802 23.725045
0.999811 -0.002259 -0.018326 -0.414628 0.002377 0.999957 0.006416 -0.265653 0.018311 -0.006458 0.999792 25.177958
0.999807 -0.001274 -0.018262 -0.450542 0.001415 0.999944 0.007692 -0.277663 0.018252 -0.007717 0.999779 26.621904
0.999807 -0.001073 -0.018268 -0.485658 0.001191 0.999952 0.006408 -0.290761 0.018260 -0.006428 0.999787 28.067415
0.999806 -0.000649 -0.018325 -0.519936 0.000730 0.999964 0.004404 -0.303514 0.018322 -0.004416 0.999797 29.495922
0.999808 -0.002556 -0.018032 -0.552266 0.002632 0.999961 0.004185 -0.317578 0.018021 -0.004232 0.999803 30.923059
0.999807 -0.003457 -0.017905 -0.583724 0.003580 0.999943 0.006883 -0.331013 0.017881 -0.006946 0.999790 32.341622
0.999798 -0.005113 -0.017911 -0.613616 0.005259 0.999925 0.008093 -0.343669 0.017869 -0.008185 0.999779 33.751016
0.999795 -0.005913 -0.017752 -0.644578 0.006047 0.999924 0.007478 -0.355143 0.017707 -0.007585 0.999785 35.149709
0.999801 -0.005856 -0.017363 -0.676387 0.005955 0.999936 0.005659 -0.367671 0.017329 -0.005761 0.999803 36.533523
0.999813 -0.004975 -0.016930 -0.708305 0.005060 0.999944 0.004982 -0.383035 0.016905 -0.005067 0.999813 37.905202
0.999829 -0.004346 -0.016141 -0.738767 0.004412 0.999951 0.004023 -0.399785 0.016123 -0.004093 0.999831 39.256226
0.999849 -0.003814 -0.014961 -0.768075 0.003891 0.999947 0.005104 -0.416452 0.014941 -0.005161 0.999843 40.598435
0.999864 -0.003411 -0.013592 -0.793990 0.003510 0.999929 0.007238 -0.433417 0.013567 -0.007285 0.999843 41.916150
0.999882 -0.004030 -0.012046 -0.815996 0.004130 0.999919 0.008304 -0.448294 0.012012 -0.008353 0.999856 43.218929
0.999908 -0.003535 -0.009894 -0.835590 0.003624 0.999915 0.008965 -0.461447 0.009862 -0.009001 0.999874 44.501996
0.999935 -0.003907 -0.006555 -0.852611 0.003962 0.999919 0.008412 -0.474713 0.006522 -0.008438 0.999907 45.777170
0.999950 -0.004625 -0.003005 -0.863109 0.004645 0.999930 0.006651 -0.487528 0.002974 -0.006665 0.999939 47.026314
0.999953 -0.004782 0.000316 -0.868741 0.004780 0.999939 0.004910 -0.501056 -0.000339 -0.004908 0.999953 48.258416
0.999945 -0.004614 0.004365 -0.868977 0.004590 0.999936 0.005595 -0.516255 -0.004391 -0.005575 0.999939 49.486049
0.999910 -0.004269 0.009583 -0.864384 0.004217 0.999938 0.005493 -0.531242 -0.009607 -0.005453 0.999903 50.693951
0.999832 -0.002648 0.015971 -0.853776 0.002574 0.999946 0.004629 -0.545182 -0.015983 -0.004587 0.999824 51.888757
0.999688 -0.001276 0.023316 -0.835627 0.001167 0.999946 0.004721 -0.558746 -0.023321 -0.004692 0.999677 53.081314
0.999458 -0.000196 0.031630 -0.806835 0.000013 0.999939 0.005784 -0.572174 -0.031630 -0.005780 0.999441 54.259989
0.999077 0.002110 0.041887 -0.768209 -0.002384 0.999930 0.006489 -0.585405 -0.041872 -0.006583 0.999058 55.423702
0.998446 0.004313 0.054761 -0.717123 -0.004678 0.999920 0.006537 -0.598339 -0.054731 -0.006784 0.998433 56.575993
0.997506 0.006393 0.069576 -0.651169 -0.006902 0.999898 0.007086 -0.609795 -0.069527 -0.007548 0.997500 57.709286
0.996235 0.008648 0.085663 -0.566654 -0.009408 0.999864 0.008471 -0.620459 -0.085583 -0.009246 0.996235 58.834348
0.994555 0.008753 0.103328 -0.461244 -0.009769 0.999850 0.009333 -0.630922 -0.103237 -0.010292 0.994548 59.955880
0.992406 0.008311 0.122284 -0.334338 -0.009419 0.999860 0.008484 -0.640485 -0.122204 -0.009572 0.992403 61.051055
0.989720 0.007360 0.142438 -0.186721 -0.008547 0.999872 0.007727 -0.649232 -0.142371 -0.008865 0.989715 62.132042
0.986510 0.004574 0.163230 -0.014567 -0.005887 0.999882 0.007563 -0.658028 -0.163188 -0.008423 0.986490 63.202651
0.982667 -0.000491 0.184983 0.181184 -0.001328 0.999874 0.009707 -0.665951 -0.184979 -0.009785 0.982618 64.250082
0.978023 -0.005927 0.208051 0.403480 0.003662 0.999849 0.011270 -0.673883 -0.208104 -0.010261 0.977974 65.303075
0.972617 -0.010977 0.231821 0.650874 0.008691 0.999820 0.010880 -0.682034 -0.231918 -0.008568 0.972616 66.339385
0.966224 -0.017027 0.256830 0.920575 0.015182 0.999757 0.009162 -0.687877 -0.256946 -0.004953 0.966328 67.341568
0.958828 -0.020659 0.282977 1.211337 0.018605 0.999697 0.009945 -0.693528 -0.283120 -0.004271 0.958997 68.323948
0.950340 -0.023309 0.310096 1.525972 0.020458 0.999631 0.012443 -0.700012 -0.310297 -0.005482 0.950543 69.292948
0.940762 -0.027720 0.337713 1.865905 0.023912 0.999513 0.015428 -0.703683 -0.338003 -0.006439 0.941042 70.235131
0.929957 -0.030803 0.366167 2.232196 0.027129 0.999432 0.015175 -0.707214 -0.366457 -0.004179 0.930341 71.159478
0.917986 -0.030198 0.395253 2.618161 0.027924 0.999454 0.011505 -0.711152 -0.395420 0.000475 0.918409 72.064024
0.905043 -0.031318 0.423972 3.033095 0.031684 0.999389 0.006188 -0.713228 -0.423944 0.007833 0.905561 72.941731
0.891026 -0.033248 0.452562 3.477515 0.035299 0.999281 0.003916 -0.717596 -0.452406 0.012487 0.891634 73.797852
0.875494 -0.033842 0.481881 3.941997 0.034599 0.999286 0.007319 -0.723792 -0.481827 0.010265 0.876115 74.641205
0.857991 -0.032728 0.512463 4.431141 0.030274 0.999364 0.013137 -0.729334 -0.512614 0.004243 0.858511 75.468528
0.838542 -0.032942 0.543690 4.945183 0.028256 0.999365 0.016973 -0.734839 -0.543954 0.001130 0.839015 76.267341
0.817606 -0.026794 0.575013 5.479854 0.024172 0.999542 0.012207 -0.736123 -0.575129 0.003919 0.817951 77.039548
0.795877 -0.020004 0.604992 6.042945 0.021189 0.999670 0.005179 -0.736664 -0.604951 0.008698 0.796109 77.787235
0.773620 -0.017730 0.633271 6.633468 0.020274 0.999696 0.003222 -0.739077 -0.633194 0.010348 0.773814 78.508523
0.750472 -0.020172 0.660466 7.254954 0.021188 0.999660 0.006457 -0.745092 -0.660433 0.009149 0.750712 79.211116
0.726205 -0.020431 0.687053 7.889526 0.021291 0.999653 0.007223 -0.754990 -0.687025 0.009384 0.726453 79.877510
0.701061 -0.018503 0.712749 8.540409 0.021830 0.999661 0.004479 -0.761258 -0.712654 0.012420 0.701288 80.511889
0.675008 -0.016081 0.737551 9.206994 0.021583 0.999691 0.002044 -0.766207 -0.737406 0.014540 0.675198 81.122812
0.648200 -0.013746 0.761263 9.901314 0.019805 0.999728 0.001189 -0.773168 -0.761126 0.014308 0.648346 81.714301
0.620388 -0.012357 0.784116 10.618119 0.019708 0.999729 0.000162 -0.783658 -0.783962 0.015354 0.620512 82.279397
0.591884 -0.005872 0.805920 11.354198 0.018156 0.999739 -0.006050 -0.796697 -0.805733 0.018214 0.591883 82.821471
0.562007 0.003419 0.827047 12.105441 0.016862 0.999659 -0.015590 -0.811540 -0.826878 0.022709 0.561803 83.335801
0.531376 0.011743 0.846980 12.879637 0.015694 0.999521 -0.023704 -0.831469 -0.846913 0.025890 0.530978 83.823293
0.499736 0.016630 0.865947 13.679918 0.013115 0.999480 -0.026762 -0.856291 -0.866011 0.024733 0.499292 84.291418
0.467426 0.016189 0.883816 14.501229 0.011026 0.999574 -0.024140 -0.885932 -0.883899 0.021030 0.467079 84.731344
0.434293 0.014966 0.900580 15.342941 0.006209 0.999714 -0.019607 -0.914340 -0.900687 0.014108 0.434103 85.147914
0.400108 0.016273 0.916257 16.202263 0.001906 0.999751 -0.018587 -0.942038 -0.916404 0.009183 0.400002 85.533311
0.365075 0.019317 0.930713 17.074271 -0.005437 0.999738 -0.018617 -0.967434 -0.930901 0.001736 0.365106 85.888724
0.329349 0.021322 0.943900 17.967465 -0.010557 0.999688 -0.018899 -0.991644 -0.944085 -0.003741 0.329493 86.211665
0.293438 0.020765 0.955685 18.880786 -0.013385 0.999677 -0.017611 -1.016588 -0.955820 -0.007625 0.293639 86.498993
0.257370 0.020329 0.966033 19.813325 -0.014293 0.999671 -0.017228 -1.041796 -0.966143 -0.009375 0.257591 86.749025
0.221657 0.019768 0.974857 20.759954 -0.013731 0.999679 -0.017149 -1.066897 -0.974963 -0.009585 0.221870 86.962071
0.186521 0.018522 0.982202 21.719386 -0.011582 0.999708 -0.016653 -1.088568 -0.982311 -0.008270 0.186692 87.140080
0.152162 0.017571 0.988125 22.679230 -0.003589 0.999757 -0.017225 -1.114682 -0.988277 -0.000925 0.152196 87.275166
0.118701 0.021034 0.992632 23.650434 -0.001473 0.999689 -0.021007 -1.141744 -0.992856 0.001031 0.118700 87.381833
0.086180 0.026034 0.995861 24.623270 -0.000745 0.999567 -0.026066 -1.169812 -0.996203 0.001505 0.086165 87.466316
0.057236 0.029918 0.997836 25.593815 0.006053 0.999430 -0.030313 -1.201432 -0.998267 0.007775 0.057023 87.512563
0.031877 0.028140 0.999019 26.577322 0.007809 0.999474 -0.028402 -1.234264 -0.999386 0.008707 0.031638 87.537398
0.009663 0.025164 0.999560 27.566967 0.009397 0.999545 -0.025254 -1.268394 -0.999834 0.009637 0.009417 87.546559
-0.009129 0.022651 0.999629 28.555954 0.009728 0.999610 -0.022561 -1.301856 -0.999839 0.009519 -0.009352 87.536618
-0.025449 0.025864 0.999268 29.550933 0.011305 0.999520 -0.025583 -1.334321 -0.999540 0.010647 -0.025737 87.507317
-0.039995 0.030163 0.998672 30.549111 0.014123 0.999373 -0.029619 -1.368288 -0.999028 0.012920 -0.040404 87.463729
-0.051784 0.035376 0.997958 31.543618 0.018496 0.999146 -0.034458 -1.406028 -0.998414 0.016675 -0.052404 87.405105
-0.060628 0.038832 0.997330 32.540874 0.023937 0.998922 -0.037439 -1.448398 -0.997800 0.021605 -0.061503 87.337128
-0.066439 0.044175 0.996732 33.541395 0.027776 0.998619 -0.042407 -1.495680 -0.997325 0.024870 -0.067586 87.267077
-0.069972 0.048933 0.996269 34.538224 0.029647 0.998363 -0.046953 -1.545901 -0.997030 0.026253 -0.071320 87.195332
-0.072758 0.053038 0.995854 35.539930 0.031793 0.998101 -0.050834 -1.600890 -0.996759 0.027965 -0.074319 87.120330
-0.075467 0.055935 0.995491 36.548164 0.032075 0.997943 -0.053641 -1.661251 -0.996546 0.027885 -0.077119 87.046208
-0.077861 0.059375 0.995108 37.553331 0.033102 0.997726 -0.056941 -1.724657 -0.996328 0.028509 -0.079663 86.967531
-0.079838 0.063177 0.994719 38.555911 0.034291 0.997472 -0.060599 -1.788767 -0.996133 0.029274 -0.081817 86.885977
-0.081961 0.064636 0.994454 39.564014 0.036873 0.997310 -0.061782 -1.855080 -0.995870 0.031607 -0.084137 86.801138
-0.084029 0.063404 0.994366 40.577039 0.036897 0.997393 -0.060479 -1.923454 -0.995702 0.031610 -0.086163 86.715870
-0.086220 0.063110 0.994196 41.590725 0.036279 0.997434 -0.060169 -1.992228 -0.995536 0.030883 -0.088302 86.628409
-0.088434 0.064574 0.993907 42.606908 0.036131 0.997352 -0.061583 -2.058406 -0.995347 0.030467 -0.090547 86.539798
-0.090582 0.066913 0.993555 43.633360 0.034849 0.997242 -0.063984 -2.124201 -0.995196 0.028831 -0.092678 86.441636
-0.092999 0.069177 0.993177 44.656512 0.033125 0.997146 -0.066352 -2.196391 -0.995032 0.026730 -0.095040 86.344062
-0.095500 0.072746 0.992686 45.675326 0.030805 0.996965 -0.070096 -2.272989 -0.994872 0.023888 -0.097467 86.252354
-0.097705 0.076945 0.992152 46.710055 0.027357 0.996735 -0.074606 -2.352965 -0.994756 0.019854 -0.099506 86.157615
-0.100330 0.079359 0.991700 47.743864 0.025055 0.996597 -0.077216 -2.435109 -0.994555 0.017101 -0.101992 86.059931
-0.103150 0.077863 0.991529 48.787656 0.023093 0.996748 -0.075870 -2.520209 -0.994314 0.015072 -0.104629 85.958725
-0.106041 0.073697 0.991541 49.837578 0.020024 0.997102 -0.071969 -2.604197 -0.994075 0.012224 -0.107226 85.853201
-0.108381 0.072150 0.991395 50.891597 0.020150 0.997207 -0.070370 -2.686192 -0.993814 0.012351 -0.109550 85.742393
-0.110228 0.072634 0.991154 51.943204 0.019392 0.997181 -0.070919 -2.767315 -0.993623 0.011404 -0.111344 85.629228
-0.111470 0.075416 0.990804 52.993207 0.020684 0.996961 -0.073557 -2.850459 -0.993456 0.012295 -0.112710 85.512840
-0.112092 0.078184 0.990508 54.047864 0.021117 0.996733 -0.076286 -2.934762 -0.993366 0.012366 -0.113396 85.396158
-0.112426 0.078919 0.990410 55.100981 0.019762 0.996691 -0.077176 -3.020370 -0.993354 0.010897 -0.113634 85.281635
-0.112226 0.077720 0.990526 56.160406 0.016886 0.996809 -0.076300 -3.107471 -0.993428 0.008164 -0.113201 85.166109
-0.112294 0.077075 0.990556 57.224062 0.012944 0.996871 -0.076099 -3.196427 -0.993467 0.004276 -0.112962 85.054854
-0.112402 0.078236 0.990451 58.287236 0.008994 0.996788 -0.077716 -3.285121 -0.993497 0.000171 -0.112766 84.945799
-0.112694 0.078447 0.990394 59.359434 0.004703 0.996756 -0.078417 -3.373910 -0.993487 -0.004181 -0.112720 84.834989
-0.113060 0.077972 0.990399 60.439551 0.001194 0.996781 -0.078338 -3.464047 -0.993464 -0.007676 -0.112811 84.723255
-0.113360 0.072881 0.990754 61.527714 0.001487 0.997174 -0.073184 -3.551233 -0.993431 -0.006824 -0.113170 84.605770
-0.113648 0.064271 0.991310 62.627756 0.004565 0.997779 -0.064168 -3.634065 -0.993382 -0.002768 -0.113711 84.481805
-0.113436 0.058915 0.991666 63.730156 0.009941 0.998107 -0.058161 -3.712319 -0.993366 0.003261 -0.113830 84.353409
-0.112597 0.061365 0.991611 64.829845 0.018217 0.997898 -0.059686 -3.783058 -0.993342 0.011345 -0.113501 84.219278
-0.111383 0.067062 0.991377 65.927755 0.023696 0.997461 -0.064811 -3.854178 -0.993361 0.016275 -0.112713 84.089053
-0.110554 0.072731 0.991068 67.027557 0.027272 0.997008 -0.070125 -3.933895 -0.993360 0.019278 -0.112230 83.965195
-0.109854 0.077166 0.990812 68.138871 0.027990 0.996671 -0.074519 -4.019039 -0.993419 0.019549 -0.111671 83.842232
-0.109757 0.074365 0.991033 69.258388 0.024896 0.996931 -0.072051 -4.103344 -0.993508 0.016766 -0.111294 83.724337
-0.109443 0.069847 0.991396 70.391730 0.023987 0.997264 -0.067613 -4.190058 -0.993565 0.016383 -0.110842 83.601859
-0.109258 0.067828 0.991557 71.530860 0.021542 0.997437 -0.065857 -4.273068 -0.993642 0.014166 -0.110462 83.482233
-0.109027 0.068616 0.991526 72.663737 0.019616 0.997407 -0.066866 -4.352904 -0.993704 0.012161 -0.110113 83.363066
-0.108636 0.073941 0.991172 73.798186 0.020578 0.997007 -0.072122 -4.436065 -0.993714 0.012562 -0.109857 83.238441
-0.107730 0.076754 0.991066 74.946614 0.020010 0.996812 -0.075025 -4.519362 -0.993831 0.011750 -0.108946 83.107638
-0.107264 0.075740 0.991193 76.097299 0.020188 0.996884 -0.073991 -4.608607 -0.993876 0.012075 -0.108483 82.985406
-0.106609 0.068987 0.991756 77.251574 0.021735 0.997342 -0.067040 -4.698111 -0.993913 0.014410 -0.107849 82.860110
-0.106854 0.067485 0.991825 78.415985 0.021041 0.997444 -0.065601 -4.782747 -0.993893 0.013861 -0.108026 82.737160
-0.106620 0.070551 0.991622 79.579421 0.018602 0.997252 -0.068952 -4.866597 -0.993953 0.011096 -0.107666 82.620066
-0.106339 0.073707 0.991422 80.739819 0.017997 0.997033 -0.072195 -4.951257 -0.993992 0.010167 -0.107377 82.501122
-0.106208 0.073239 0.991466 81.914239 0.017127 0.997071 -0.071819 -5.039992 -0.994017 0.009354 -0.107179 82.379089
-0.105924 0.069728 0.991749 83.097633 0.016681 0.997322 -0.068339 -5.130548 -0.994055 0.009306 -0.106831 82.258126
-0.105051 0.068623 0.991919 84.277332 0.017333 0.997391 -0.067167 -5.219101 -0.994137 0.010139 -0.105993 82.135939
-0.103794 0.069148 0.992012 85.467739 0.018900 0.997335 -0.067542 -5.305473 -0.994237 0.011740 -0.104851 82.010822
-0.102691 0.069459 0.992105 86.661733 0.021378 0.997280 -0.067609 -5.390979 -0.994302 0.014269 -0.103923 81.886239
-0.101591 0.068855 0.992261 87.860353 0.021077 0.997325 -0.067050 -5.479646 -0.994421 0.014105 -0.102797 81.766633
-0.100163 0.069619 0.992353 89.058106 0.022326 0.997253 -0.067710 -5.566182 -0.994539 0.015376 -0.101469 81.647461
-0.098979 0.067902 0.992591 90.262531 0.022500 0.997364 -0.065985 -5.653002 -0.994654 0.015805 -0.100272 81.530765
-0.097877 0.067161 0.992746 91.470308 0.020921 0.997432 -0.065417 -5.739376 -0.994793 0.014368 -0.099057 81.418244
-0.096480 0.066485 0.992927 92.683498 0.022077 0.997456 -0.064644 -5.823262 -0.994902 0.015686 -0.097729 81.303226
-0.094562 0.067401 0.993051 93.900134 0.020193 0.997423 -0.065776 -5.909839 -0.995127 0.013835 -0.095705 81.190837
-0.092959 0.070104 0.993015 95.122774 0.020793 0.997230 -0.068456 -5.997738 -0.995266 0.014287 -0.094185 81.078996
-0.091831 0.068968 0.993200 96.355820 0.018675 0.997335 -0.067530 -6.086908 -0.995412 0.012349 -0.092900 80.972924
-0.091302 0.067655 0.993338 97.588509 0.015231 0.997460 -0.066537 -6.179205 -0.995519 0.009056 -0.092126 80.868802
-0.091270 0.068777 0.993273 98.816709 0.012503 0.997414 -0.067916 -6.267220 -0.995569 0.006220 -0.091918 80.766679
-0.091607 0.068152 0.993278 100.040239 0.009861 0.997470 -0.067531 -6.356721 -0.995565 0.003609 -0.092071 80.660831
-0.092549 0.065640 0.993361 101.293283 0.007369 0.997644 -0.065236 -6.448150 -0.995500 0.001282 -0.092839 80.551764
-0.093802 0.064223 0.993345 102.549709 0.005289 0.997747 -0.064008 -6.538493 -0.995406 -0.000751 -0.093953 80.440805
-0.095145 0.063581 0.993266 103.803326 0.003536 0.997792 -0.063532 -6.626682 -0.995293 -0.002534 -0.095182 80.328543
-0.096761 0.063784 0.993097 105.052042 0.003564 0.997779 -0.063738 -6.716470 -0.995137 -0.002629 -0.096797 80.212780
-0.098990 0.062511 0.992957 106.309104 0.003154 0.997857 -0.062505 -6.804209 -0.994918 -0.003056 -0.098999 80.092166
-0.102009 0.057716 0.992943 107.570757 0.000514 0.998137 -0.057965 -6.891594 -0.994619 -0.005404 -0.101872 79.971247
-0.106055 0.057756 0.992519 108.825680 0.000061 0.998132 -0.058077 -6.976915 -0.994198 -0.006101 -0.105885 79.842838
-0.111572 0.063625 0.991551 110.060562 -0.005072 0.997715 -0.064591 -7.062098 -0.993577 -0.012238 -0.111020 79.718517
-0.118766 0.066750 0.990511 111.282784 -0.004249 0.997512 -0.067732 -7.149737 -0.992748 -0.012256 -0.118214 79.582104
-0.127658 0.062715 0.989669 112.525421 -0.002408 0.997794 -0.063541 -7.242053 -0.991651 -0.010497 -0.127254 79.426049
-0.138351 0.060497 0.988366 113.771880 -0.000265 0.997946 -0.061120 -7.335344 -0.990216 -0.008720 -0.138082 79.253580
-0.151028 0.061550 0.986443 115.011363 0.000143 0.997876 -0.062242 -7.422631 -0.988361 -0.009261 -0.150749 79.067571
-0.165105 0.061848 0.984161 116.230278 0.002138 0.997861 -0.062351 -7.508066 -0.986099 -0.008192 -0.164921 78.868361
-0.179375 0.059644 0.981793 117.442910 0.002887 0.997994 -0.060101 -7.596954 -0.983598 -0.007948 -0.179227 78.650864
-0.194456 0.062278 0.978752 118.648253 0.007277 0.997850 -0.062048 -7.685308 -0.980703 -0.004945 -0.194535 78.410214
-0.209460 0.065525 0.975442 119.827036 0.007894 0.997640 -0.065321 -7.774308 -0.977615 -0.005984 -0.209527 78.163321
-0.224832 0.069371 0.971745 120.993161 0.007815 0.997364 -0.069392 -7.865212 -0.974193 -0.008010 -0.224829 77.905057
-0.240969 0.067242 0.968020 122.147350 0.004326 0.997463 -0.068211 -7.957391 -0.970347 -0.012252 -0.240701 77.633832
-0.257043 0.061581 0.964255 123.320034 -0.001287 0.997746 -0.064064 -8.049794 -0.966221 -0.017713 -0.256441 77.339476
-0.272611 0.057660 0.960226 124.490556 -0.005204 0.997916 -0.061401 -8.137732 -0.961951 -0.021741 -0.271797 77.021177
-0.287774 0.059155 0.955699 125.648294 -0.006989 0.997749 -0.063863 -8.223428 -0.957512 -0.025063 -0.286770 76.687476
-0.302217 0.061068 0.951107 126.793853 -0.007284 0.997582 -0.066367 -8.310312 -0.953047 -0.026991 -0.301101 76.336615
-0.316105 0.063372 0.946431 127.938040 -0.005641 0.997436 -0.068672 -8.401142 -0.948542 -0.027052 -0.315000 75.960714
-0.330076 0.063305 0.941656 129.078114 -0.003506 0.997474 -0.068287 -8.492947 -0.943783 -0.025846 -0.329085 75.566472
-0.344213 0.061325 0.936713 130.206585 -0.003824 0.997580 -0.066715 -8.585494 -0.938719 -0.026552 -0.343214 75.161541
-0.358588 0.060026 0.931391 131.332408 -0.004072 0.997636 -0.065864 -8.677204 -0.933323 -0.027417 -0.357566 74.734972
-0.373374 0.061436 0.925473 132.439222 -0.005443 0.997460 -0.068411 -8.768559 -0.927502 -0.030586 -0.372164 74.300908
-0.388227 0.063650 0.919190 133.537996 -0.004510 0.997287 -0.070963 -8.859322 -0.921388 -0.031702 -0.386962 73.845728
-0.402931 0.065362 0.912720 134.632154 -0.003327 0.997154 -0.072878 -8.953668 -0.915059 -0.032408 -0.401645 73.372574
-0.417382 0.067968 0.906005 135.721021 -0.000519 0.996994 -0.075033 -9.051143 -0.908558 -0.031794 -0.416175 72.876651
-0.432247 0.071473 0.898739 136.799956 -0.000678 0.996644 -0.079586 -9.150320 -0.901583 -0.035017 -0.430833 72.368959
-0.447333 0.073800 0.891136 137.880088 0.000418 0.996422 -0.082310 -9.252016 -0.894194 -0.036455 -0.445851 71.837226
-0.462751 0.071172 0.883444 138.964070 -0.000838 0.996552 -0.080724 -9.355813 -0.886313 -0.038103 -0.461186 71.284386
-0.478864 0.066742 0.875162 140.043472 -0.003727 0.996756 -0.078055 -9.460367 -0.877703 -0.040648 -0.477156 70.714112
-0.494980 0.066945 0.866132 141.108474 -0.004101 0.996649 -0.079377 -9.562081 -0.868712 -0.042850 -0.493145 70.121769
-0.511019 0.066070 0.856836 142.166836 -0.005437 0.996587 -0.080090 -9.663743 -0.859370 -0.045596 -0.509016 69.507508
-0.526976 0.064969 0.847201 143.215664 -0.006022 0.996577 -0.080171 -9.768881 -0.849674 -0.047360 -0.524885 68.872204
-0.542654 0.064495 0.837282 144.255805 -0.007289 0.996462 -0.081481 -9.876131 -0.839738 -0.050329 -0.540370 68.214197
-0.558132 0.063822 0.827097 145.287657 -0.007703 0.996409 -0.082086 -9.983075 -0.829526 -0.052197 -0.555746 67.534599
-0.573518 0.061092 0.816710 146.314490 -0.008232 0.996546 -0.080326 -10.090207 -0.818956 -0.052803 -0.571148 66.831239
-0.588697 0.057582 0.806094 147.333553 -0.008105 0.996799 -0.077125 -10.197019 -0.808113 -0.051947 -0.586463 66.103647
-0.603716 0.055998 0.795021 148.339007 -0.007155 0.996919 -0.075652 -10.300942 -0.796964 -0.051371 -0.601576 65.356201
-0.618653 0.054233 0.783577 149.333901 -0.008072 0.996932 -0.075374 -10.404110 -0.785416 -0.052966 -0.616442 64.589841
-0.633648 0.055318 0.771422 150.318854 -0.009434 0.996621 -0.079216 -10.509620 -0.773351 -0.057485 -0.631113 63.803010
-0.649120 0.054740 0.758491 151.285821 -0.011632 0.996384 -0.081863 -10.615406 -0.760380 -0.061975 -0.646267 62.998934
-0.665097 0.051524 0.744741 152.246294 -0.013449 0.996428 -0.080948 -10.725339 -0.746406 -0.063868 -0.662167 62.168986
-0.681578 0.043867 0.730189 153.196888 -0.017134 0.996771 -0.075876 -10.835216 -0.731310 -0.064240 -0.678768 61.315065
-0.698618 0.041400 0.714047 154.126167 -0.017981 0.996791 -0.075387 -10.942852 -0.715025 -0.065520 -0.695778 60.436825
-0.716287 0.038737 0.696473 155.034923 -0.019761 0.996728 -0.075761 -11.044595 -0.697275 -0.068044 -0.713329 59.535335
-0.733907 0.035003 0.678082 155.930897 -0.022888 0.996626 -0.076220 -11.152059 -0.678604 -0.071474 -0.730785 58.602854
-0.750771 0.033086 0.659464 156.794425 -0.022506 0.996682 -0.075627 -11.257093 -0.659915 -0.071636 -0.747692 57.649693
-0.767030 0.035180 0.640377 157.621662 -0.020299 0.996469 -0.079056 -11.367091 -0.641026 -0.073653 -0.763764 56.684577
-0.782314 0.034541 0.621652 158.438693 -0.017084 0.996701 -0.076880 -11.474441 -0.622380 -0.070779 -0.779301 55.678217
-0.797143 0.035752 0.602451 159.224404 -0.013065 0.996797 -0.076443 -11.588916 -0.603374 -0.068821 -0.794282 54.657138
-0.811787 0.036821 0.582492 159.988904 -0.011469 0.996613 -0.078983 -11.699321 -0.583546 -0.070813 -0.808782 53.615733
-0.825771 0.038579 0.562366 160.726863 -0.010327 0.996252 -0.083509 -11.813183 -0.563597 -0.074783 -0.822450 52.553382
-0.838881 0.039169 0.542573 161.440899 -0.007459 0.996282 -0.083456 -11.929038 -0.543938 -0.074073 -0.835646 51.469321
-0.850830 0.037233 0.523779 162.123749 -0.006228 0.996498 -0.080954 -12.045448 -0.525067 -0.072156 -0.847795 50.382793
-0.861476 0.038897 0.505944 162.780246 -0.003493 0.996376 -0.082550 -12.162180 -0.507429 -0.072899 -0.858401 49.280221
-0.871224 0.041714 0.488735 163.405115 -0.000745 0.996060 -0.086343 -12.274137 -0.490515 -0.075605 -0.867946 48.187759
-0.880456 0.039578 0.472084 164.020243 -0.002343 0.995925 -0.087866 -12.392844 -0.473738 -0.078486 -0.876963 47.066986
-0.888883 0.036738 0.456243 164.617945 -0.003566 0.995977 -0.087147 -12.513712 -0.457709 -0.079109 -0.885371 45.934368
-0.896286 0.034678 0.441688 165.192231 -0.004590 0.995942 -0.087510 -12.633554 -0.443027 -0.080480 -0.892686 44.797390
-0.903107 0.032644 0.427717 165.756760 -0.005165 0.995984 -0.086922 -12.756126 -0.428932 -0.080728 -0.899515 43.638067
-0.909531 0.029981 0.414064 166.301886 -0.006420 0.996030 -0.086222 -12.877035 -0.415101 -0.081099 -0.905939 42.478554
-0.915415 0.024879 0.401238 166.832682 -0.009071 0.996328 -0.082475 -12.996198 -0.401909 -0.079157 -0.912040 41.308951
-0.920685 0.021444 0.389212 167.346777 -0.010290 0.996583 -0.079251 -13.111481 -0.389669 -0.076988 -0.917526 40.130805
-0.925150 0.021582 0.378463 167.840311 -0.007815 0.996860 -0.075950 -13.222593 -0.378999 -0.073240 -0.922288 38.947916
-0.928469 0.025719 0.369967 168.317581 -0.003387 0.996737 -0.077791 -13.331951 -0.370847 -0.073498 -0.925571 37.766268
-0.930729 0.030886 0.363835 168.780775 0.002045 0.996613 -0.079371 -13.440318 -0.365140 -0.073147 -0.927861 36.576217
-0.932633 0.034242 0.358617 169.238259 0.005117 0.996402 -0.081834 -13.550304 -0.360214 -0.074504 -0.929676 35.389738
-0.934557 0.031312 0.353833 169.701969 0.002825 0.996498 -0.080723 -13.663044 -0.355207 -0.074459 -0.931600 34.196737
-0.936463 0.023989 0.349334 170.163252 -0.003217 0.996784 -0.077073 -13.774011 -0.350144 -0.073318 -0.933603 33.002607
-0.938350 0.017788 0.344585 170.622045 -0.008751 0.996879 -0.075292 -13.882553 -0.344935 -0.073684 -0.935503 31.803799
-0.940069 0.011381 0.340166 171.077989 -0.015717 0.996688 -0.076782 -13.988060 -0.339995 -0.077546 -0.937006 30.598597
-0.941371 0.009008 0.336623 171.522407 -0.018908 0.996418 -0.079542 -14.096302 -0.336214 -0.081264 -0.938057 29.398191
-0.942113 0.009433 0.334523 171.959510 -0.019141 0.996213 -0.081999 -14.208240 -0.334110 -0.083676 -0.938595 28.194067
-0.942347 0.010115 0.333820 172.392397 -0.019049 0.996045 -0.083954 -14.323127 -0.333431 -0.085495 -0.938664 26.992030
-0.942221 0.012921 0.334083 172.823217 -0.016740 0.995936 -0.085734 -14.440489 -0.333914 -0.086395 -0.938412 25.788713
-0.941776 0.013867 0.335300 173.257085 -0.016410 0.995807 -0.087276 -14.560286 -0.335186 -0.087719 -0.937835 24.586119
-0.941288 0.014937 0.336638 173.695366 -0.016058 0.995659 -0.089080 -14.683216 -0.336587 -0.089278 -0.937192 23.381036
-0.940565 0.016324 0.338589 174.131014 -0.014677 0.995708 -0.088777 -14.805889 -0.338666 -0.088492 -0.936518 22.184093
-0.939654 0.015942 0.341127 174.573874 -0.015419 0.995676 -0.089006 -14.930478 -0.341153 -0.088917 -0.935575 20.984808
-0.938299 0.014706 0.344888 175.017763 -0.017142 0.995639 -0.089092 -15.052302 -0.344777 -0.089529 -0.934186 19.805609
-0.936534 0.013243 0.349698 175.467798 -0.018352 0.995809 -0.086862 -15.173797 -0.349469 -0.087789 -0.932601 18.620565
-0.934394 0.011034 0.355444 175.927996 -0.020164 0.996022 -0.083927 -15.295010 -0.355045 -0.085610 -0.930692 17.437088
-0.931740 0.008740 0.362394 176.397152 -0.022178 0.996213 -0.081050 -15.410493 -0.361822 -0.083576 -0.928259 16.254103
-0.928843 0.011036 0.369687 176.864906 -0.020335 0.996267 -0.080834 -15.525897 -0.369294 -0.082621 -0.925395 15.083106
-0.925368 0.011415 0.378292 177.342240 -0.020757 0.996258 -0.080839 -15.637834 -0.377896 -0.082680 -0.921911 13.924686
-0.921370 0.014578 0.387824 177.826279 -0.019261 0.996094 -0.083203 -15.751850 -0.387621 -0.084153 -0.917731 12.774067
-0.916927 0.015825 0.398169 178.323717 -0.018475 0.996198 -0.082140 -15.863352 -0.398057 -0.082694 -0.913388 11.635173
-0.911677 0.017761 0.409969 178.838659 -0.018079 0.996104 -0.083361 -15.978965 -0.409957 -0.083432 -0.908042 10.495633
-0.905679 0.019836 0.422964 179.367819 -0.017523 0.996041 -0.084235 -16.094581 -0.423069 -0.083724 -0.901981 9.365503
-0.899330 0.022256 0.436182 179.919912 -0.016176 0.996067 -0.084178 -16.210395 -0.436454 -0.082781 -0.895667 8.229701
-0.892825 0.021480 0.449386 180.492721 -0.016934 0.996296 -0.081267 -16.327217 -0.449584 -0.080188 -0.889386 7.099452
-0.885940 0.024337 0.462671 181.076331 -0.015189 0.996306 -0.081493 -16.442804 -0.463065 -0.079246 -0.882528 5.978402
-0.878709 0.026710 0.476133 181.676447 -0.013303 0.996417 -0.080447 -16.554880 -0.476699 -0.077044 -0.875434 4.865363
-0.870940 0.028326 0.490093 182.286897 -0.011563 0.996614 -0.078151 -16.667334 -0.490779 -0.073752 -0.867896 3.773473
-0.862830 0.030119 0.504112 182.910289 -0.009115 0.996860 -0.075161 -16.776971 -0.504932 -0.069466 -0.860085 2.700395
-0.854264 0.033066 0.518319 183.552070 -0.005945 0.997016 -0.073403 -16.884509 -0.519343 -0.065805 -0.851754 1.637339
-0.844642 0.036586 0.533626 184.208712 -0.002354 0.997129 -0.072090 -16.986813 -0.534877 -0.062164 -0.842363 0.589573
-0.833855 0.039350 0.550135 184.883626 0.000203 0.997206 -0.071022 -17.086143 -0.551544 -0.059127 -0.831765 -0.441046
-0.822512 0.042404 0.566743 185.576591 0.003142 0.997274 -0.070058 -17.185328 -0.568322 -0.055858 -0.820627 -1.454594
-0.810804 0.044163 0.583258 186.288571 0.004342 0.997322 -0.069480 -17.283136 -0.584915 -0.053817 -0.809037 -2.452108
-0.798631 0.046124 0.599677 187.014814 0.005576 0.997333 -0.069284 -17.380925 -0.601427 -0.052002 -0.796964 -3.424604
-0.785436 0.048314 0.616703 187.763216 0.007168 0.997349 -0.069007 -17.478119 -0.618555 -0.049792 -0.783898 -4.389214
-0.771209 0.049294 0.634325 188.536084 0.008700 0.997476 -0.066938 -17.570400 -0.636182 -0.046117 -0.769887 -5.336204
-0.755535 0.050978 0.652772 189.327801 0.010915 0.997557 -0.065272 -17.664852 -0.654672 -0.042202 -0.754444 -6.256194
-0.738434 0.053763 0.671846 190.137348 0.012328 0.997478 -0.066272 -17.757848 -0.673886 -0.040666 -0.737425 -7.153372
-0.720868 0.056660 0.690426 190.961801 0.012801 0.997322 -0.068481 -17.848964 -0.692633 -0.040538 -0.719850 -8.015652
-0.702790 0.057379 0.708760 191.809454 0.012150 0.997314 -0.068693 -17.942315 -0.710979 -0.039676 -0.701784 -8.855195
-0.683461 0.057491 0.727409 192.674001 0.011170 0.997350 -0.068332 -18.034473 -0.729596 -0.038587 -0.682471 -9.663406
-0.663019 0.056880 0.746136 193.557505 0.009206 0.997403 -0.067855 -18.127631 -0.748249 -0.038131 -0.661995 -10.450867
-0.642171 0.057304 0.764123 194.464450 0.006905 0.997346 -0.068992 -18.218362 -0.766243 -0.039039 -0.641030 -11.215251
-0.620934 0.056999 0.781499 195.382868 0.004104 0.997326 -0.069480 -18.307536 -0.783570 -0.039946 -0.619670 -11.945694
-0.599110 0.057059 0.798349 196.323472 0.002692 0.997346 -0.069262 -18.397270 -0.800387 -0.039356 -0.597830 -12.653415
-0.576064 0.056895 0.815147 197.288045 0.002004 0.997421 -0.068202 -18.485412 -0.817133 -0.037665 -0.574843 -13.339364
-0.551374 0.057603 0.831996 198.258895 0.001356 0.997424 -0.068158 -18.574644 -0.833993 -0.036461 -0.550178 -13.990404
-0.525206 0.060809 0.848533 199.250119 0.003031 0.997320 -0.069596 -18.663444 -0.850710 -0.033989 -0.524123 -14.614891
-0.497891 0.061455 0.864795 200.264559 0.002649 0.997336 -0.069350 -18.754135 -0.866978 -0.032246 -0.496861 -15.209308
-0.469998 0.060499 0.880336 201.296276 0.000639 0.997421 -0.068205 -18.841053 -0.882418 -0.031502 -0.468949 -15.764420
-0.441344 0.058617 0.895166 202.344764 -0.000654 0.997589 -0.065647 -18.929294 -0.897090 -0.029566 -0.440360 -16.287064
-0.375916 0.063510 0.924217 201.291182 0.013471 0.997657 -0.063077 -18.350957 -0.926307 -0.011265 -0.375995 -18.023285
-0.343634 0.065987 0.936530 202.384833 0.013836 0.997514 -0.065208 -18.435239 -0.938758 -0.009453 -0.343788 -18.433215
-0.310701 0.067596 0.947862 203.492810 0.015047 0.997439 -0.066201 -18.518915 -0.950158 -0.006308 -0.311007 -18.809719
-0.219885 0.049100 0.974041 210.567179 0.004298 0.998503 -0.049364 -20.188624 -0.975278 -0.006670 -0.219831 -20.990687
-0.185433 0.048838 0.981191 211.715781 0.004617 0.998523 -0.048829 -20.254356 -0.982404 -0.004526 -0.185440 -21.219613
-0.150406 0.047323 0.987241 212.874181 0.006338 0.998605 -0.046904 -20.318749 -0.988364 -0.000798 -0.150542 -21.407996
-0.122331 0.047204 0.991119 212.422965 -0.000563 0.998594 -0.047630 -20.257212 -0.992252 -0.006386 -0.122169 -21.735752
-0.086453 0.045701 0.994959 213.589102 0.000714 0.998677 -0.045811 -20.323159 -0.996017 -0.003251 -0.086399 -21.849569
-0.050462 0.045062 0.997459 214.756428 0.001672 0.998709 -0.045035 -20.387229 -0.998485 -0.000605 -0.050489 -21.920232
-0.014154 0.044350 0.998660 215.919649 0.002363 0.998734 -0.044320 -20.448428 -0.999652 0.001733 -0.014248 -21.949231
0.022152 0.044014 0.998537 217.079011 0.003305 0.998749 -0.044098 -20.510414 -0.999512 0.004278 0.021982 -21.935909
0.058050 0.044439 0.997079 218.237444 0.002436 0.998729 -0.044655 -20.572445 -0.998076 0.005023 0.057881 -21.881260
0.092761 0.043788 0.994470 219.391137 0.002312 0.998741 -0.044192 -20.633239 -0.995441 0.006400 0.092567 -21.781056
0.126554 0.042814 0.990779 220.540652 0.001470 0.998780 -0.043348 -20.695576 -0.991713 0.006944 0.126370 -21.640884
0.159515 0.042825 0.986009 221.674531 0.001005 0.998772 -0.043542 -20.760086 -0.986949 0.007938 0.159319 -21.461815
0.192079 0.042265 0.980215 222.812142 0.002341 0.998775 -0.043524 -20.819248 -0.981134 0.010658 0.191796 -21.246875
0.223749 0.039682 0.973574 223.942696 0.003975 0.998842 -0.041626 -20.878730 -0.974385 0.013187 0.223395 -20.994626
0.254396 0.038230 0.966074 225.062566 0.005522 0.998857 -0.040982 -20.937031 -0.966824 0.015765 0.253967 -20.708022
0.284061 0.037814 0.957788 226.177937 0.007186 0.998823 -0.041566 -20.994409 -0.958517 0.018696 0.283536 -20.385243
0.313431 0.037044 0.948614 227.278525 0.009465 0.998782 -0.042132 -21.050547 -0.949301 0.022191 0.312788 -20.029518
0.342740 0.035715 0.938473 228.377687 0.012242 0.998736 -0.042480 -21.107707 -0.939084 0.026056 0.341968 -19.636097
0.371844 0.033681 0.927402 229.468583 0.015031 0.998705 -0.042299 -21.164354 -0.927903 0.029677 0.370964 -19.208410
0.400762 0.031852 0.915335 230.548120 0.017474 0.998654 -0.042402 -21.223123 -0.915733 0.032997 0.399784 -18.746342
0.429118 0.030712 0.902426 231.615738 0.020631 0.998531 -0.043794 -21.281807 -0.902724 0.037422 0.427982 -18.250251
0.456461 0.029551 0.888941 232.668476 0.021869 0.998468 -0.044422 -21.342060 -0.889173 0.039730 0.455257 -17.718932
0.483189 0.027469 0.874769 233.703098 0.023016 0.998459 -0.044067 -21.402726 -0.874908 0.041439 0.481961 -17.154907
0.509743 0.026257 0.859604 234.719363 0.023459 0.998433 -0.044410 -21.465089 -0.859696 0.042816 0.508486 -16.559258
0.536390 0.026807 0.843220 235.714443 0.025101 0.998244 -0.047703 -21.528920 -0.843283 0.046768 0.534940 -15.933517
0.562587 0.027141 0.825966 236.691861 0.026989 0.998026 -0.051178 -21.595637 -0.825981 0.051100 0.560915 -15.278641
0.587915 0.025147 0.808192 237.655173 0.028558 0.997946 -0.051827 -21.663447 -0.808089 0.053567 0.586168 -14.584856
0.612478 0.022198 0.789828 238.596191 0.029815 0.997944 -0.051168 -21.735183 -0.789589 0.054905 0.610743 -13.860836
0.635697 0.019967 0.771319 239.521813 0.029678 0.997987 -0.050295 -21.807660 -0.771017 0.054881 0.634022 -13.103624
0.656902 0.020000 0.753343 240.422061 0.028506 0.997969 -0.051352 -21.879512 -0.753080 0.055225 0.655200 -12.321272
0.676161 0.019709 0.736110 241.303001 0.027577 0.997956 -0.052052 -21.950904 -0.735868 0.055512 0.674446 -11.524805
0.694053 0.018264 0.719305 242.170799 0.027142 0.997994 -0.051531 -22.021635 -0.719035 0.055306 0.692383 -10.696881
0.710657 0.015699 0.702972 243.029392 0.027173 0.998086 -0.049762 -22.093425 -0.702632 0.054482 0.709091 -9.833893
0.726045 0.012310 0.687136 243.864325 0.028671 0.998122 -0.048177 -22.163919 -0.686658 0.054696 0.724555 -8.957525
0.740556 0.009647 0.671507 244.692162 0.029822 0.998127 -0.047230 -22.231642 -0.670923 0.055020 0.739117 -8.056456
0.754192 0.007005 0.656169 245.495574 0.031902 0.998046 -0.047325 -22.299378 -0.655440 0.056644 0.752745 -7.137534
0.767610 0.006363 0.640426 246.279477 0.031847 0.998010 -0.048088 -22.365773 -0.639675 0.057327 0.766134 -6.198300
0.780782 0.004679 0.624314 247.045285 0.032796 0.997959 -0.048497 -22.432150 -0.623479 0.058359 0.779294 -5.243265
0.793593 0.002351 0.607962 247.797783 0.032678 0.998058 -0.046516 -22.498075 -0.607097 0.056801 0.792238 -4.265734
0.805992 -0.000533 0.591424 248.523772 0.033525 0.998106 -0.044790 -22.565228 -0.590483 0.055946 0.804753 -3.279337
0.818042 -0.002395 0.574637 249.231620 0.034121 0.998102 -0.044415 -22.630067 -0.573637 0.055959 0.816845 -2.271086
0.829606 -0.003336 0.557806 249.916438 0.035370 0.997958 -0.046637 -22.694341 -0.556703 0.058439 0.828308 -1.258787
0.840180 -0.004415 0.541734 250.588473 0.036001 0.997879 -0.047703 -22.758932 -0.540563 0.059602 0.838843 -0.220520
0.849995 -0.005096 0.526187 251.240769 0.035543 0.997890 -0.047754 -22.826263 -0.525019 0.059313 0.848675 0.835037
0.859166 -0.007585 0.511026 251.880811 0.036127 0.997944 -0.045929 -22.893015 -0.509812 0.057943 0.857979 1.912817
0.867953 -0.010228 0.495904 252.501644 0.037698 0.997909 -0.045402 -22.959814 -0.494583 0.058122 0.866833 2.996569
0.876124 -0.010853 0.481303 253.108440 0.037765 0.997865 -0.046246 -23.026319 -0.479949 0.058714 0.874978 4.102688
0.883480 -0.014142 0.467580 253.698732 0.041776 0.997587 -0.048764 -23.092664 -0.465932 0.062638 0.882254 5.211708
0.890341 -0.016438 0.454293 254.277259 0.042987 0.997561 -0.048154 -23.159426 -0.452561 0.062424 0.889198 6.342099
0.896563 -0.019820 0.441744 254.843896 0.045684 0.997448 -0.047968 -23.228966 -0.439831 0.063210 0.895506 7.483654
0.902109 -0.021479 0.430223 255.395186 0.046910 0.997361 -0.048572 -23.295745 -0.428205 0.064022 0.901064 8.637519
0.906500 -0.022902 0.420823 255.940070 0.047581 0.997349 -0.048218 -23.365453 -0.418759 0.063755 0.905513 9.809583
0.909667 -0.023648 0.413887 256.475585 0.047131 0.997446 -0.046601 -23.436651 -0.411882 0.061920 0.908788 10.992408
0.911948 -0.024693 0.408763 257.008648 0.047383 0.997481 -0.045458 -23.506209 -0.406765 0.060845 0.911156 12.188618
0.914003 -0.025717 0.404081 257.537760 0.048042 0.997461 -0.045188 -23.576417 -0.402046 0.060737 0.913255 13.393430
0.915920 -0.027032 0.399627 258.062038 0.048956 0.997436 -0.044738 -23.643149 -0.397545 0.060562 0.915233 14.599320
0.917595 -0.029022 0.395622 258.584668 0.050006 0.997467 -0.042811 -23.710328 -0.393528 0.059088 0.917062 15.817253
0.919238 -0.030956 0.391633 259.105783 0.051571 0.997409 -0.042211 -23.777906 -0.389462 0.059020 0.918797 17.038431
0.921036 -0.032078 0.387291 259.626947 0.052702 0.997328 -0.042730 -23.841869 -0.385035 0.059789 0.920611 18.265675
0.922694 -0.033146 0.383234 260.132465 0.053375 0.997312 -0.042252 -23.908359 -0.380951 0.059463 0.922330 19.488482
0.924342 -0.032931 0.379260 260.631998 0.052813 0.997348 -0.042120 -23.975352 -0.377013 0.058985 0.923977 20.717108
0.925943 -0.033303 0.375297 261.131672 0.052809 0.997360 -0.041790 -24.043150 -0.373060 0.058536 0.925606 21.953878
0.927495 -0.032752 0.371492 261.624442 0.051903 0.997413 -0.041653 -24.111722 -0.369311 0.057936 0.927146 23.187956
0.928529 -0.031554 0.368995 262.115665 0.050458 0.997482 -0.041677 -24.180966 -0.366895 0.057338 0.928137 24.433001
