1.000000 0.000000 0.000000 0.000000 0.000000 1.000000 0.000000 0.000000 0.000000 0.000000 1.000000 0.000000
1.000001 -0.000570 -0.000223 -0.005598 0.000571 1.000000 0.001611 -0.020528 0.000222 -0.001611 1.000000 1.340023
1.000012 -0.001701 -0.000685 -0.010856 0.001702 1.000011 0.001700 -0.042153 0.000682 -0.001701 1.000012 2.680866
1.000012 -0.003074 -0.000797 -0.014756 0.003074 1.000012 0.000655 -0.062504 0.000795 -0.000657 1.000017 4.028903
1.000007 -0.003375 -0.000729 -0.021436 0.003376 1.000008 0.000697 -0.082320 0.000727 -0.000700 1.000013 5.361882
1.000004 -0.003897 -0.000746 -0.029215 0.003898 1.000003 0.001559 -0.102742 0.000740 -0.001562 1.000011 6.704131
0.999991 -0.005377 -0.000679 -0.033603 0.005378 0.999987 0.002740 -0.122661 0.000664 -0.002743 1.000001 8.059057
0.999992 -0.004998 -0.001012 -0.040171 0.005001 0.999986 0.003277 -0.142096 0.000996 -0.003282 0.999998 9.392245
0.999996 -0.004186 -0.001459 -0.048975 0.004189 0.999996 0.001445 -0.161008 0.001452 -0.001451 1.000003 10.734597
1.000005 -0.001417 -0.001566 -0.061000 0.001416 1.000006 -0.000751 -0.181945 0.001567 0.000749 1.000005 12.078468
1.000000 0.001973 -0.001414 -0.075247 -0.001975 1.000000 -0.001650 -0.204144 0.001411 0.001653 0.999999 13.424176
0.999995 0.004282 -0.001375 -0.089300 -0.004285 0.999994 -0.001774 -0.227806 0.001367 0.001780 1.000000 14.777003
0.999992 0.005374 -0.001234 -0.101530 -0.005375 0.999992 -0.000865 -0.252069 0.001230 0.000872 1.000003 16.135388
1.000001 0.002935 -0.000859 -0.108691 -0.002934 1.000000 0.001823 -0.272361 0.000864 -0.001820 1.000001 17.495268
1.000004 -0.001161 -0.000831 -0.111217 0.001164 0.999998 0.003579 -0.292341 0.000827 -0.003580 0.999996 18.855009
0.999998 -0.003424 -0.001173 -0.115264 0.003426 0.999998 0.001251 -0.312135 0.001169 -0.001255 1.000000 20.211484
0.999992 -0.004464 -0.001257 -0.121775 0.004463 0.999993 -0.000796 -0.330897 0.001260 0.000790 0.999999 21.571006
0.999999 -0.002140 -0.000692 -0.133388 0.002138 0.999997 -0.002400 -0.355140 0.000697 0.002399 0.999996 22.943691
0.999999 0.000587 0.000044 -0.145329 -0.000587 0.999999 -0.000395 -0.375624 -0.000045 0.000395 0.999996 24.318285
0.999994 0.001045 0.000426 -0.152590 -0.001046 0.999990 0.003205 -0.396808 -0.000423 -0.003205 0.999987 25.695076
0.999993 -0.001315 0.000826 -0.155424 0.001310 0.999980 0.005159 -0.412060 -0.000833 -0.005158 0.999977 27.076807
0.999980 -0.005175 0.000387 -0.155812 0.005174 0.999975 0.003255 -0.429078 -0.000404 -0.003253 0.999985 28.456195
0.999979 -0.005475 0.000255 -0.159400 0.005475 0.999979 0.000980 -0.447944 -0.000260 -0.000979 0.999990 29.830330
0.999976 -0.005685 0.000883 -0.164597 0.005686 0.999976 -0.001512 -0.470140 -0.000875 0.001517 0.999988 31.219258
0.999986 -0.002287 0.001457 -0.174222 0.002290 0.999985 -0.002236 -0.495666 -0.001452 0.002239 0.999983 32.599058
0.999986 -0.001389 0.001788 -0.181967 0.001396 0.999979 -0.004388 -0.521814 -0.001782 0.004391 0.999974 33.984089
0.999987 -0.000356 0.001850 -0.188623 0.000363 0.999982 -0.003822 -0.548231 -0.001849 0.003822 0.999977 35.377462
0.999987 -0.000281 0.001711 -0.195308 0.000285 0.999985 -0.002599 -0.574995 -0.001710 0.002600 0.999980 36.778896
0.999988 0.000951 0.001377 -0.203313 -0.000949 0.999989 -0.001051 -0.600012 -0.001378 0.001050 0.999984 38.183865
0.999983 0.003796 0.001385 -0.214093 -0.003795 0.999984 -0.000752 -0.625424 -0.001388 0.000746 0.999986 39.605612
0.999970 0.006260 0.001653 -0.224972 -0.006258 0.999971 -0.001102 -0.649959 -0.001660 0.001092 0.999985 41.016744
0.999955 0.008710 0.001607 -0.235523 -0.008709 0.999956 -0.000634 -0.674781 -0.001613 0.000620 0.999988 42.431601
0.999950 0.009473 0.001227 -0.241108 -0.009472 0.999951 -0.000605 -0.698698 -0.001233 0.000594 0.999990 43.854136
0.999957 0.008710 0.000768 -0.248082 -0.008710 0.999957 -0.000701 -0.723462 -0.000774 0.000694 0.999990 45.268408
0.999956 0.008100 0.000104 -0.256236 -0.008100 0.999956 -0.001159 -0.747403 -0.000114 0.001158 0.999983 46.681838
0.999953 0.007609 -0.000853 -0.264413 -0.007609 0.999954 -0.000951 -0.771914 0.000846 0.000958 0.999977 48.106079
0.999948 0.008038 -0.001824 -0.275244 -0.008037 0.999950 0.000180 -0.795695 0.001825 -0.000165 0.999975 49.521870
0.999938 0.008532 -0.002844 -0.288494 -0.008533 0.999942 -0.000175 -0.819681 0.002842 0.000199 0.999969 50.942591
0.999919 0.009037 -0.003953 -0.302682 -0.009036 0.999927 0.000189 -0.842351 0.003955 -0.000153 0.999955 52.370880
0.999907 0.009154 -0.004970 -0.318233 -0.009148 0.999918 0.001106 -0.865592 0.004980 -0.001061 0.999942 53.807644
0.999914 0.007653 -0.005579 -0.332487 -0.007641 0.999928 0.002037 -0.888863 0.005594 -0.001995 0.999936 55.251082
0.999912 0.006405 -0.006087 -0.345867 -0.006392 0.999928 0.002182 -0.912017 0.006101 -0.002143 0.999925 56.706259
0.999920 0.003905 -0.006575 -0.357718 -0.003895 0.999940 0.001537 -0.934735 0.006581 -0.001512 0.999920 58.143635
0.999919 0.002844 -0.006665 -0.371577 -0.002832 0.999939 0.001860 -0.957841 0.006670 -0.001841 0.999915 59.577844
0.999924 0.001530 -0.006228 -0.385760 -0.001514 0.999939 0.002547 -0.980896 0.006232 -0.002538 0.999916 61.008620
0.999928 0.000415 -0.005730 -0.399724 -0.000397 0.999939 0.003174 -1.003453 0.005731 -0.003172 0.999917 62.436295
0.999929 -0.001235 -0.005184 -0.412450 0.001249 0.999938 0.002747 -1.026010 0.005180 -0.002753 0.999920 63.862200
0.999925 -0.002856 -0.004794 -0.424020 0.002865 0.999934 0.001930 -1.049307 0.004789 -0.001944 0.999921 65.285255
0.999931 -0.002150 -0.004176 -0.438117 0.002156 0.999938 0.001482 -1.073208 0.004173 -0.001491 0.999926 66.714733
0.999936 -0.000673 -0.003368 -0.453438 0.000677 0.999940 0.001255 -1.097563 0.003367 -0.001258 0.999929 68.148333
0.999931 0.002710 -0.002806 -0.470112 -0.002703 0.999931 0.002523 -1.121136 0.002813 -0.002515 0.999924 69.564444
0.999921 0.005982 -0.002008 -0.487538 -0.005975 0.999915 0.003799 -1.142583 0.002031 -0.003787 0.999924 70.989904
0.999880 0.010218 -0.001241 -0.504359 -0.010212 0.999871 0.004181 -1.163729 0.001284 -0.004168 0.999916 72.395024
0.999815 0.014532 -0.000638 -0.520413 -0.014529 0.999808 0.003811 -1.184143 0.000694 -0.003802 0.999907 73.802831
0.999761 0.017851 0.000033 -0.536170 -0.017851 0.999756 0.003141 -1.205068 0.000023 -0.003142 0.999909 75.201692
0.999728 0.019756 0.000730 -0.548323 -0.019758 0.999723 0.002953 -1.226323 -0.000672 -0.002967 0.999912 76.613348
0.999722 0.019990 0.001042 -0.557242 -0.019993 0.999717 0.003226 -1.246975 -0.000977 -0.003246 0.999909 78.013019
0.999738 0.019016 0.001132 -0.564233 -0.019019 0.999733 0.002854 -1.268048 -0.001078 -0.002875 0.999907 79.409989
0.999768 0.017861 0.000986 -0.570208 -0.017863 0.999766 0.001915 -1.290744 -0.000951 -0.001932 0.999918 80.793957
0.999776 0.017471 0.000611 -0.576260 -0.017472 0.999773 0.001829 -1.314113 -0.000579 -0.001840 0.999920 82.183172
0.999774 0.017466 0.000338 -0.584897 -0.017467 0.999771 0.001971 -1.336937 -0.000303 -0.001976 0.999918 83.568837
0.999775 0.017316 -0.000166 -0.594761 -0.017315 0.999774 0.001426 -1.358973 0.000190 -0.001423 0.999917 84.958192
0.999771 0.017488 -0.000917 -0.605791 -0.017487 0.999769 0.001717 -1.382333 0.000947 -0.001700 0.999915 86.353220
0.999777 0.016820 -0.001924 -0.617900 -0.016815 0.999775 0.002495 -1.402580 0.001966 -0.002462 0.999909 87.746164
0.999804 0.014639 -0.002974 -0.629371 -0.014629 0.999802 0.003399 -1.423343 0.003023 -0.003355 0.999899 89.142331
0.999829 0.012573 -0.004217 -0.638812 -0.012557 0.999830 0.003817 -1.444304 0.004264 -0.003764 0.999894 90.523032
0.999850 0.010644 -0.005068 -0.648662 -0.010624 0.999855 0.003783 -1.465689 0.005107 -0.003729 0.999892 91.906776
0.999861 0.009328 -0.005499 -0.663349 -0.009310 0.999871 0.003230 -1.486530 0.005529 -0.003178 0.999892 93.287664
0.999867 0.008399 -0.005713 -0.678173 -0.008383 0.999879 0.002723 -1.507176 0.005736 -0.002675 0.999891 94.669639
0.999860 0.008908 -0.005848 -0.694440 -0.008896 0.999873 0.002100 -1.529745 0.005867 -0.002048 0.999889 96.060558
0.999861 0.008756 -0.005749 -0.710086 -0.008748 0.999875 0.001503 -1.552138 0.005761 -0.001452 0.999890 97.413596
0.999850 0.009817 -0.005591 -0.728304 -0.009813 0.999865 0.000709 -1.575623 0.005598 -0.000654 0.999891 98.768946
0.999836 0.011160 -0.005312 -0.746091 -0.011154 0.999848 0.001052 -1.600522 0.005323 -0.000992 0.999890 100.122244
0.999827 0.011897 -0.005024 -0.763917 -0.011885 0.999836 0.002428 -1.623063 0.005052 -0.002368 0.999888 101.468729
0.999809 0.013150 -0.004905 -0.781608 -0.013132 0.999814 0.003713 -1.645857 0.004953 -0.003648 0.999882 102.810906
0.999819 0.012488 -0.004768 -0.796571 -0.012477 0.999828 0.002308 -1.669388 0.004797 -0.002249 0.999887 104.148808
0.999816 0.012547 -0.004681 -0.811442 -0.012548 0.999827 -0.000092 -1.691775 0.004680 0.000151 0.999888 105.482284
0.999819 0.011895 -0.004845 -0.825610 -0.011902 0.999830 -0.001285 -1.716279 0.004829 0.001343 0.999882 106.813226
0.999839 0.009705 -0.004770 -0.838042 -0.009705 0.999851 -0.000085 -1.741674 0.004769 0.000131 0.999880 108.158757
0.999864 0.007325 -0.004107 -0.849442 -0.007317 0.999871 0.001864 -1.764818 0.004120 -0.001834 0.999883 109.499998
0.999879 0.005837 -0.003167 -0.860553 -0.005830 0.999881 0.002362 -1.786925 0.003180 -0.002343 0.999887 110.844299
0.999884 0.005082 -0.002341 -0.871302 -0.005080 0.999886 0.000923 -1.809219 0.002345 -0.000912 0.999890 112.178284
0.999872 0.007191 -0.001611 -0.884368 -0.007193 0.999872 -0.001448 -1.832825 0.001601 0.001459 0.999889 113.514446
0.999854 0.009379 -0.000389 -0.897045 -0.009380 0.999848 -0.003626 -1.858044 0.000355 0.003630 0.999885 114.854363
0.999819 0.012549 0.001087 -0.910553 -0.012545 0.999813 -0.003590 -1.884617 -0.001132 0.003576 0.999885 116.186101
0.999797 0.013917 0.002650 -0.920013 -0.013912 0.999799 -0.001696 -1.911258 -0.002673 0.001659 0.999886 117.537457
0.999790 0.014061 0.003764 -0.924266 -0.014063 0.999796 0.000522 -1.936171 -0.003757 -0.000575 0.999882 118.884563
0.999798 0.013456 0.004556 -0.924890 -0.013460 0.999807 0.000980 -1.959236 -0.004542 -0.001041 0.999881 120.227540
0.999784 0.013879 0.005604 -0.925385 -0.013881 0.999799 0.000348 -1.980577 -0.005598 -0.000426 0.999874 121.575407
0.999769 0.015860 0.006886 -0.927576 -0.015859 0.999793 -0.000206 -2.003379 -0.006888 0.000097 0.999889 122.913120
0.999727 0.017824 0.008101 -0.929944 -0.017820 0.999759 -0.000579 -2.025451 -0.008109 0.000435 0.999879 124.269953
0.999705 0.018490 0.009172 -0.929064 -0.018475 0.999745 -0.001648 -2.048204 -0.009200 0.001478 0.999868 125.618815
0.999671 0.019614 0.010156 -0.927232 -0.019590 0.999719 -0.002485 -2.072455 -0.010203 0.002285 0.999854 126.962077
0.999676 0.018622 0.011248 -0.923565 -0.018592 0.999735 -0.002717 -2.096436 -0.011297 0.002507 0.999839 128.321431
0.999676 0.018094 0.012159 -0.917952 -0.018075 0.999748 -0.001675 -2.121026 -0.012187 0.001454 0.999832 129.681044
0.999687 0.016598 0.013025 -0.910353 -0.016589 0.999770 -0.000785 -2.145500 -0.013036 0.000568 0.999817 131.034997
0.999697 0.015766 0.013325 -0.900321 -0.015761 0.999785 -0.000477 -2.169496 -0.013330 0.000266 0.999815 132.389405
0.999731 0.013511 0.013355 -0.889306 -0.013508 0.999819 -0.000348 -2.192463 -0.013358 0.000168 0.999815 133.744795
0.999765 0.011899 0.013150 -0.879797 -0.011905 0.999850 0.000326 -2.214978 -0.013145 -0.000482 0.999828 135.093364
0.999788 0.010301 0.012568 -0.869099 -0.010301 0.999867 -0.000045 -2.238736 -0.012567 -0.000084 0.999835 136.438088
0.999815 0.008902 0.011384 -0.860226 -0.008901 0.999880 -0.000127 -2.261455 -0.011385 0.000026 0.999848 137.792489
0.999839 0.007454 0.010313 -0.854428 -0.007463 0.999891 0.000759 -2.283162 -0.010307 -0.000836 0.999859 139.141650
0.999859 0.005921 0.009231 -0.846998 -0.005930 0.999901 0.000903 -2.306107 -0.009226 -0.000957 0.999869 140.486066
0.999873 0.005465 0.007899 -0.839444 -0.005472 0.999903 0.000918 -2.328693 -0.007894 -0.000962 0.999880 141.838758
0.999877 0.005146 0.006719 -0.836883 -0.005148 0.999899 0.000291 -2.350724 -0.006718 -0.000326 0.999883 143.193869
0.999880 0.005079 0.005780 -0.837465 -0.005078 0.999896 -0.000094 -2.373015 -0.005781 0.000065 0.999885 144.545182
0.999887 0.002704 0.004753 -0.834973 -0.002692 0.999894 -0.002489 -2.399491 -0.004760 0.002476 0.999880 145.901039
0.999891 -0.002617 0.003654 -0.828941 0.002628 0.999892 -0.002982 -2.423811 -0.003646 0.002992 0.999882 147.249665
0.999843 -0.010299 0.002503 -0.818825 0.010300 0.999845 -0.000682 -2.448763 -0.002496 0.000708 0.999888 148.603193
0.999753 -0.017004 0.000764 -0.808360 0.017003 0.999752 0.000725 -2.469714 -0.000776 -0.000712 0.999889 149.943772
0.999692 -0.020195 -0.000398 -0.803505 0.020194 0.999688 -0.002717 -2.493315 0.000453 0.002709 0.999885 151.280678
0.999705 -0.019592 -0.000069 -0.806801 0.019592 0.999688 -0.005868 -2.519532 0.000184 0.005866 0.999872 152.627471
0.999763 -0.016345 0.000859 -0.815892 0.016351 0.999731 -0.007938 -2.551456 -0.000729 0.007950 0.999857 153.976672
0.999761 -0.016377 0.001643 -0.820976 0.016389 0.999729 -0.007978 -2.584790 -0.001512 0.008004 0.999855 155.334093
0.999700 -0.019601 0.002284 -0.819575 0.019611 0.999691 -0.004515 -2.615539 -0.002195 0.004559 0.999874 156.693917
0.999575 -0.024801 0.002685 -0.812746 0.024806 0.999576 -0.001790 -2.643276 -0.002640 0.001856 0.999873 158.054009
0.999470 -0.028460 0.002723 -0.806903 0.028462 0.999473 -0.000566 -2.666914 -0.002706 0.000644 0.999867 159.408897
0.999424 -0.030014 0.002754 -0.804303 0.030016 0.999427 -0.000757 -2.690714 -0.002730 0.000839 0.999866 160.762599
0.999476 -0.028069 0.003773 -0.806366 0.028070 0.999482 -0.000054 -2.714492 -0.003770 0.000160 0.999861 162.120307
0.999571 -0.024081 0.005003 -0.812121 0.024086 0.999583 -0.000939 -2.739047 -0.004979 0.001059 0.999853 163.470207
0.999646 -0.020519 0.005890 -0.816501 0.020538 0.999658 -0.003155 -2.763578 -0.005824 0.003275 0.999844 164.820350
0.999702 -0.017613 0.006683 -0.819784 0.017639 0.999716 -0.003793 -2.788228 -0.006615 0.003910 0.999841 166.170211
0.999730 -0.015714 0.007116 -0.820887 0.015733 0.999751 -0.002666 -2.814337 -0.007073 0.002777 0.999842 167.529325
0.999749 -0.013777 0.006981 -0.821312 0.013799 0.999768 -0.003095 -2.841684 -0.006938 0.003191 0.999831 168.893331
0.999778 -0.011639 0.006589 -0.822452 0.011677 0.999783 -0.005632 -2.869227 -0.006523 0.005709 0.999822 170.255171
0.999819 -0.007788 0.006127 -0.826266 0.007840 0.999801 -0.008478 -2.899107 -0.006060 0.008526 0.999806 171.615793
0.999850 -0.002617 0.006041 -0.833581 0.002676 0.999819 -0.009796 -2.931346 -0.006015 0.009812 0.999797 172.979624
0.999855 0.001972 0.006360 -0.840533 -0.001917 0.999837 -0.008652 -2.963797 -0.006377 0.008639 0.999811 174.352859
0.999839 0.004938 0.006951 -0.844780 -0.004891 0.999839 -0.006806 -2.996339 -0.006984 0.006772 0.999819 175.729218
0.999833 0.005755 0.006984 -0.843969 -0.005723 0.999846 -0.004599 -3.025310 -0.007010 0.004559 0.999830 177.118504
0.999851 0.002498 0.006067 -0.836169 -0.002476 0.999863 -0.003717 -3.051504 -0.006076 0.003702 0.999839 178.527617
0.999863 0.000430 0.004326 -0.832121 -0.000414 0.999866 -0.003603 -3.077515 -0.004328 0.003601 0.999849 179.930497
0.999862 0.000077 0.002249 -0.831489 -0.000059 0.999835 -0.007947 -3.105484 -0.002250 0.007947 0.999816 181.335731
0.999857 0.001765 0.000733 -0.838013 -0.001756 0.999783 -0.012284 -3.136339 -0.000754 0.012283 0.999768 182.748896
0.999837 0.006435 0.000025 -0.849688 -0.006434 0.999754 -0.012970 -3.170797 -0.000108 0.012970 0.999759 184.174798
0.999808 0.009837 -0.000092 -0.864335 -0.009838 0.999737 -0.012056 -3.208451 -0.000027 0.012057 0.999769 185.586897
0.999784 0.012048 0.000193 -0.877495 -0.012046 0.999748 -0.008681 -3.242293 -0.000298 0.008678 0.999805 187.003886
0.999777 0.012763 0.000537 -0.888497 -0.012759 0.999756 -0.006791 -3.273674 -0.000624 0.006784 0.999821 188.421707
0.999785 0.012295 0.000574 -0.893350 -0.012292 0.999770 -0.005900 -3.304247 -0.000646 0.005892 0.999829 189.852467
0.999806 0.010520 0.000567 -0.899194 -0.010517 0.999793 -0.005368 -3.332369 -0.000624 0.005362 0.999832 191.294984
0.999829 0.008003 0.000642 -0.902002 -0.007999 0.999819 -0.004928 -3.360472 -0.000681 0.004923 0.999834 192.727136
0.999856 0.005341 0.000795 -0.902759 -0.005336 0.999846 -0.004992 -3.390079 -0.000822 0.004988 0.999840 194.168767
0.999869 0.002250 0.001184 -0.903821 -0.002246 0.999863 -0.004016 -3.417597 -0.001193 0.004013 0.999845 195.609657
0.999868 -0.002050 0.001589 -0.902573 0.002054 0.999868 -0.002550 -3.444618 -0.001584 0.002553 0.999848 197.049926
0.999859 -0.004696 0.001758 -0.899250 0.004701 0.999858 -0.002746 -3.472089 -0.001746 0.002754 0.999847 198.498092
0.999866 -0.002625 0.001913 -0.903481 0.002638 0.999843 -0.007170 -3.501646 -0.001894 0.007175 0.999825 199.931623
0.999857 0.004674 0.002272 -0.915361 -0.004645 0.999785 -0.012280 -3.534806 -0.002329 0.012269 0.999773 201.354184
0.999769 0.013729 0.003430 -0.930583 -0.013686 0.999700 -0.012337 -3.572932 -0.003599 0.012289 0.999768 202.792943
0.999621 0.021691 0.004603 -0.946780 -0.021650 0.999596 -0.008754 -3.609403 -0.004792 0.008653 0.999799 204.234867
0.999595 0.022601 0.005431 -0.953252 -0.022565 0.999590 -0.006624 -3.642177 -0.005579 0.006500 0.999810 205.700134
0.999642 0.020708 0.004953 -0.953035 -0.020677 0.999637 -0.006195 -3.672510 -0.005080 0.006091 0.999818 207.152814
0.999712 0.017483 0.003732 -0.950381 -0.017459 0.999701 -0.006263 -3.704211 -0.003841 0.006197 0.999826 208.614310
0.999747 0.015490 0.002786 -0.949846 -0.015471 0.999729 -0.006870 -3.737602 -0.002892 0.006826 0.999824 210.072004
0.999739 0.015856 0.002236 -0.953316 -0.015839 0.999716 -0.007374 -3.772402 -0.002353 0.007338 0.999818 211.534849
0.999719 0.017143 0.002102 -0.959459 -0.017128 0.999698 -0.007189 -3.807013 -0.002225 0.007152 0.999821 213.012159
0.999700 0.018344 0.001920 -0.964761 -0.018332 0.999684 -0.006368 -3.839331 -0.002036 0.006332 0.999829 214.505031
0.999715 0.017543 0.001533 -0.969193 -0.017532 0.999695 -0.006913 -3.872672 -0.001654 0.006885 0.999826 216.001918
0.999719 0.017242 0.001176 -0.976011 -0.017232 0.999691 -0.007924 -3.906622 -0.001313 0.007903 0.999818 217.474522
0.999731 0.016456 0.000870 -0.981800 -0.016449 0.999700 -0.008218 -3.943228 -0.001005 0.008202 0.999814 218.962040
0.999738 0.016796 0.000533 -0.990261 -0.016791 0.999706 -0.008318 -3.979632 -0.000672 0.008308 0.999825 220.451747
0.999726 0.017134 0.000254 -0.999828 -0.017131 0.999692 -0.008558 -4.016667 -0.000401 0.008552 0.999817 221.950583
0.999722 0.017127 -0.000019 -1.008039 -0.017127 0.999686 -0.008729 -4.054349 -0.000131 0.008728 0.999811 223.466191
0.999703 0.018179 -0.000445 -1.019920 -0.018182 0.999663 -0.009105 -4.091352 0.000279 0.009112 0.999807 224.957128
0.999706 0.017947 -0.000832 -1.030301 -0.017953 0.999665 -0.009299 -4.127431 0.000665 0.009312 0.999804 226.463403
0.999695 0.018470 -0.001134 -1.041779 -0.018480 0.999655 -0.009276 -4.165215 0.000962 0.009295 0.999803 227.979846
0.999709 0.017706 -0.001210 -1.052466 -0.017717 0.999668 -0.009352 -4.202845 0.001044 0.009372 0.999803 229.483927
0.999730 0.016286 -0.001117 -1.062913 -0.016296 0.999686 -0.009608 -4.240831 0.000960 0.009625 0.999797 230.997132
0.999740 0.015248 -0.000982 -1.073275 -0.015257 0.999698 -0.009424 -4.278823 0.000838 0.009438 0.999793 232.508883
0.999760 0.013889 -0.000734 -1.082512 -0.013895 0.999725 -0.008640 -4.317686 0.000614 0.008650 0.999800 234.023261
0.999760 0.013927 -0.000808 -1.091786 -0.013933 0.999726 -0.008450 -4.355979 0.000691 0.008460 0.999802 235.534034
0.999754 0.014348 -0.000725 -1.101946 -0.014354 0.999718 -0.008764 -4.394695 0.000599 0.008773 0.999799 237.043883
0.999737 0.014911 -0.000442 -1.111319 -0.014914 0.999695 -0.009400 -4.433134 0.000302 0.009406 0.999784 238.552232
0.999716 0.016168 0.000085 -1.122635 -0.016167 0.999680 -0.008751 -4.470914 -0.000227 0.008748 0.999789 240.070986
0.999712 0.016374 0.000815 -1.133355 -0.016368 0.999692 -0.006722 -4.506247 -0.000925 0.006708 0.999804 241.600824
0.999715 0.016149 0.001399 -1.141525 -0.016140 0.999698 -0.006344 -4.540722 -0.001502 0.006321 0.999806 243.120901
0.999707 0.016455 0.001916 -1.149385 -0.016439 0.999680 -0.008013 -4.575818 -0.002048 0.007980 0.999791 244.639719
0.999696 0.016724 0.002427 -1.156336 -0.016701 0.999657 -0.009456 -4.611363 -0.002585 0.009414 0.999772 246.165104
0.999682 0.017441 0.002792 -1.163812 -0.017416 0.999648 -0.009042 -4.648944 -0.002950 0.008992 0.999774 247.696691
0.999693 0.017033 0.002746 -1.168860 -0.017011 0.999668 -0.008044 -4.686529 -0.002883 0.007996 0.999787 249.230918
0.999689 0.017274 0.002499 -1.172934 -0.017254 0.999666 -0.007670 -4.724731 -0.002631 0.007625 0.999790 250.782295
0.999683 0.017597 0.002250 -1.178618 -0.017579 0.999659 -0.007723 -4.761599 -0.002386 0.007682 0.999790 252.316925
0.999656 0.019054 0.002434 -1.185798 -0.019036 0.999634 -0.007481 -4.798837 -0.002576 0.007433 0.999790 253.856202
0.999633 0.020193 0.002644 -1.193980 -0.020173 0.999611 -0.007557 -4.835327 -0.002796 0.007502 0.999790 255.391703
0.999627 0.020354 0.002604 -1.200799 -0.020335 0.999607 -0.007325 -4.872308 -0.002753 0.007270 0.999789 256.936049
0.999654 0.018942 0.002586 -1.204849 -0.018923 0.999635 -0.007185 -4.908794 -0.002722 0.007135 0.999789 258.476063
0.999687 0.017087 0.002507 -1.208072 -0.017071 0.999673 -0.006462 -4.944609 -0.002617 0.006418 0.999793 260.011142
0.999725 0.014656 0.002576 -1.208985 -0.014641 0.999715 -0.005706 -4.980802 -0.002660 0.005668 0.999797 261.554738
0.999744 0.013186 0.002192 -1.209814 -0.013171 0.999729 -0.006433 -5.016905 -0.002277 0.006404 0.999791 263.090817
0.999758 0.012100 0.001991 -1.213827 -0.012085 0.999736 -0.007422 -5.052917 -0.002081 0.007397 0.999785 264.628539
0.999786 0.010264 0.002476 -1.217376 -0.010250 0.999776 -0.005670 -5.088643 -0.002534 0.005645 0.999804 266.160960
0.999815 0.008269 0.002866 -1.220793 -0.008258 0.999815 -0.003892 -5.123690 -0.002898 0.003869 0.999823 267.706106
0.999820 0.007226 0.002835 -1.223096 -0.007212 0.999816 -0.004772 -5.155328 -0.002869 0.004752 0.999817 269.237050
0.999819 0.006805 0.003239 -1.225920 -0.006787 0.999812 -0.005780 -5.188374 -0.003278 0.005758 0.999808 270.786465
0.999810 0.007535 0.003904 -1.230984 -0.007511 0.999804 -0.006076 -5.224042 -0.003950 0.006047 0.999802 272.324079
0.999787 0.009347 0.004899 -1.235979 -0.009318 0.999785 -0.006017 -5.260512 -0.004955 0.005971 0.999794 273.860257
0.999768 0.010891 0.005841 -1.239784 -0.010853 0.999769 -0.006351 -5.296898 -0.005910 0.006287 0.999789 275.402533
0.999748 0.011975 0.006770 -1.240701 -0.011930 0.999753 -0.006557 -5.334329 -0.006848 0.006476 0.999779 276.953885
0.999733 0.012754 0.007573 -1.240084 -0.012702 0.999742 -0.006831 -5.371680 -0.007659 0.006734 0.999769 278.489339
0.999723 0.013027 0.008292 -1.238824 -0.012965 0.999732 -0.007568 -5.409261 -0.008390 0.007460 0.999758 280.049444
0.999721 0.012395 0.009182 -1.236169 -0.012320 0.999733 -0.008175 -5.447205 -0.009282 0.008061 0.999743 281.631710
0.999721 0.011697 0.010032 -1.226933 -0.011618 0.999744 -0.007859 -5.484541 -0.010123 0.007742 0.999737 283.217312
0.999727 0.010517 0.010567 -1.216789 -0.010444 0.999762 -0.006938 -5.520218 -0.010639 0.006827 0.999737 284.817905
0.999735 0.009445 0.010795 -1.205628 -0.009373 0.999774 -0.006656 -5.559280 -0.010857 0.006555 0.999736 286.358955
0.999743 0.008780 0.010797 -1.198312 -0.008682 0.999764 -0.009107 -5.598450 -0.010876 0.009013 0.999719 287.920544
0.999757 0.007364 0.010446 -1.187662 -0.007246 0.999751 -0.011250 -5.638217 -0.010528 0.011174 0.999699 289.495159
0.999770 0.007389 0.009578 -1.179915 -0.007281 0.999756 -0.011252 -5.680314 -0.009660 0.011181 0.999713 291.048266
0.999789 0.006197 0.008670 -1.173179 -0.006099 0.999766 -0.011333 -5.719692 -0.008740 0.011280 0.999723 292.577648
0.999795 0.006333 0.007617 -1.165795 -0.006242 0.999756 -0.011969 -5.761463 -0.007692 0.011921 0.999723 294.138565
0.999794 0.006478 0.006934 -1.161881 -0.006392 0.999746 -0.012274 -5.803442 -0.007013 0.012229 0.999719 295.737728
0.999798 0.006476 0.006223 -1.158779 -0.006402 0.999751 -0.011835 -5.846850 -0.006299 0.011795 0.999729 297.315587
0.999804 0.006030 0.005203 -1.155939 -0.005969 0.999752 -0.011717 -5.890500 -0.005273 0.011686 0.999733 298.898684
0.999808 0.005471 0.004131 -1.155977 -0.005428 0.999767 -0.010364 -5.932766 -0.004188 0.010341 0.999749 300.488526
0.999800 0.007325 0.003516 -1.157904 -0.007293 0.999768 -0.009053 -5.974037 -0.003582 0.009028 0.999765 302.080164
0.999795 0.007648 0.004168 -1.159468 -0.007610 0.999766 -0.008993 -6.013756 -0.004236 0.008961 0.999763 303.677706
0.999786 0.008110 0.004941 -1.159613 -0.008064 0.999758 -0.009322 -6.052486 -0.005016 0.009282 0.999755 305.282489
0.999801 0.006872 0.005172 -1.155844 -0.006823 0.999772 -0.009539 -6.091772 -0.005237 0.009504 0.999759 306.886644
0.999811 0.004870 0.005183 -1.150039 -0.004814 0.999772 -0.010599 -6.131048 -0.005234 0.010574 0.999746 308.505129
0.999812 0.003377 0.005340 -1.144373 -0.003310 0.999748 -0.012603 -6.174009 -0.005382 0.012585 0.999716 310.113449
0.999814 0.002842 0.005044 -1.142450 -0.002773 0.999736 -0.013633 -6.218794 -0.005083 0.013619 0.999704 311.730106
0.999817 0.003561 0.002777 -1.145207 -0.003520 0.999716 -0.014634 -6.265854 -0.002829 0.014624 0.999695 313.344928
0.999812 0.004546 0.000563 -1.150371 -0.004537 0.999716 -0.013940 -6.313019 -0.000627 0.013937 0.999704 314.976474
0.999800 0.005743 0.000178 -1.159271 -0.005741 0.999745 -0.010707 -6.358496 -0.000239 0.010706 0.999738 316.611474
0.999807 0.004253 0.000689 -1.163889 -0.004248 0.999780 -0.007681 -6.399960 -0.000722 0.007678 0.999766 318.264104
0.999812 0.003404 0.000760 -1.168202 -0.003398 0.999790 -0.007022 -6.437948 -0.000784 0.007020 0.999772 319.897258
0.999814 0.002378 0.001044 -1.172928 -0.002369 0.999783 -0.008280 -6.477136 -0.001064 0.008278 0.999761 321.544900
0.999820 0.001365 0.001445 -1.178609 -0.001353 0.999789 -0.008346 -6.518730 -0.001456 0.008344 0.999765 323.200014
0.999816 0.001355 0.001829 -1.185577 -0.001340 0.999788 -0.008033 -6.562263 -0.001840 0.008030 0.999764 324.854819
0.999814 0.001450 0.002376 -1.191252 -0.001431 0.999786 -0.008050 -6.605583 -0.002388 0.008046 0.999761 326.492695
0.999804 0.003017 0.002861 -1.198002 -0.002991 0.999770 -0.009002 -6.650092 -0.002888 0.008993 0.999747 328.120637
0.999801 0.003794 0.003601 -1.203665 -0.003759 0.999764 -0.009605 -6.694057 -0.003638 0.009592 0.999741 329.745891
0.999792 0.002571 0.004523 -1.207224 -0.002536 0.999775 -0.007694 -6.738262 -0.004543 0.007682 0.999745 331.372965
0.999790 0.001688 0.004692 -1.207489 -0.001656 0.999779 -0.006860 -6.781381 -0.004704 0.006852 0.999747 333.003269
0.999792 0.000609 0.004619 -1.207101 -0.000572 0.999772 -0.008089 -6.822998 -0.004623 0.008087 0.999739 334.638105
0.999791 0.002029 0.004681 -1.209442 -0.001991 0.999772 -0.008003 -6.866593 -0.004697 0.007994 0.999740 336.261114
0.999785 0.003759 0.004493 -1.214272 -0.003714 0.999748 -0.009976 -6.910635 -0.004530 0.009959 0.999722 337.879075
0.999767 0.005555 0.003951 -1.219830 -0.005504 0.999693 -0.012940 -6.957619 -0.004022 0.012918 0.999678 339.492224
0.999767 0.007008 0.003184 -1.225983 -0.006967 0.999697 -0.012471 -7.006235 -0.003271 0.012449 0.999693 341.107263
0.999758 0.007921 0.002257 -1.232784 -0.007901 0.999722 -0.009016 -7.052056 -0.002329 0.008998 0.999727 342.711410
0.999748 0.009169 0.001271 -1.241533 -0.009161 0.999732 -0.006230 -7.095286 -0.001328 0.006219 0.999750 344.324859
0.999745 0.009552 0.000050 -1.250478 -0.009551 0.999719 -0.007433 -7.136108 -0.000121 0.007432 0.999742 345.939119
0.999747 0.009062 -0.001700 -1.261284 -0.009077 0.999710 -0.008996 -7.176661 0.001618 0.009011 0.999726 347.532624
0.999768 0.007950 -0.003426 -1.273268 -0.007976 0.999746 -0.007639 -7.220482 0.003365 0.007666 0.999749 349.149369
0.999775 0.006535 -0.004353 -1.286644 -0.006566 0.999761 -0.007148 -7.263096 0.004306 0.007176 0.999749 350.759903
0.999767 0.006423 -0.004793 -1.301038 -0.006461 0.999748 -0.008012 -7.304350 0.004741 0.008043 0.999733 352.364728
0.999761 0.005877 -0.005096 -1.315573 -0.005923 0.999736 -0.008975 -7.345862 0.005042 0.009005 0.999717 353.982391
0.999771 0.005700 -0.005138 -1.331821 -0.005747 0.999745 -0.009123 -7.389201 0.005086 0.009153 0.999724 355.595383
0.999774 0.005248 -0.005096 -1.347765 -0.005295 0.999745 -0.009318 -7.433150 0.005047 0.009345 0.999723 357.194917
0.999773 0.004828 -0.005165 -1.363127 -0.004879 0.999738 -0.009942 -7.477902 0.005117 0.009967 0.999713 358.789710
0.999775 0.004661 -0.005259 -1.379613 -0.004717 0.999733 -0.010710 -7.521708 0.005208 0.010734 0.999707 360.396069
0.999785 0.004054 -0.005200 -1.394499 -0.004109 0.999745 -0.010492 -7.567125 0.005157 0.010514 0.999716 361.992502
0.999784 0.004375 -0.005147 -1.411453 -0.004433 0.999734 -0.011355 -7.612821 0.005097 0.011377 0.999707 363.586981
0.999790 0.002847 -0.005225 -1.424211 -0.002913 0.999725 -0.012675 -7.658654 0.005188 0.012690 0.999692 365.175858
0.999796 0.001381 -0.005154 -1.438837 -0.001437 0.999751 -0.010916 -7.704413 0.005139 0.010923 0.999716 366.774394
0.999795 -0.000135 -0.005162 -1.453267 0.000082 0.999758 -0.010201 -7.749300 0.005163 0.010200 0.999721 368.383481
0.999792 -0.000516 -0.005122 -1.467545 0.000458 0.999743 -0.011262 -7.793292 0.005128 0.011260 0.999707 369.989722
0.999789 0.000706 -0.004850 -1.484709 -0.000764 0.999731 -0.011945 -7.837751 0.004841 0.011948 0.999697 371.595509
0.999789 0.002379 -0.004502 -1.502067 -0.002430 0.999738 -0.011196 -7.882681 0.004475 0.011207 0.999707 373.194394
0.999787 0.003703 -0.004110 -1.518010 -0.003745 0.999743 -0.010349 -7.927758 0.004071 0.010364 0.999718 374.804606
0.999781 0.004085 -0.003799 -1.531631 -0.004125 0.999734 -0.010659 -7.972430 0.003755 0.010674 0.999712 376.414567
0.999753 0.004506 -0.007614 -1.213668 -0.004594 0.999717 -0.011696 -8.100653 0.007561 0.011730 0.999675 379.168139
0.999759 0.004631 -0.007495 -1.231938 -0.004720 0.999723 -0.011873 -8.146962 0.007439 0.011907 0.999677 380.786972
0.999757 0.004981 -0.007178 -1.250695 -0.005067 0.999717 -0.011955 -8.194513 0.007117 0.011991 0.999675 382.405789
0.999752 0.006238 -0.006983 -1.270563 -0.006320 0.999711 -0.011878 -8.240188 0.006908 0.011922 0.999678 384.014692
0.999639 -0.000156 -0.016979 -0.520424 -0.000034 0.999729 -0.011178 -8.114233 0.016980 0.011177 0.999553 385.021037
0.999650 0.001151 -0.016630 -0.560001 -0.001348 0.999726 -0.011865 -8.159973 0.016614 0.011886 0.999555 386.638522
0.999656 0.002330 -0.016338 -0.597926 -0.002537 0.999716 -0.012644 -8.205726 0.016307 0.012683 0.999554 388.268296
0.999652 0.003268 -0.016079 -0.634087 -0.003473 0.999707 -0.012706 -8.251734 0.016036 0.012760 0.999551 389.886706
0.999641 0.004514 -0.015882 -0.669765 -0.004703 0.999707 -0.011862 -8.297774 0.015827 0.011936 0.999556 391.503505
0.999640 0.005582 -0.015595 -0.705651 -0.005763 0.999703 -0.011592 -8.345016 0.015529 0.011681 0.999562 393.117677
0.999640 0.006458 -0.015299 -0.742398 -0.006644 0.999692 -0.012144 -8.390993 0.015218 0.012244 0.999562 394.737942
0.999639 0.006850 -0.015051 -0.779025 -0.007031 0.999689 -0.011974 -8.436708 0.014968 0.012078 0.999565 396.354117
