1.000000 0.000000 0.000000 0.000000 0.000000 1.000000 0.000000 0.000000 0.000000 0.000000 1.000000 0.000000
1.000000 -0.001784 -0.001545 -0.002530 0.001782 1.000000 -0.000833 -0.011095 0.001546 0.000830 1.000000 0.569747
0.999998 -0.002347 -0.002666 -0.009866 0.002341 0.999998 -0.002306 -0.023702 0.002672 0.002300 0.999997 1.136876
0.999991 -0.002721 -0.004555 -0.016869 0.002704 0.999994 -0.003614 -0.037102 0.004565 0.003602 0.999987 1.700881
0.999972 -0.004876 -0.006510 -0.022033 0.004840 0.999978 -0.005416 -0.047765 0.006536 0.005385 0.999969 2.263544
0.999941 -0.007316 -0.008081 -0.027766 0.007257 0.999946 -0.007393 -0.058897 0.008135 0.007334 0.999940 2.829114
0.999910 -0.008644 -0.009538 -0.034520 0.008567 0.999923 -0.008121 -0.069871 0.009607 0.008039 0.999914 3.403792
0.999882 -0.008886 -0.010985 -0.043261 0.008805 0.999915 -0.007440 -0.083084 0.011050 0.007343 0.999894 3.990679
0.999861 -0.009280 -0.012160 -0.053189 0.009185 0.999905 -0.007803 -0.098694 0.012231 0.007690 0.999873 4.581543
0.999851 -0.008756 -0.013319 -0.064612 0.008617 0.999885 -0.010517 -0.114557 0.013409 0.010401 0.999833 5.178802
0.999847 -0.007088 -0.014585 -0.079871 0.006879 0.999850 -0.014378 -0.129808 0.014685 0.014276 0.999767 5.779425
0.999834 -0.005722 -0.015891 -0.094778 0.005434 0.999797 -0.018108 -0.143265 0.015992 0.018019 0.999685 6.392834
0.999819 -0.004061 -0.017169 -0.111090 0.003750 0.999803 -0.018109 -0.155391 0.017240 0.018042 0.999662 7.023624
0.999804 -0.001661 -0.018365 -0.130901 0.001454 0.999908 -0.011283 -0.166190 0.018383 0.011254 0.999740 7.676964
0.999789 -0.000835 -0.019168 -0.149299 0.000820 0.999972 -0.000814 -0.178159 0.019169 0.000798 0.999788 8.343782
0.999772 0.000229 -0.019941 -0.170515 -0.000111 0.999953 0.005876 -0.191771 0.019942 -0.005873 0.999754 9.025083
0.999745 0.002274 -0.021164 -0.193916 -0.002170 0.999956 0.004938 -0.205731 0.021175 -0.004891 0.999734 9.713593
0.999720 0.004505 -0.021963 -0.217888 -0.004559 0.999957 -0.002395 -0.212210 0.021952 0.002495 0.999726 10.406322
0.999695 0.004101 -0.023121 -0.239641 -0.004297 0.999925 -0.008450 -0.212586 0.023085 0.008547 0.999666 11.122075
0.999674 0.001970 -0.024334 -0.258505 -0.002138 0.999945 -0.006865 -0.216195 0.024320 0.006915 0.999650 11.861105
0.999665 0.001037 -0.024753 -0.280747 -0.000979 0.999968 0.002361 -0.224540 0.024756 -0.002336 0.999661 12.625724
0.999655 0.000680 -0.025168 -0.305779 -0.000433 0.999923 0.009837 -0.231755 0.025174 -0.009823 0.999605 13.407950
0.999641 -0.000216 -0.025743 -0.330175 0.000532 0.999896 0.012275 -0.234718 0.025739 -0.012284 0.999564 14.201291
0.999634 -0.002177 -0.025939 -0.352304 0.002469 0.999906 0.011232 -0.235275 0.025913 -0.011292 0.999572 15.006643
0.999644 -0.002670 -0.025543 -0.376166 0.002895 0.999931 0.008748 -0.234326 0.025519 -0.008819 0.999608 15.833152
0.999661 -0.000169 -0.025010 -0.404675 0.000302 0.999959 0.005327 -0.235306 0.025009 -0.005332 0.999646 16.670045
0.999678 -0.003433 -0.024056 -0.426332 0.003431 0.999968 -0.000150 -0.242525 0.024056 0.000067 0.999683 17.520436
0.999676 -0.006361 -0.023428 -0.445657 0.006211 0.999930 -0.006434 -0.253812 0.023468 0.006287 0.999674 18.392449
0.999711 -0.005368 -0.022356 -0.470369 0.005105 0.999892 -0.011812 -0.265739 0.022418 0.011695 0.999654 19.281244
0.999719 -0.004183 -0.022312 -0.496350 0.003902 0.999890 -0.012601 -0.282500 0.022363 0.012511 0.999647 20.193149
0.999711 -0.004117 -0.022615 -0.520670 0.003848 0.999897 -0.011915 -0.304644 0.022662 0.011825 0.999647 21.117611
0.999712 -0.002715 -0.022793 -0.547060 0.002414 0.999886 -0.013218 -0.328045 0.022827 0.013160 0.999627 22.058833
0.999716 0.000057 -0.022703 -0.578174 -0.000404 0.999863 -0.015283 -0.350406 0.022699 0.015289 0.999601 23.013885
0.999704 0.003462 -0.023004 -0.608117 -0.003831 0.999846 -0.016023 -0.374640 0.022946 0.016107 0.999584 23.980049
0.999692 0.005008 -0.023138 -0.637293 -0.005376 0.999839 -0.015869 -0.403023 0.023055 0.015989 0.999580 24.959708
0.999682 0.005732 -0.023389 -0.668961 -0.006107 0.999832 -0.015988 -0.432315 0.023294 0.016126 0.999572 25.946709
0.999675 0.005733 -0.023680 -0.696453 -0.006109 0.999834 -0.015828 -0.460936 0.023585 0.015968 0.999567 26.942722
0.999657 0.006577 -0.024246 -0.724259 -0.006934 0.999847 -0.014664 -0.490267 0.024146 0.014827 0.999572 27.947777
0.999655 0.007295 -0.024537 -0.756984 -0.007608 0.999880 -0.012694 -0.518463 0.024441 0.012876 0.999602 28.961902
0.999640 0.007849 -0.024983 -0.786406 -0.008138 0.999890 -0.011455 -0.547122 0.024890 0.011654 0.999606 29.984194
0.999633 0.007637 -0.025287 -0.815362 -0.007954 0.999879 -0.012431 -0.576001 0.025189 0.012628 0.999586 31.013000
0.999610 0.008932 -0.025559 -0.848653 -0.009276 0.999850 -0.013364 -0.602787 0.025436 0.013596 0.999561 32.049619
0.999597 0.008580 -0.026224 -0.876994 -0.008910 0.999866 -0.012500 -0.628978 0.026113 0.012728 0.999556 33.090789
0.999583 0.007895 -0.026983 -0.905993 -0.008162 0.999903 -0.009804 -0.655307 0.026903 0.010021 0.999567 34.143154
0.999565 0.008281 -0.027522 -0.938383 -0.008453 0.999931 -0.006167 -0.678914 0.027469 0.006397 0.999582 35.205134
0.999546 0.008359 -0.028262 -0.971689 -0.008472 0.999944 -0.003873 -0.701374 0.028228 0.004111 0.999575 36.270819
0.999529 0.008298 -0.028867 -1.005893 -0.008402 0.999946 -0.003472 -0.721234 0.028837 0.003713 0.999560 37.345811
0.999515 0.007880 -0.029500 -1.041195 -0.008032 0.999944 -0.005020 -0.740445 0.029459 0.005255 0.999535 38.426345
0.999486 0.008395 -0.030287 -1.079129 -0.008568 0.999934 -0.005588 -0.760944 0.030238 0.005845 0.999507 39.512364
0.999465 0.008047 -0.031029 -1.116759 -0.008186 0.999943 -0.004347 -0.783570 0.030992 0.004599 0.999490 40.600501
0.999438 0.008137 -0.031846 -1.157907 -0.008215 0.999949 -0.002302 -0.806940 0.031826 0.002562 0.999470 41.686750
0.999417 0.008192 -0.032459 -1.198699 -0.008190 0.999952 0.000202 -0.828473 0.032459 0.000064 0.999452 42.777860
0.999388 0.009466 -0.032966 -1.241856 -0.009469 0.999939 0.000042 -0.850837 0.032965 0.000271 0.999434 43.861890
0.999364 0.010610 -0.033324 -1.285890 -0.010738 0.999918 -0.003664 -0.874345 0.033283 0.004020 0.999414 44.943635
0.999347 0.011790 -0.033372 -1.329431 -0.012052 0.999879 -0.007643 -0.897648 0.033279 0.008041 0.999388 46.026495
0.999346 0.012116 -0.033297 -1.372671 -0.012386 0.999873 -0.007908 -0.922795 0.033198 0.008316 0.999389 47.110422
0.999342 0.012599 -0.033189 -1.416187 -0.012778 0.999885 -0.005173 -0.948800 0.033120 0.005594 0.999410 48.197011
0.999342 0.013286 -0.032920 -1.459125 -0.013395 0.999886 -0.003079 -0.973227 0.032876 0.003518 0.999428 49.283556
0.999361 0.011739 -0.032945 -1.498004 -0.011808 0.999909 -0.001904 -0.994105 0.032920 0.002292 0.999430 50.373383
0.999373 0.011604 -0.032622 -1.537602 -0.011702 0.999908 -0.002811 -1.017181 0.032587 0.003191 0.999438 51.467440
0.999392 0.010701 -0.032358 -1.575268 -0.010856 0.999912 -0.004630 -1.038104 0.032306 0.004978 0.999441 52.558661
0.999393 0.010738 -0.032140 -1.615995 -0.010963 0.999892 -0.006836 -1.062040 0.032064 0.007185 0.999429 53.663137
0.999403 0.009534 -0.032059 -1.654932 -0.009836 0.999879 -0.009284 -1.090955 0.031968 0.009594 0.999407 54.758964
0.999419 0.007920 -0.032017 -1.693272 -0.008329 0.999857 -0.012655 -1.121459 0.031913 0.012915 0.999372 55.850467
0.999439 0.006330 -0.031786 -1.731979 -0.006787 0.999848 -0.014308 -1.154294 0.031691 0.014516 0.999359 56.942199
0.999450 0.004725 -0.031699 -1.768651 -0.005108 0.999887 -0.012013 -1.186334 0.031640 0.012168 0.999391 58.034135
0.999459 0.003492 -0.031516 -1.806179 -0.003686 0.999945 -0.006112 -1.215703 0.031494 0.006225 0.999449 59.128314
0.999466 0.002392 -0.031305 -1.843873 -0.002396 0.999966 -0.000090 -1.241212 0.031304 0.000165 0.999472 60.223807
0.999465 0.000592 -0.031327 -1.879693 -0.000572 0.999965 0.000640 -1.263035 0.031328 -0.000621 0.999467 61.322108
0.999464 -0.002677 -0.031263 -1.912783 0.002606 0.999959 -0.002326 -1.283093 0.031269 0.002243 0.999467 62.417106
0.999460 -0.004052 -0.031258 -1.951142 0.003882 0.999943 -0.005509 -1.304901 0.031280 0.005385 0.999455 63.511685
0.999460 -0.002160 -0.031459 -1.992136 0.001863 0.999919 -0.009471 -1.333495 0.031478 0.009408 0.999419 64.607369
0.999456 -0.002022 -0.031415 -2.030195 0.001590 0.999865 -0.013781 -1.361366 0.031440 0.013724 0.999365 65.696751
0.999472 0.001080 -0.030815 -2.072992 -0.001526 0.999851 -0.014462 -1.390544 0.030796 0.014502 0.999370 66.787087
0.999484 0.005029 -0.030065 -2.117265 -0.005356 0.999886 -0.010776 -1.422410 0.030008 0.010932 0.999441 67.894235
0.999469 0.006546 -0.030083 -2.156974 -0.006811 0.999891 -0.008709 -1.451698 0.030024 0.008910 0.999455 68.995369
0.999469 0.006048 -0.030158 -2.195113 -0.006291 0.999900 -0.007960 -1.478872 0.030108 0.008146 0.999458 70.095450
0.999473 0.004417 -0.030308 -2.230051 -0.004635 0.999916 -0.007113 -1.507420 0.030275 0.007250 0.999459 71.197937
0.999465 0.003345 -0.030724 -2.266352 -0.003521 0.999929 -0.005684 -1.535041 0.030704 0.005789 0.999456 72.299507
0.999459 0.001857 -0.031054 -2.305668 -0.001969 0.999943 -0.003553 -1.561842 0.031047 0.003612 0.999456 73.401963
0.999438 0.000712 -0.031828 -2.342568 -0.000771 0.999951 -0.001855 -1.587346 0.031827 0.001879 0.999438 74.497066
0.999414 -0.000045 -0.032551 -2.380862 -0.000054 0.999948 -0.003062 -1.613552 0.032550 0.003062 0.999411 75.588697
0.999395 0.000265 -0.033119 -2.425364 -0.000491 0.999929 -0.006820 -1.640145 0.033116 0.006833 0.999373 76.680324
0.999365 0.000772 -0.033962 -2.466282 -0.001073 0.999912 -0.008854 -1.666395 0.033954 0.008885 0.999328 77.762564
0.999332 0.002729 -0.034797 -2.509358 -0.002979 0.999921 -0.007131 -1.694546 0.034776 0.007230 0.999312 78.847133
0.999309 0.003886 -0.035298 -2.558266 -0.003989 0.999938 -0.002851 -1.720832 0.035286 0.002990 0.999315 79.937066
0.999274 0.005469 -0.035947 -2.603956 -0.005431 0.999930 0.001157 -1.744935 0.035953 -0.000960 0.999291 81.023603
0.999246 0.006524 -0.036549 -2.650117 -0.006462 0.999923 0.001811 -1.766123 0.036560 -0.001574 0.999268 82.099236
0.999223 0.006409 -0.037185 -2.696572 -0.006426 0.999925 -0.000352 -1.784849 0.037182 0.000591 0.999246 83.168942
0.999200 0.006371 -0.037796 -2.741608 -0.006419 0.999925 -0.001160 -1.804422 0.037788 0.001401 0.999223 84.232124
0.999179 0.005748 -0.038414 -2.786448 -0.005805 0.999927 -0.001356 -1.826937 0.038406 0.001578 0.999198 85.286640
0.999152 0.004733 -0.039188 -2.831792 -0.004777 0.999931 -0.001047 -1.850211 0.039182 0.001233 0.999166 86.328163
0.999128 0.003589 -0.039868 -2.874648 -0.003578 0.999934 0.000348 -1.870954 0.039869 -0.000205 0.999137 87.353628
0.999093 0.003730 -0.040562 -2.919401 -0.003607 0.999923 0.003086 -1.893088 0.040573 -0.002937 0.999098 88.359723
0.999052 0.002780 -0.041466 -2.965428 -0.002616 0.999915 0.004004 -1.915182 0.041477 -0.003892 0.999051 89.345101
0.998958 0.001877 -0.043676 -3.011095 -0.001692 0.999914 0.004267 -1.934370 0.043684 -0.004189 0.998953 90.309796
0.998806 0.001061 -0.047006 -3.058688 -0.000903 0.999917 0.003385 -1.954007 0.047009 -0.003339 0.998804 91.252913
0.998635 0.000979 -0.050359 -3.111071 -0.000852 0.999912 0.002539 -1.973625 0.050361 -0.002492 0.998635 92.170470
0.998467 0.000778 -0.053568 -3.162544 -0.000628 0.999910 0.002811 -1.991636 0.053570 -0.002773 0.998466 93.065142
0.998287 0.001890 -0.056793 -3.216537 -0.001670 0.999905 0.003926 -2.009978 0.056800 -0.003824 0.998284 93.932759
0.998110 0.002830 -0.059787 -3.273476 -0.002531 0.999898 0.005079 -2.028791 0.059801 -0.004919 0.998104 94.773010
0.997918 0.003821 -0.062803 -3.330973 -0.003413 0.999884 0.006607 -2.044329 0.062826 -0.006380 0.997907 95.593779
0.997738 0.005372 -0.065499 -3.390705 -0.004898 0.999872 0.007390 -2.058521 0.065536 -0.007052 0.997728 96.388011
0.997555 0.007438 -0.068037 -3.452564 -0.006918 0.999857 0.007879 -2.074096 0.068092 -0.007390 0.997555 97.157151
0.997351 0.009260 -0.070718 -3.513336 -0.008806 0.999847 0.006723 -2.089960 0.070775 -0.006083 0.997374 97.888564
0.997151 0.010484 -0.073321 -3.572964 -0.010291 0.999851 0.003014 -2.105938 0.073349 -0.002251 0.997204 98.590062
0.996934 0.012865 -0.075843 -3.634543 -0.012950 0.999825 -0.000627 -2.121423 0.075829 0.001607 0.997020 99.262229
0.996753 0.014560 -0.077866 -3.693973 -0.014861 0.999791 -0.003290 -2.135440 0.077809 0.004437 0.996857 99.905423
0.996657 0.016565 -0.078660 -3.753941 -0.016954 0.999753 -0.004288 -2.150544 0.078577 0.005608 0.996789 100.529097
0.996684 0.018905 -0.077778 -3.808872 -0.019263 0.999712 -0.003848 -2.166970 0.077690 0.005334 0.996859 101.123166
0.996828 0.022747 -0.074822 -3.860594 -0.022979 0.999635 -0.002246 -2.184376 0.074751 0.003959 0.997087 101.694269
0.997168 0.025367 -0.069243 -3.905317 -0.025481 0.999577 -0.000763 -2.199625 0.069201 0.002525 0.997493 102.241885
0.997632 0.026228 -0.061832 -3.938558 -0.026207 0.999558 0.001153 -2.212170 0.061841 0.000470 0.997979 102.768398
0.998186 0.026148 -0.052137 -3.962292 -0.025997 0.999555 0.003581 -2.222435 0.052213 -0.002219 0.998525 103.272721
0.998740 0.025762 -0.040339 -3.977098 -0.025591 0.999559 0.004767 -2.233766 0.040448 -0.003729 0.999064 103.754551
0.999210 0.024941 -0.026984 -3.982410 -0.024817 0.999577 0.004925 -2.245640 0.027099 -0.004252 0.999512 104.212490
0.999505 0.024733 -0.011815 -3.980092 -0.024686 0.999580 0.004084 -2.256810 0.011913 -0.003791 0.999806 104.652308
0.999587 0.023360 0.006209 -3.965787 -0.023367 0.999617 0.001085 -2.269276 -0.006183 -0.001230 0.999862 105.081784
0.999242 0.022794 0.027370 -3.939406 -0.022707 0.999624 -0.003500 -2.280660 -0.027443 0.002876 0.999499 105.500873
0.998320 0.020715 0.051785 -3.900127 -0.020314 0.999647 -0.008248 -2.291283 -0.051944 0.007183 0.998504 105.910987
0.996582 0.018446 0.078968 -3.845071 -0.017634 0.999672 -0.010965 -2.302781 -0.079154 0.009536 0.996695 106.314367
0.993806 0.015804 0.108860 -3.776464 -0.014560 0.999706 -0.012212 -2.314004 -0.109034 0.010553 0.993860 106.708344
0.989723 0.013541 0.141469 -3.695568 -0.011661 0.999717 -0.014110 -2.326299 -0.141637 0.012317 0.989717 107.092703
0.983967 0.011094 0.177281 -3.600673 -0.008452 0.999724 -0.015649 -2.339719 -0.177427 0.013902 0.983908 107.467104
0.976233 0.007816 0.215995 -3.489789 -0.004457 0.999745 -0.016033 -2.354173 -0.216092 0.014691 0.976135 107.833247
0.966484 0.005672 0.256203 -3.366896 -0.001397 0.999750 -0.016863 -2.368973 -0.256263 0.015942 0.966358 108.184869
0.954362 0.006576 0.298183 -3.234238 -0.001311 0.999732 -0.017853 -2.384173 -0.298254 0.016649 0.954221 108.528672
0.939206 0.008689 0.342894 -3.090724 -0.002564 0.999720 -0.018312 -2.398017 -0.342996 0.016322 0.939072 108.860282
0.921450 0.008741 0.388083 -2.929449 -0.002302 0.999741 -0.017050 -2.409544 -0.388176 0.014819 0.921337 109.182942
0.901192 0.008044 0.433058 -2.750984 -0.001323 0.999760 -0.015817 -2.421015 -0.433133 0.013683 0.901092 109.493065
0.877971 0.006786 0.478400 -2.559125 0.001114 0.999752 -0.016225 -2.435040 -0.478449 0.014779 0.877850 109.788462
0.852759 0.007222 0.522007 -2.351869 0.002703 0.999711 -0.018246 -2.450150 -0.522052 0.016973 0.852597 110.069745
0.825013 0.009343 0.564803 -2.132894 0.003447 0.999640 -0.021571 -2.465363 -0.564872 0.019746 0.824786 110.341104
0.794240 0.014047 0.607221 -1.899556 0.002201 0.999536 -0.026001 -2.478371 -0.607382 0.021991 0.793941 110.605819
0.760299 0.020224 0.649049 -1.650530 -0.001057 0.999427 -0.029903 -2.489063 -0.649365 0.022052 0.759982 110.860515
0.722923 0.024799 0.690289 -1.382526 -0.003142 0.999339 -0.032611 -2.499261 -0.690729 0.021409 0.722616 111.105924
0.683623 0.025044 0.729215 -1.090161 -0.000620 0.999302 -0.033738 -2.510168 -0.729647 0.022615 0.683252 111.332744
0.642507 0.022441 0.765770 -0.778909 0.003583 0.999344 -0.032293 -2.522610 -0.766093 0.023496 0.642090 111.541008
0.598345 0.020422 0.800807 -0.450773 0.005283 0.999426 -0.029434 -2.532617 -0.801052 0.021846 0.597972 111.744683
0.552013 0.018904 0.833455 -0.110799 0.006418 0.999489 -0.026921 -2.542047 -0.833647 0.020212 0.551683 111.930594
0.504004 0.016292 0.863387 0.247234 0.008447 0.999553 -0.023792 -2.553729 -0.863502 0.019287 0.503708 112.100388
0.453222 0.012486 0.891153 0.617586 0.011120 0.999615 -0.019662 -2.567964 -0.891174 0.018823 0.452969 112.249272
0.401474 0.012618 0.915630 0.995171 0.008647 0.999678 -0.017567 -2.583324 -0.915680 0.014972 0.401289 112.385101
0.350318 0.017496 0.936322 1.379392 0.005224 0.999648 -0.020634 -2.597238 -0.936475 0.012122 0.350149 112.502363
0.299885 0.022627 0.953565 1.774902 0.004885 0.999543 -0.025254 -2.607295 -0.953825 0.012234 0.299676 112.597158
0.253158 0.024701 0.966969 2.191302 0.006514 0.999482 -0.027237 -2.620032 -0.967267 0.013196 0.252898 112.677567
0.211937 0.024300 0.976841 2.620835 0.013882 0.999388 -0.027873 -2.635247 -0.977050 0.019470 0.211497 112.734265
0.176838 0.024205 0.983802 3.069527 0.021938 0.999223 -0.028527 -2.646809 -0.983859 0.026631 0.176193 112.780723
0.146399 0.025517 0.988754 3.532018 0.026386 0.999080 -0.029691 -2.658480 -0.988736 0.030440 0.145610 112.826306
0.118401 0.024037 0.992533 4.008681 0.024362 0.999204 -0.027104 -2.674377 -0.992530 0.027393 0.117737 112.870850
0.092899 0.020560 0.995324 4.507768 0.018215 0.999455 -0.022345 -2.688198 -0.995374 0.020208 0.092486 112.916339
0.068951 0.016547 0.997346 5.014527 0.013355 0.999630 -0.017509 -2.704138 -0.997398 0.014528 0.068713 112.948703
0.046383 0.014096 0.998686 5.546992 0.017563 0.999606 -0.014925 -2.722004 -0.998636 0.018235 0.046123 112.959398
0.026309 0.014759 0.999405 6.090912 0.025361 0.999429 -0.015427 -2.739656 -0.999197 0.025755 0.025922 112.951126
0.008980 0.017235 0.999672 6.650630 0.030451 0.999253 -0.017502 -2.755124 -0.999361 0.030603 0.008449 112.939246
-0.005375 0.022759 0.999587 7.230316 0.031033 0.999134 -0.022581 -2.764114 -0.999369 0.030904 -0.006078 112.932917
-0.016281 0.027411 0.999351 7.828274 0.028346 0.999105 -0.026943 -2.776480 -0.999330 0.027893 -0.017046 112.925365
-0.022624 0.027152 0.999237 8.452968 0.030757 0.999048 -0.026451 -2.793113 -0.999137 0.030140 -0.023441 112.907903
-0.025182 0.023968 0.999259 9.095530 0.036780 0.998932 -0.023033 -2.815029 -0.998874 0.036177 -0.026041 112.882109
-0.024673 0.022332 0.999309 9.761346 0.038631 0.998898 -0.021369 -2.833552 -0.998816 0.038083 -0.025512 112.866617
-0.022768 0.021993 0.999361 10.442601 0.037665 0.998939 -0.021126 -2.854029 -0.998898 0.037165 -0.023576 112.858457
-0.021366 0.022327 0.999382 11.138264 0.033979 0.999059 -0.021594 -2.876342 -0.999059 0.033502 -0.022108 112.855497
-0.020201 0.023584 0.999384 11.851445 0.033221 0.999062 -0.022905 -2.895743 -0.999116 0.032742 -0.020968 112.848220
-0.019190 0.024413 0.999385 12.585100 0.033077 0.999047 -0.023770 -2.918032 -0.999141 0.032605 -0.019982 112.838866
-0.018423 0.023970 0.999405 13.337553 0.032703 0.999065 -0.023359 -2.942039 -0.999164 0.032258 -0.019193 112.832616
-0.017823 0.022593 0.999449 14.101479 0.031726 0.999127 -0.022020 -2.966539 -0.999206 0.031321 -0.018527 112.827079
-0.017501 0.021337 0.999482 14.880953 0.032504 0.999129 -0.020760 -2.991300 -0.999187 0.032128 -0.018182 112.819306
-0.018196 0.019127 0.999514 15.673319 0.033009 0.999156 -0.018519 -3.016501 -0.999158 0.032660 -0.018815 112.811176
-0.019396 0.017407 0.999520 16.468392 0.030555 0.999262 -0.016810 -3.042064 -0.999210 0.030219 -0.019917 112.805048
-0.020534 0.016361 0.999513 17.269768 0.029680 0.999303 -0.015748 -3.066062 -0.999212 0.029346 -0.021009 112.795323
-0.021709 0.013800 0.999524 18.076948 0.032152 0.999263 -0.013098 -3.088476 -0.999108 0.031857 -0.022140 112.777301
-0.022798 0.012221 0.999526 18.894349 0.033543 0.999242 -0.011452 -3.110327 -0.999043 0.033271 -0.023194 112.757863
-0.024512 0.011233 0.999498 19.717445 0.030795 0.999343 -0.010476 -3.136554 -0.999092 0.030527 -0.024846 112.745206
-0.025465 0.016026 0.999411 20.547397 0.028102 0.999362 -0.015309 -3.157853 -0.999150 0.027699 -0.025903 112.734104
-0.026176 0.020696 0.999306 21.377974 0.029475 0.999241 -0.019923 -3.180853 -0.999092 0.028937 -0.026770 112.714013
-0.027224 0.022318 0.999240 22.217600 0.029803 0.999195 -0.021505 -3.207238 -0.999051 0.029198 -0.027872 112.694586
-0.028642 0.020116 0.999247 23.065539 0.026454 0.999333 -0.019360 -3.235616 -0.999105 0.025883 -0.029160 112.680265
-0.029747 0.015867 0.999291 23.916659 0.023574 0.999477 -0.015168 -3.264829 -0.999145 0.023109 -0.030111 112.666065
-0.030017 0.010637 0.999351 24.771426 0.022119 0.999575 -0.009975 -3.290644 -0.999170 0.021808 -0.030244 112.648051
-0.030389 0.005034 0.999380 25.625834 0.018686 0.999681 -0.004467 -3.310933 -0.999225 0.018541 -0.030478 112.632704
-0.030379 0.003756 0.999383 26.470314 0.016090 0.999728 -0.003268 -3.334740 -0.999267 0.015984 -0.030436 112.618335
-0.029438 0.010557 0.999360 27.307583 0.019134 0.999627 -0.009996 -3.362534 -0.999239 0.018831 -0.029634 112.596223
-0.028350 0.021800 0.999209 28.138804 0.021527 0.999404 -0.021193 -3.385417 -0.999222 0.020912 -0.028807 112.574460
-0.027774 0.027025 0.999098 28.972444 0.023603 0.999234 -0.026373 -3.408862 -0.999192 0.022853 -0.028395 112.554255
-0.026434 0.021474 0.999265 29.812264 0.025287 0.999319 -0.020806 -3.440580 -0.999182 0.024723 -0.026964 112.533939
-0.025418 0.013719 0.999425 30.651352 0.028379 0.999366 -0.012996 -3.471496 -0.999123 0.028036 -0.025795 112.511842
-0.025024 0.010728 0.999469 31.482714 0.029587 0.999363 -0.009986 -3.498804 -0.999096 0.029326 -0.025330 112.493522
-0.025141 0.011331 0.999459 32.306022 0.028428 0.999390 -0.010615 -3.524444 -0.999126 0.028150 -0.025452 112.478723
-0.026156 0.012264 0.999424 33.125868 0.025571 0.999458 -0.011595 -3.549292 -0.999179 0.025257 -0.026460 112.466070
-0.028068 0.012408 0.999364 33.944135 0.023547 0.999500 -0.011749 -3.573754 -0.999171 0.023206 -0.028351 112.450897
-0.030191 0.012285 0.999303 34.757743 0.023188 0.999510 -0.011587 -3.600284 -0.999117 0.022826 -0.030466 112.431604
-0.032352 0.012618 0.999234 35.566294 0.022249 0.999531 -0.011901 -3.625739 -0.999074 0.021851 -0.032624 112.412196
-0.034437 0.012907 0.999167 36.366180 0.020678 0.999568 -0.012200 -3.650959 -0.999045 0.020244 -0.034695 112.391456
-0.036505 0.012011 0.999104 37.170713 0.019000 0.999610 -0.011323 -3.674355 -0.999003 0.018572 -0.036725 112.370597
-0.038571 0.010898 0.999035 37.967589 0.019717 0.999605 -0.010143 -3.699772 -0.998908 0.019310 -0.038777 112.344404
-0.040440 0.011017 0.998952 38.755240 0.019608 0.999598 -0.010231 -3.724494 -0.998830 0.019177 -0.040647 112.317038
-0.042296 0.011988 0.998862 39.538699 0.019488 0.999589 -0.011172 -3.748018 -0.998754 0.018996 -0.042520 112.289325
-0.043185 0.012165 0.998816 40.319090 0.020074 0.999570 -0.011306 -3.771265 -0.998698 0.019566 -0.043419 112.258837
-0.044363 0.010988 0.998782 41.096138 0.022121 0.999545 -0.010013 -3.795323 -0.998607 0.021654 -0.044594 112.225964
-0.045901 0.010316 0.998723 41.866839 0.022318 0.999550 -0.009299 -3.819622 -0.998536 0.021866 -0.046119 112.194731
-0.047137 0.009862 0.998669 42.632963 0.021118 0.999580 -0.008874 -3.842562 -0.998504 0.020675 -0.047334 112.165019
-0.048400 0.008931 0.998617 43.384385 0.019484 0.999620 -0.007996 -3.864438 -0.998476 0.019074 -0.048564 112.136398
-0.049272 0.007768 0.998584 44.120020 0.018507 0.999646 -0.006863 -3.884928 -0.998452 0.018146 -0.049407 112.107625
-0.049969 0.007529 0.998550 44.837026 0.018892 0.999640 -0.006592 -3.906416 -0.998410 0.018538 -0.050102 112.076941
-0.050187 0.010065 0.998516 45.543693 0.019114 0.999615 -0.009115 -3.929023 -0.998393 0.018631 -0.050369 112.046878
-0.050260 0.012821 0.998482 46.244844 0.019238 0.999585 -0.011866 -3.951498 -0.998386 0.018616 -0.050495 112.016158
-0.050372 0.014475 0.998443 46.944648 0.017480 0.999584 -0.013610 -3.973494 -0.998402 0.016771 -0.050614 111.987993
-0.050473 0.015358 0.998420 47.642331 0.018180 0.999556 -0.014457 -3.996370 -0.998380 0.017425 -0.050740 111.957084
-0.050431 0.015183 0.998425 48.337069 0.019655 0.999532 -0.014207 -4.019165 -0.998355 0.018911 -0.050715 111.924490
-0.050740 0.014771 0.998416 49.029285 0.020489 0.999521 -0.013746 -4.040478 -0.998322 0.019763 -0.051028 111.893308
-0.051168 0.014810 0.998391 49.714827 0.016638 0.999587 -0.013975 -4.062700 -0.998369 0.015899 -0.051404 111.869789
-0.050961 0.015068 0.998396 50.399380 0.014400 0.999615 -0.014351 -4.086452 -0.998413 0.013649 -0.051169 111.844828
-0.050865 0.013772 0.998418 51.078916 0.016594 0.999599 -0.012943 -4.108931 -0.998383 0.015912 -0.051084 111.811873
-0.051848 0.013225 0.998371 51.757492 0.016968 0.999596 -0.012360 -4.128714 -0.998322 0.016303 -0.052062 111.779326
-0.055430 0.012694 0.998184 52.434318 0.013848 0.999648 -0.011944 -4.151029 -0.998176 0.013163 -0.055597 111.751134
-0.060725 0.012197 0.997881 53.105363 0.010036 0.999696 -0.011609 -4.174040 -0.997913 0.009312 -0.060841 111.720813
-0.066488 0.016102 0.997459 53.771640 0.013757 0.999605 -0.015220 -4.194508 -0.997502 0.012713 -0.066697 111.673685
-0.073022 0.018987 0.996953 54.443985 0.016124 0.999527 -0.017855 -4.213528 -0.997011 0.014774 -0.073309 111.620903
-0.080336 0.020630 0.996355 55.117054 0.015334 0.999507 -0.019458 -4.235018 -0.996458 0.013717 -0.080629 111.570367
-0.086660 0.019856 0.995840 55.796654 0.011629 0.999567 -0.018918 -4.257543 -0.995978 0.009943 -0.086871 111.519950
-0.092088 0.018612 0.995380 56.485081 0.011177 0.999598 -0.017656 -4.281462 -0.995499 0.009502 -0.092277 111.460694
-0.096638 0.019240 0.994940 57.175760 0.008844 0.999610 -0.018471 -4.303439 -0.995094 0.007016 -0.096789 111.398860
-0.100726 0.018653 0.994545 57.876648 0.006711 0.999634 -0.018069 -4.323476 -0.994706 0.004856 -0.100834 111.336069
-0.103279 0.015534 0.994347 58.587201 0.007309 0.999692 -0.014859 -4.342802 -0.994449 0.005734 -0.103380 111.266358
-0.104984 0.012493 0.994210 59.300402 0.009344 0.999718 -0.011575 -4.363283 -0.994253 0.008076 -0.105091 111.192829
-0.106549 0.009657 0.994074 60.021831 0.008916 0.999749 -0.008756 -4.385197 -0.994089 0.007932 -0.106628 111.121116
-0.107777 0.009340 0.993946 60.749618 0.007924 0.999761 -0.008535 -4.402552 -0.993966 0.006958 -0.107845 111.049853
-0.108238 0.013143 0.993854 61.478138 0.009724 0.999708 -0.012161 -4.420432 -0.993901 0.008349 -0.108354 110.973890
-0.108336 0.017130 0.993781 62.214548 0.015580 0.999586 -0.015531 -4.441301 -0.993814 0.013803 -0.108578 110.889499
-0.108836 0.022001 0.993639 62.955210 0.022856 0.999383 -0.019624 -4.465096 -0.993628 0.020579 -0.109291 110.800894
-0.109530 0.023166 0.993532 63.701258 0.023473 0.999342 -0.020713 -4.486929 -0.993533 0.021056 -0.110022 110.721229
-0.109954 0.020912 0.993536 64.452353 0.021405 0.999430 -0.018667 -4.511362 -0.993534 0.019217 -0.110358 110.647137
-0.109806 0.015977 0.993652 65.206375 0.021683 0.999512 -0.013675 -4.536575 -0.993551 0.020047 -0.110118 110.568655
-0.109951 0.013941 0.993665 65.950997 0.023706 0.999494 -0.011399 -4.561366 -0.993488 0.022306 -0.110245 110.487266
-0.110950 0.013548 0.993558 66.697100 0.023764 0.999496 -0.010976 -4.585371 -0.993374 0.022397 -0.111235 110.408695
-0.112672 0.014457 0.993349 67.440381 0.022343 0.999514 -0.012012 -4.608671 -0.993211 0.020844 -0.112960 110.331475
-0.114811 0.015102 0.993091 68.180972 0.021575 0.999519 -0.012706 -4.630864 -0.992980 0.019971 -0.115103 110.251088
-0.116910 0.015285 0.992840 68.922060 0.022698 0.999491 -0.012714 -4.653744 -0.992707 0.021053 -0.117218 110.166195
-0.118666 0.015422 0.992626 69.664071 0.023103 0.999478 -0.012766 -4.676052 -0.992486 0.021421 -0.118982 110.079400
-0.120685 0.015080 0.992388 70.413928 0.022780 0.999489 -0.012418 -4.698205 -0.992249 0.021112 -0.120990 109.993175
-0.122346 0.015362 0.992180 71.166570 0.020586 0.999530 -0.012938 -4.720321 -0.992094 0.018845 -0.122627 109.909067
-0.123480 0.016834 0.992011 71.922677 0.020647 0.999505 -0.014391 -4.744258 -0.991947 0.018709 -0.123789 109.820602
-0.124359 0.017195 0.991887 72.685790 0.019442 0.999514 -0.014890 -4.766429 -0.991855 0.017436 -0.124657 109.732911
-0.125707 0.017577 0.991708 73.452154 0.019305 0.999509 -0.015268 -4.787017 -0.991685 0.017230 -0.126010 109.643058
-0.126746 0.015864 0.991605 74.227628 0.019809 0.999525 -0.013459 -4.809992 -0.991542 0.017941 -0.127025 109.549138
-0.127812 0.013532 0.991505 75.009908 0.017465 0.999596 -0.011391 -4.831041 -0.991451 0.015864 -0.128022 109.456643
-0.129643 0.011459 0.991292 75.799592 0.014453 0.999662 -0.009666 -4.850729 -0.991261 0.013077 -0.129791 109.364727
-0.131732 0.010920 0.991023 76.593924 0.015826 0.999648 -0.008911 -4.871514 -0.990965 0.014512 -0.131884 109.264480
-0.133570 0.011551 0.990773 77.389025 0.016922 0.999629 -0.009373 -4.891800 -0.990704 0.015517 -0.133742 109.161405
-0.135759 0.012908 0.990458 78.194411 0.016386 0.999623 -0.010781 -4.909964 -0.990415 0.014769 -0.135946 109.057508
-0.137261 0.016485 0.990200 79.001633 0.017995 0.999555 -0.014146 -4.931476 -0.990181 0.015880 -0.137524 108.950436
-0.137663 0.020412 0.990063 79.813116 0.020022 0.999450 -0.017822 -4.955670 -0.990079 0.017373 -0.138024 108.839668
-0.138716 0.024423 0.989826 80.630210 0.021274 0.999349 -0.021676 -4.980532 -0.989907 0.018055 -0.139173 108.728460
-0.138369 0.025511 0.989846 81.457098 0.023430 0.999281 -0.022479 -5.008059 -0.989905 0.020086 -0.138896 108.615080
-0.137889 0.024897 0.989925 82.288929 0.027214 0.999207 -0.021339 -5.037707 -0.989872 0.024002 -0.138486 108.498493
-0.137820 0.022945 0.989981 83.128484 0.027758 0.999233 -0.019295 -5.067114 -0.989865 0.024826 -0.138380 108.386330
-0.137133 0.021402 0.990109 83.977052 0.027129 0.999276 -0.017843 -5.094164 -0.989977 0.024418 -0.137643 108.277945
-0.135386 0.018955 0.990391 84.824799 0.026095 0.999333 -0.015559 -5.121631 -0.990236 0.023743 -0.135820 108.169610
-0.133654 0.015786 0.990684 85.682370 0.026783 0.999361 -0.012310 -5.146611 -0.990454 0.024894 -0.134020 108.059300
-0.132021 0.012448 0.990942 86.539738 0.027271 0.999376 -0.008920 -5.170452 -0.990652 0.025852 -0.132308 107.950867
-0.130486 0.012187 0.991150 87.395248 0.025520 0.999424 -0.008929 -5.196448 -0.990903 0.024135 -0.130751 107.848307
-0.129037 0.016383 0.991279 88.248813 0.026703 0.999348 -0.013040 -5.223140 -0.991062 0.024793 -0.129419 107.743413
-0.127111 0.022729 0.991395 89.102460 0.027475 0.999217 -0.019385 -5.248035 -0.991282 0.024780 -0.127666 107.638700
-0.125671 0.026245 0.991490 89.957547 0.025335 0.999190 -0.023237 -5.274850 -0.991521 0.022205 -0.126263 107.539200
-0.124107 0.023669 0.991755 90.817864 0.024056 0.999277 -0.020838 -5.305880 -0.991753 0.021276 -0.124615 107.438736
-0.123161 0.021087 0.991931 91.674362 0.024322 0.999322 -0.018224 -5.337153 -0.991864 0.021886 -0.123618 107.338344
-0.122578 0.019541 0.992037 92.547408 0.025370 0.999327 -0.016550 -5.366576 -0.991912 0.023144 -0.123019 107.235889
-0.121909 0.019154 0.992126 93.418541 0.024545 0.999351 -0.016277 -5.396136 -0.992015 0.022372 -0.122327 107.136896
-0.121428 0.019123 0.992184 94.286233 0.023800 0.999367 -0.016349 -5.426499 -0.992091 0.021633 -0.121834 107.037526
-0.120807 0.017282 0.992293 95.153219 0.026317 0.999336 -0.014201 -5.455118 -0.992102 0.024404 -0.121209 106.935140
-0.119606 0.016550 0.992449 96.018677 0.028858 0.999277 -0.013186 -5.484818 -0.992175 0.027069 -0.120024 106.830094
-0.118942 0.017739 0.992500 96.879767 0.030888 0.999196 -0.014157 -5.513975 -0.992186 0.028979 -0.119423 106.728535
-0.118233 0.019867 0.992539 97.738844 0.031557 0.999137 -0.016240 -5.542974 -0.992244 0.029409 -0.118787 106.631363
-0.117383 0.021383 0.992609 98.600610 0.028729 0.999190 -0.018127 -5.571025 -0.992431 0.026396 -0.117931 106.537665
-0.116968 0.017055 0.992741 99.459044 0.023688 0.999383 -0.014378 -5.599629 -0.992613 0.021839 -0.117329 106.448757
-0.117174 0.014966 0.992745 100.316622 0.018960 0.999500 -0.012830 -5.631288 -0.992684 0.017324 -0.117428 106.360377
-0.118332 0.015304 0.992595 101.164022 0.015585 0.999541 -0.013553 -5.661663 -0.992598 0.013870 -0.118546 106.270512
-0.119656 0.019954 0.992346 102.000239 0.012460 0.999496 -0.018595 -5.690155 -0.992476 0.010143 -0.119876 106.181819
-0.120536 0.022460 0.992188 102.835398 0.011611 0.999456 -0.021214 -5.719727 -0.992381 0.008966 -0.120764 106.088217
-0.120949 0.022859 0.992121 103.667458 0.012303 0.999434 -0.021528 -5.752442 -0.992315 0.009605 -0.121194 105.991257
-0.121376 0.022229 0.992084 104.494428 0.013636 0.999432 -0.020725 -5.787550 -0.992244 0.011015 -0.121643 105.893368
-0.121964 0.022908 0.991989 105.313596 0.014867 0.999397 -0.021251 -5.821743 -0.992147 0.012159 -0.122266 105.796009
-0.122435 0.026071 0.991852 106.126957 0.016222 0.999306 -0.024265 -5.857212 -0.992067 0.013122 -0.122807 105.699121
-0.122973 0.027407 0.991749 106.938600 0.015779 0.999278 -0.025658 -5.892291 -0.992008 0.012497 -0.123351 105.602707
-0.124147 0.027714 0.991598 107.745352 0.014108 0.999294 -0.026163 -5.926961 -0.991891 0.010744 -0.124485 105.508559
-0.126349 0.026534 0.991339 108.550711 0.012471 0.999328 -0.025158 -5.962794 -0.991621 0.009187 -0.126632 105.413680
-0.129504 0.027650 0.990900 109.346131 0.012329 0.999300 -0.026273 -6.001068 -0.991214 0.008817 -0.129793 105.315937
-0.132666 0.030394 0.990400 110.142755 0.012163 0.999224 -0.029035 -6.035496 -0.990797 0.008197 -0.132972 105.215245
-0.136034 0.031762 0.989903 110.933901 0.010629 0.999198 -0.030599 -6.070077 -0.990361 0.006361 -0.136303 105.115345
-0.139328 0.031864 0.989448 111.717492 0.011041 0.999198 -0.030624 -6.106972 -0.989904 0.006660 -0.139608 105.011298
-0.142150 0.030555 0.989082 112.504017 0.012400 0.999222 -0.029086 -6.144179 -0.989481 0.008133 -0.142460 104.901554
-0.144703 0.031484 0.988679 113.281834 0.013967 0.999178 -0.029774 -6.181267 -0.989087 0.009503 -0.145066 104.790292
-0.146572 0.035787 0.988255 114.048426 0.009407 0.999067 -0.034783 -6.222003 -0.988863 0.004200 -0.146815 104.686919
-0.148307 0.042668 0.987735 114.815120 0.007143 0.998817 -0.042074 -6.265458 -0.988636 0.000816 -0.148478 104.581856
-0.150866 0.045718 0.987205 115.583478 0.011595 0.998666 -0.044477 -6.303483 -0.988201 0.004738 -0.151239 104.462971
-0.153651 0.044089 0.986845 116.353933 0.013630 0.998722 -0.042498 -6.343047 -0.987741 0.006923 -0.154101 104.343399
-0.157050 0.036247 0.986630 117.127381 0.011979 0.999041 -0.034796 -6.388968 -0.987228 0.006356 -0.157380 104.228792
-0.159294 0.034032 0.986354 117.900048 0.010926 0.999130 -0.032708 -6.433623 -0.986886 0.005568 -0.159573 104.111948
-0.160992 0.037000 0.985977 118.664316 0.010573 0.999034 -0.035763 -6.472578 -0.986618 0.004669 -0.161273 103.990439
-0.163739 0.040408 0.985390 119.419637 0.007958 0.998912 -0.039640 -6.511893 -0.986190 0.001352 -0.163929 103.873109
-0.166201 0.042894 0.984874 120.167253 0.007425 0.998810 -0.042248 -6.555008 -0.985783 0.000292 -0.166369 103.752788
-0.168084 0.047122 0.984362 120.905101 0.011214 0.998615 -0.045890 -6.602620 -0.985429 0.003326 -0.168427 103.624938
-0.170122 0.051642 0.983778 121.645727 0.011541 0.998386 -0.050413 -6.647693 -0.985069 0.002778 -0.170492 103.502029
-0.173205 0.053898 0.983118 122.387249 0.010750 0.998269 -0.052834 -6.691941 -0.984540 0.001418 -0.173535 103.381132
-0.175360 0.051475 0.982865 123.130068 0.011625 0.998394 -0.050214 -6.740273 -0.984148 0.002621 -0.175728 103.252127
-0.179349 0.048032 0.982317 123.866888 0.015694 0.998541 -0.045960 -6.788734 -0.983369 0.007176 -0.179894 103.115938
-0.185021 0.046661 0.981331 124.604246 0.017957 0.998587 -0.044095 -6.834317 -0.982279 0.009466 -0.185651 102.978618
-0.191292 0.045356 0.980189 125.339201 0.016695 0.998658 -0.042952 -6.879216 -0.981099 0.008151 -0.191848 102.841463
-0.199828 0.045699 0.978467 126.068351 0.015708 0.998653 -0.043434 -6.923198 -0.979412 0.006693 -0.200335 102.698662
-0.210414 0.046117 0.976220 126.794301 0.014940 0.998636 -0.043956 -6.967485 -0.977199 0.005338 -0.210878 102.545715
-0.222208 0.047077 0.973556 127.512727 0.015394 0.998591 -0.044774 -7.010828 -0.974576 0.005039 -0.222686 102.380366
-0.234562 0.047913 0.970606 128.224995 0.016235 0.998545 -0.045369 -7.053974 -0.971656 0.005118 -0.235070 102.206154
-0.246096 0.047988 0.967741 128.934995 0.019115 0.998525 -0.044653 -7.097609 -0.968745 0.007511 -0.246725 102.017565
-0.257102 0.048124 0.964867 129.636148 0.022311 0.998492 -0.043856 -7.140976 -0.965812 0.010255 -0.257867 101.824939
-0.267121 0.048170 0.962146 130.335337 0.026219 0.998453 -0.042709 -7.184073 -0.962998 0.013822 -0.268051 101.623093
-0.275775 0.048910 0.959664 131.033235 0.032000 0.998328 -0.041685 -7.226592 -0.960381 0.019220 -0.276962 101.412472
-0.283313 0.049035 0.957460 131.727102 0.037089 0.998216 -0.040147 -7.268506 -0.958001 0.024144 -0.284711 101.198849
-0.289636 0.049181 0.955559 132.415014 0.037297 0.998211 -0.040071 -7.310926 -0.956101 0.024040 -0.291039 100.989437
-0.294331 0.047303 0.954219 133.102274 0.040839 0.998195 -0.036886 -7.348622 -0.954521 0.028121 -0.295820 100.774554
-0.296355 0.044790 0.953714 133.785612 0.046934 0.998087 -0.032290 -7.384144 -0.953614 0.035203 -0.297979 100.553773
-0.297262 0.043599 0.953487 134.464593 0.053199 0.997873 -0.029043 -7.418686 -0.953003 0.042104 -0.299038 100.331749
-0.298068 0.042124 0.953300 135.139626 0.055422 0.997814 -0.026762 -7.454920 -0.952623 0.044870 -0.299840 100.118499
-0.297632 0.047678 0.953173 135.802465 0.057859 0.997526 -0.031830 -7.487940 -0.952613 0.045690 -0.299744 99.908831
-0.296174 0.050996 0.953456 136.464490 0.057614 0.997418 -0.035451 -7.520125 -0.953083 0.044446 -0.298436 99.703550
-0.295314 0.050977 0.953715 137.124325 0.059637 0.997312 -0.034841 -7.552719 -0.953216 0.046602 -0.297652 99.498166
-0.293347 0.049488 0.954402 137.779712 0.060866 0.997302 -0.033005 -7.585006 -0.953748 0.048424 -0.295658 99.293561
-0.291482 0.046782 0.955114 138.429995 0.062766 0.997292 -0.029693 -7.623506 -0.954201 0.051309 -0.293718 99.094098
-0.289970 0.047380 0.955544 139.075389 0.063492 0.997232 -0.030180 -7.658224 -0.954614 0.051934 -0.292264 98.898820
-0.287358 0.049816 0.956219 139.711910 0.064669 0.997092 -0.032511 -7.689644 -0.955334 0.052511 -0.289829 98.707108
-0.282944 0.051546 0.957441 140.346183 0.066320 0.996930 -0.034073 -7.722205 -0.956536 0.053872 -0.285578 98.519259
-0.277451 0.050657 0.959096 140.979067 0.067488 0.996885 -0.033130 -7.755498 -0.958064 0.055552 -0.280087 98.336785
-0.271861 0.048983 0.960778 141.610124 0.069006 0.996836 -0.031296 -7.790099 -0.959553 0.057808 -0.274462 98.158774
-0.266989 0.047002 0.962243 142.235561 0.068762 0.996905 -0.029616 -7.824277 -0.960938 0.058275 -0.269474 97.986202
-0.262867 0.046091 0.963414 142.856142 0.068632 0.996926 -0.028968 -7.858069 -0.962076 0.058524 -0.265302 97.819662
-0.258877 0.044700 0.964559 143.475907 0.069503 0.996906 -0.027546 -7.888085 -0.963095 0.059927 -0.261262 97.655686
-0.254929 0.043243 0.965677 144.091680 0.072825 0.996726 -0.025408 -7.915828 -0.963902 0.063867 -0.257321 97.491747
-0.251111 0.041662 0.966746 144.700356 0.074817 0.996624 -0.023516 -7.942560 -0.964751 0.066444 -0.253458 97.332052
-0.247927 0.040223 0.967627 145.303812 0.073074 0.996771 -0.022711 -7.973311 -0.965706 0.065098 -0.250142 97.184237
-0.244232 0.041047 0.968530 145.902377 0.070126 0.996938 -0.024568 -8.003845 -0.966864 0.061938 -0.246438 97.041341
-0.239574 0.044497 0.969536 146.492419 0.071346 0.996753 -0.028117 -8.031651 -0.967936 0.062455 -0.242046 96.898995
-0.233857 0.047886 0.970766 147.075439 0.073223 0.996512 -0.031517 -8.056991 -0.969189 0.063732 -0.236622 96.758274
-0.227220 0.048689 0.972298 147.656457 0.072347 0.996525 -0.032996 -8.085839 -0.970829 0.062865 -0.230025 96.628293
-0.218726 0.047038 0.974324 148.240816 0.069040 0.996772 -0.032622 -8.116380 -0.973018 0.060151 -0.221337 96.507836
-0.208025 0.045052 0.976757 148.820417 0.068377 0.996855 -0.031417 -8.147377 -0.975407 0.060271 -0.210518 96.394393
-0.195582 0.043777 0.979381 149.396066 0.069404 0.996806 -0.030696 -8.176801 -0.977905 0.061989 -0.198059 96.284645
-0.182378 0.042464 0.981986 149.970656 0.069121 0.996841 -0.030269 -8.207296 -0.980476 0.062375 -0.184795 96.188127
-0.166861 0.041819 0.984766 150.543712 0.068206 0.996885 -0.030777 -8.238089 -0.983296 0.062051 -0.169248 96.103580
