1.000000 0.000000 0.000000 0.000000 0.000000 1.000000 0.000000 0.000000 0.000000 0.000000 1.000000 0.000000
0.999979 0.000493 -0.006429 -0.008943 -0.000491 0.999999 0.000387 -0.001733 0.006429 -0.000384 0.999979 0.091549
0.999907 0.001025 -0.013475 -0.018434 -0.001021 0.999998 0.000306 -0.002550 0.013475 -0.000293 0.999908 0.186695
0.999775 0.001325 -0.021081 -0.029041 -0.001335 0.999997 -0.000467 -0.002420 0.021081 0.000495 0.999776 0.284524
0.999538 0.001890 -0.030245 -0.044077 -0.001947 0.999994 -0.001850 -0.002908 0.030242 0.001908 0.999538 0.388362
0.999124 0.002012 -0.041720 -0.061409 -0.002156 0.999988 -0.003412 -0.003372 0.041713 0.003499 0.999120 0.502184
0.998468 0.001911 -0.055323 -0.082993 -0.002150 0.999989 -0.004262 -0.004307 0.055314 0.004374 0.998460 0.628285
0.997433 0.001845 -0.071612 -0.109825 -0.002157 0.999989 -0.004278 -0.004698 0.071603 0.004421 0.997425 0.766648
0.995932 0.000337 -0.090139 -0.141674 -0.000730 0.999992 -0.004320 -0.006081 0.090137 0.004368 0.995923 0.916272
0.993918 -0.000805 -0.110096 -0.177833 0.000307 0.999986 -0.004534 -0.007822 0.110098 0.004473 0.993909 1.076400
0.991203 -0.000958 -0.132295 -0.224108 0.000315 0.999980 -0.004882 -0.011664 0.132298 0.004798 0.991192 1.242230
0.987694 0.002689 -0.156317 -0.282485 -0.003722 0.999962 -0.006321 -0.015851 0.156296 0.006825 0.987678 1.413269
0.983323 0.006921 -0.181657 -0.348392 -0.008479 0.999917 -0.007800 -0.021574 0.181591 0.009210 0.983316 1.587814
0.977943 0.009798 -0.208557 -0.421780 -0.011880 0.999871 -0.008735 -0.026993 0.208449 0.011020 0.977953 1.769985
0.971197 0.010566 -0.237946 -0.494366 -0.013047 0.999850 -0.008853 -0.031232 0.237823 0.011703 0.971214 1.952502
0.963139 0.012534 -0.268617 -0.580508 -0.015334 0.999820 -0.008328 -0.034197 0.268472 0.012141 0.963185 2.141948
0.953701 0.014390 -0.300316 -0.675849 -0.017396 0.999791 -0.007339 -0.036312 0.300157 0.012223 0.953782 2.331956
0.942399 0.016512 -0.334010 -0.777983 -0.019749 0.999758 -0.006296 -0.037325 0.333835 0.012530 0.942523 2.523767
0.929921 0.018935 -0.367238 -0.888064 -0.022642 0.999712 -0.005789 -0.040524 0.367028 0.013699 0.930096 2.709470
0.916016 0.021625 -0.400524 -1.007731 -0.025858 0.999636 -0.005164 -0.040160 0.400273 0.015087 0.916257 2.895359
0.899899 0.022181 -0.435500 -1.132665 -0.026837 0.999612 -0.004543 -0.038978 0.435238 0.015776 0.900161 3.082586
0.881411 0.017738 -0.471984 -1.261393 -0.022912 0.999706 -0.005216 -0.039378 0.471761 0.015412 0.881575 3.267952
0.860110 0.012897 -0.509905 -1.401124 -0.018321 0.999794 -0.005616 -0.041924 0.509739 0.014172 0.860189 3.453897
0.835031 0.014727 -0.549969 -1.562632 -0.019133 0.999792 -0.002278 -0.047596 0.549833 0.012425 0.835158 3.634179
0.805841 0.020608 -0.591737 -1.746781 -0.024263 0.999681 0.001773 -0.054204 0.591598 0.012928 0.806104 3.806972
0.773021 0.023648 -0.633906 -1.942829 -0.027456 0.999592 0.003808 -0.058247 0.633752 0.014461 0.773375 3.975558
0.736739 0.022944 -0.675756 -2.149955 -0.026894 0.999604 0.004618 -0.059652 0.675611 0.014772 0.737083 4.143314
0.696531 0.018732 -0.717253 -2.368609 -0.020908 0.999741 0.005806 -0.059174 0.717192 0.010953 0.696760 4.313522
0.653360 0.015051 -0.756873 -2.606958 -0.015610 0.999837 0.006408 -0.057527 0.756862 0.007628 0.653503 4.476998
0.608314 0.014476 -0.793543 -2.870479 -0.012899 0.999863 0.008351 -0.056317 0.793570 0.005156 0.608430 4.627605
0.559674 0.014976 -0.828555 -3.150994 -0.010456 0.999867 0.011010 -0.052276 0.828625 0.002501 0.559767 4.770959
0.507945 0.015561 -0.861221 -3.449813 -0.009022 0.999855 0.012745 -0.046606 0.861315 0.001296 0.508025 4.902824
0.454702 0.016861 -0.890458 -3.767650 -0.008287 0.999835 0.014700 -0.039401 0.890579 0.000695 0.454778 5.017452
0.399635 0.018885 -0.916445 -4.105629 -0.007340 0.999790 0.017401 -0.032117 0.916611 -0.000228 0.399703 5.119974
0.343861 0.020841 -0.938758 -4.458102 -0.006958 0.999753 0.019646 -0.026364 0.938963 -0.000224 0.343933 5.204131
0.288526 0.023974 -0.957135 -4.826985 -0.004664 0.999673 0.023634 -0.024678 0.957423 -0.002355 0.288556 5.273267
0.234637 0.025982 -0.971695 -5.203927 -0.000090 0.999602 0.026707 -0.025399 0.972041 -0.006179 0.234558 5.328984
0.183660 0.026509 -0.982589 -5.592298 0.002366 0.999577 0.027410 -0.023459 0.982943 -0.007359 0.183530 5.364882
0.136211 0.027624 -0.990254 -6.000837 0.000156 0.999569 0.027905 -0.018708 0.990638 -0.003956 0.136156 5.378563
0.093797 0.027936 -0.995159 -6.428283 -0.001891 0.999567 0.027881 -0.009798 0.995548 -0.000733 0.093815 5.378723
0.055936 0.026482 -0.998042 -6.872916 -0.003280 0.999605 0.026340 -0.000221 0.998387 0.001800 0.056005 5.369404
0.021531 0.023862 -0.999441 -7.333040 -0.002254 0.999670 0.023819 0.007070 0.999723 0.001740 0.021581 5.351095
-0.009901 0.021176 -0.999684 -7.809286 -0.001818 0.999730 0.021195 0.012067 0.999906 0.002028 -0.009858 5.321969
-0.036462 0.019306 -0.999105 -8.299867 -0.002364 0.999764 0.019405 0.017308 0.999288 0.003070 -0.036407 5.280558
-0.057254 0.016950 -0.998171 -8.806743 -0.002900 0.999802 0.017144 0.025838 0.998311 0.003876 -0.057194 5.231260
-0.073592 0.016120 -0.997113 -9.328708 -0.002302 0.999817 0.016334 0.035978 0.997241 0.003498 -0.073542 5.179114
-0.086635 0.016579 -0.996060 -9.875301 -0.001318 0.999815 0.016756 0.043557 0.996197 0.002764 -0.086598 5.118705
-0.096292 0.017759 -0.995153 -10.429150 -0.002476 0.999791 0.018081 0.044489 0.995309 0.004206 -0.096230 5.054659
-0.103057 0.019194 -0.994448 -11.001719 -0.004198 0.999753 0.019731 0.045273 0.994625 0.006208 -0.102954 4.983720
-0.107507 0.020191 -0.993957 -11.589620 -0.004028 0.999733 0.020745 0.052088 0.994154 0.006235 -0.107400 4.912743
-0.109054 0.020853 -0.993771 -12.198204 -0.001712 0.999727 0.021165 0.063205 0.993989 0.004010 -0.108992 4.846077
-0.108100 0.023057 -0.993823 -12.819632 0.000325 0.999682 0.023158 0.072167 0.994091 0.002181 -0.108076 4.777243
-0.106603 0.025562 -0.993924 -13.457313 -0.000381 0.999619 0.025749 0.077809 0.994252 0.003124 -0.106556 4.705051
-0.104889 0.025512 -0.994108 -14.106780 -0.002648 0.999611 0.025933 0.084398 0.994431 0.005353 -0.104783 4.629298
-0.103391 0.022938 -0.994325 -14.770317 -0.004454 0.999662 0.023524 0.093974 0.994579 0.006862 -0.103257 4.555865
-0.102162 0.022792 -0.994454 -15.450674 -0.004674 0.999663 0.023391 0.107834 0.994704 0.007039 -0.102025 4.484934
-0.100459 0.025457 -0.994559 -16.158745 -0.004429 0.999594 0.026033 0.122313 0.994874 0.007021 -0.100309 4.410127
-0.098613 0.028939 -0.994644 -16.879830 -0.005389 0.999486 0.029614 0.134767 0.995050 0.008281 -0.098410 4.332407
-0.096869 0.031031 -0.994752 -17.616051 -0.005690 0.999419 0.031730 0.145338 0.995219 0.008735 -0.096640 4.255306
-0.095078 0.030341 -0.994945 -18.360263 -0.007401 0.999424 0.031185 0.160948 0.995380 0.010329 -0.094802 4.175873
-0.093363 0.027198 -0.995198 -19.120645 -0.009703 0.999492 0.028225 0.177947 0.995522 0.012292 -0.093055 4.094003
-0.091822 0.026534 -0.995359 -19.895266 -0.010529 0.999500 0.027616 0.193772 0.995656 0.013017 -0.091501 4.013700
-0.090348 0.028887 -0.995428 -20.678286 -0.007928 0.999463 0.029724 0.208844 0.995815 0.010578 -0.090074 3.942672
-0.089298 0.031018 -0.995458 -21.471156 -0.005757 0.999418 0.031658 0.221850 0.995924 0.008558 -0.089071 3.871367
-0.088073 0.032805 -0.995509 -22.271207 -0.004823 0.999367 0.033359 0.234552 0.996038 0.007739 -0.087862 3.797108
-0.087465 0.028175 -0.995706 -23.071494 -0.004640 0.999515 0.028690 0.245765 0.996094 0.007130 -0.087296 3.722039
-0.087286 0.021236 -0.995892 -23.881518 -0.003127 0.999697 0.021591 0.254851 0.996114 0.004999 -0.087196 3.648638
-0.087384 0.016737 -0.995968 -24.701863 -0.000088 0.999792 0.016809 0.265972 0.996108 0.001556 -0.087368 3.575909
-0.088003 0.017556 -0.995897 -25.535089 0.001040 0.999777 0.017533 0.275002 0.996051 0.000507 -0.088005 3.500729
-0.087986 0.024998 -0.995738 -26.373699 0.000484 0.999616 0.025052 0.280538 0.996050 0.001722 -0.087969 3.419301
-0.088295 0.032046 -0.995511 -27.220126 -0.000971 0.999410 0.032258 0.292738 0.996024 0.003815 -0.088216 3.336689
-0.088696 0.037415 -0.995289 -28.067047 -0.002827 0.999214 0.037814 0.304675 0.995987 0.006169 -0.088524 3.253659
-0.089121 0.037722 -0.995239 -28.909053 -0.004485 0.999189 0.038273 0.318087 0.995941 0.007875 -0.088883 3.170305
-0.089598 0.034246 -0.995319 -29.746226 -0.004487 0.999315 0.034788 0.332948 0.995897 0.007583 -0.089387 3.090611
-0.090006 0.031489 -0.995371 -30.582846 -0.004667 0.999403 0.032039 0.349617 0.995857 0.007530 -0.089810 3.009544
-0.090241 0.032660 -0.995305 -31.421336 -0.006108 0.999346 0.033347 0.365546 0.995821 0.009090 -0.089988 2.928291
-0.090173 0.035038 -0.995233 -32.264358 -0.006895 0.999259 0.035805 0.377443 0.995825 0.010092 -0.089869 2.844181
-0.090102 0.033387 -0.995300 -33.100201 -0.007544 0.999314 0.034204 0.389398 0.995830 0.010591 -0.089793 2.760229
-0.089766 0.028155 -0.995491 -33.932968 -0.008331 0.999470 0.029019 0.402914 0.995852 0.010899 -0.089488 2.677726
-0.089584 0.023954 -0.995614 -34.768620 -0.009622 0.999566 0.024915 0.415088 0.995854 0.011813 -0.089319 2.593775
-0.089095 0.024695 -0.995636 -35.601738 -0.009044 0.999551 0.025602 0.425351 0.995900 0.011286 -0.088837 2.513168
-0.088535 0.027156 -0.995620 -36.439487 -0.007933 0.999495 0.027967 0.432935 0.995957 0.010375 -0.088280 2.433912
-0.088125 0.032047 -0.995510 -37.285205 -0.007633 0.999347 0.032846 0.445030 0.995995 0.010494 -0.087828 2.352748
-0.087598 0.037573 -0.995360 -38.127998 -0.006639 0.999157 0.038301 0.461936 0.996046 0.009964 -0.087280 2.275123
-0.087725 0.040755 -0.995222 -38.963682 -0.006807 0.999027 0.041511 0.476729 0.996032 0.010417 -0.087368 2.194632
-0.087495 0.040577 -0.995249 -39.797619 -0.006422 0.999038 0.041296 0.495623 0.996054 0.010006 -0.087156 2.116617
-0.087455 0.036096 -0.995431 -40.623122 -0.006163 0.999221 0.036775 0.515771 0.996065 0.009352 -0.087170 2.039858
-0.087062 0.031745 -0.995618 -41.441842 -0.007208 0.999367 0.032495 0.530024 0.996095 0.010007 -0.086783 1.960034
-0.086966 0.028876 -0.995714 -42.269267 -0.011022 0.999412 0.029946 0.543841 0.996068 0.013580 -0.086602 1.876079
-0.087543 0.027005 -0.995717 -43.102088 -0.014122 0.999420 0.028347 0.556898 0.995979 0.016544 -0.087116 1.791294
-0.088226 0.025152 -0.995707 -43.929270 -0.011853 0.999504 0.026298 0.562737 0.995947 0.014124 -0.087890 1.713527
-0.089514 0.021457 -0.995676 -44.754098 -0.008264 0.999636 0.022285 0.570109 0.995866 0.010224 -0.089310 1.639880
-0.090268 0.019965 -0.995639 -45.575677 -0.003918 0.999702 0.020402 0.578516 0.995824 0.005743 -0.090169 1.563346
-0.092125 0.023450 -0.995392 -46.396756 -0.003519 0.999626 0.023876 0.584116 0.995655 0.005703 -0.092014 1.481605
-0.093921 0.029719 -0.995056 -47.223258 -0.001004 0.999468 0.029945 0.589675 0.995493 0.003812 -0.093847 1.401663
-0.095863 0.033458 -0.994751 -48.041466 0.000917 0.999352 0.033524 0.598157 0.995306 0.002301 -0.095838 1.321901
-0.097407 0.032535 -0.994629 -48.850889 0.000970 0.999380 0.032596 0.607637 0.995154 0.002210 -0.097385 1.238416
-0.098495 0.028631 -0.994639 -49.651453 -0.002323 0.999487 0.029001 0.614489 0.995042 0.005168 -0.098386 1.147299
-0.099804 0.024892 -0.994611 -50.448746 -0.007028 0.999556 0.025721 0.623770 0.994891 0.009558 -0.099592 1.053843
-0.101152 0.023322 -0.994514 -51.243742 -0.011232 0.999547 0.024582 0.631362 0.994717 0.013658 -0.100851 0.959593
-0.102235 0.024438 -0.994375 -52.038881 -0.012837 0.999494 0.025883 0.635790 0.994586 0.015412 -0.101877 0.869500
-0.103231 0.025947 -0.994235 -52.829382 -0.012691 0.999456 0.027401 0.641347 0.994486 0.015447 -0.102853 0.781611
-0.104232 0.025452 -0.994143 -53.610568 -0.014456 0.999441 0.027103 0.647416 0.994358 0.017198 -0.103813 0.691939
-0.104868 0.025274 -0.994081 -54.394278 -0.015060 0.999435 0.026999 0.654103 0.994282 0.017804 -0.104436 0.602095
-0.105486 0.027083 -0.993966 -55.175411 -0.013288 0.999412 0.028641 0.662307 0.994240 0.016231 -0.105071 0.515457
-0.105840 0.029983 -0.993843 -55.949610 -0.012377 0.999336 0.031467 0.671296 0.994211 0.015632 -0.105407 0.430588
-0.106056 0.034194 -0.993683 -56.718919 -0.012625 0.999189 0.035731 0.680268 0.994184 0.016336 -0.105547 0.342616
-0.106720 0.036312 -0.993536 -57.478394 -0.012556 0.999111 0.037865 0.690680 0.994113 0.016517 -0.106177 0.256505
-0.107447 0.036278 -0.993458 -58.230052 -0.012112 0.999118 0.037795 0.702727 0.994040 0.016095 -0.106921 0.170941
-0.107822 0.034264 -0.993487 -58.977965 -0.011286 0.999203 0.035686 0.714794 0.994007 0.015061 -0.107358 0.084806
-0.108075 0.030702 -0.993575 -59.716860 -0.010929 0.999329 0.032068 0.724771 0.993983 0.014326 -0.107675 -0.001675
-0.107838 0.027842 -0.993685 -60.438997 -0.011205 0.999413 0.029219 0.733052 0.994005 0.014287 -0.107472 -0.086546
-0.106629 0.025459 -0.993879 -61.151728 -0.011712 0.999473 0.026859 0.740530 0.994130 0.014505 -0.106283 -0.169975
-0.104298 0.024666 -0.994158 -61.849814 -0.013983 0.999471 0.026265 0.745476 0.994359 0.016642 -0.103906 -0.251812
-0.100266 0.025510 -0.994551 -62.532443 -0.014312 0.999444 0.027079 0.750026 0.994768 0.016950 -0.099853 -0.325522
-0.094376 0.027078 -0.995085 -63.200573 -0.013527 0.999415 0.028479 0.754737 0.995354 0.016149 -0.093961 -0.391158
-0.087173 0.028572 -0.995691 -63.857248 -0.012676 0.999379 0.029788 0.759531 0.996013 0.015219 -0.086764 -0.450310
-0.078388 0.029960 -0.996377 -64.496731 -0.013604 0.999323 0.031119 0.763515 0.996728 0.015996 -0.077934 -0.504193
-0.066522 0.031609 -0.997189 -65.120768 -0.015841 0.999239 0.032731 0.768572 0.997558 0.017976 -0.065976 -0.548855
-0.051677 0.033112 -0.998021 -65.727970 -0.018939 0.999139 0.034130 0.775186 0.998384 0.020667 -0.051010 -0.581856
-0.033364 0.034303 -0.998761 -66.322777 -0.020529 0.999078 0.035000 0.783440 0.999132 0.021673 -0.032631 -0.596830
-0.011278 0.035139 -0.999225 -66.892108 -0.021498 0.999044 0.035376 0.789660 0.999604 0.021882 -0.010512 -0.593770
0.014181 0.035527 -0.999171 -67.441807 -0.020984 0.999057 0.035226 0.795251 0.999574 0.020469 0.014916 -0.571568
0.043399 0.035108 -0.998338 -67.965949 -0.019608 0.999112 0.034283 0.801561 0.998755 0.018089 0.044054 -0.527881
0.077405 0.035125 -0.996277 -68.472566 -0.018474 0.999150 0.033791 0.807632 0.996717 0.015791 0.077997 -0.463596
0.114980 0.035422 -0.992631 -68.957727 -0.017852 0.999166 0.033588 0.813473 0.993095 0.013860 0.115530 -0.380387
0.155721 0.035138 -0.987070 -69.434633 -0.017723 0.999195 0.032774 0.818171 0.987529 0.012391 0.156235 -0.275725
0.200936 0.036153 -0.978833 -69.890890 -0.016667 0.999192 0.033484 0.821012 0.979349 0.009587 0.201398 -0.154058
0.249561 0.034916 -0.967623 -70.340031 -0.013383 0.999270 0.032606 0.822456 0.968152 0.004813 0.249872 -0.007940
0.299993 0.030122 -0.953358 -70.763414 -0.005658 0.999431 0.029798 0.821814 0.953808 -0.003545 0.300024 0.163977
0.351481 0.024944 -0.935751 -71.158832 -0.000125 0.999536 0.026597 0.820508 0.936075 -0.009232 0.351358 0.354046
0.404387 0.020085 -0.914254 -71.557959 0.005038 0.999585 0.024189 0.827604 0.914452 -0.014389 0.404159 0.565007
0.455894 0.019544 -0.889704 -71.945394 0.004768 0.999582 0.024402 0.835548 0.889897 -0.015369 0.455657 0.797059
0.503881 0.018312 -0.863460 -72.311047 0.006498 0.999557 0.024991 0.840535 0.863620 -0.018205 0.503590 1.055767
0.549267 0.014079 -0.835407 -72.663840 0.014191 0.999449 0.026174 0.845205 0.835396 -0.026234 0.548820 1.337017
0.593254 0.007524 -0.804856 -72.992473 0.024734 0.999207 0.027572 0.847815 0.804502 -0.036268 0.592657 1.642509
0.636143 0.002508 -0.771436 -73.311305 0.026202 0.999240 0.024856 0.849837 0.770986 -0.036029 0.635658 1.950067
0.677581 -0.002366 -0.735306 -73.611544 0.023246 0.999456 0.018206 0.853017 0.734934 -0.029432 0.677335 2.267290
0.718531 -0.009495 -0.695284 -73.900850 0.019953 0.999669 0.006968 0.859236 0.695054 -0.018881 0.718555 2.605027
0.758270 -0.012516 -0.651664 -74.182270 0.015549 0.999770 -0.001109 0.864179 0.651591 -0.009293 0.758366 2.971500
0.795739 -0.013897 -0.605310 -74.453166 0.014486 0.999778 -0.003910 0.866554 0.605289 -0.005658 0.795844 3.373121
0.830267 -0.015886 -0.556955 -74.715004 0.015232 0.999757 -0.005809 0.871030 0.556966 -0.003661 0.830391 3.810732
0.861325 -0.014789 -0.507637 -74.955661 0.012503 0.999781 -0.007913 0.869605 0.507692 0.000469 0.861408 4.264232
0.887725 -0.013292 -0.459960 -75.178222 0.011788 0.999802 -0.006141 0.859755 0.459995 0.000030 0.887795 4.744952
0.909329 -0.007230 -0.415763 -75.393747 0.005674 0.999860 -0.004977 0.854094 0.415782 0.002167 0.909336 5.252838
0.927194 -0.002940 -0.374284 -75.593198 0.000605 0.999865 -0.006353 0.848398 0.374290 0.005665 0.927168 5.772784
0.941016 0.002081 -0.338037 -75.774927 -0.003912 0.999867 -0.004734 0.843098 0.338016 0.005778 0.940998 6.313432
0.951271 0.002845 -0.307994 -75.939683 -0.003835 0.999875 -0.002609 0.832561 0.307979 0.003664 0.951262 6.867598
0.958806 0.002116 -0.283662 -76.098205 -0.002509 0.999878 -0.001022 0.824211 0.283654 0.001692 0.958799 7.449674
0.964772 0.002277 -0.262643 -76.253287 -0.002073 0.999876 0.001053 0.819388 0.262641 -0.000471 0.964765 8.049983
0.969548 0.004753 -0.244397 -76.405656 -0.003964 0.999866 0.003722 0.814710 0.244407 -0.002640 0.969543 8.667760
0.973256 0.009483 -0.229091 -76.556782 -0.008490 0.999842 0.005321 0.811672 0.229126 -0.003234 0.973278 9.298431
0.976246 0.013176 -0.215800 -76.704166 -0.012024 0.999798 0.006654 0.806511 0.215863 -0.003901 0.976303 9.948568
0.979052 0.011836 -0.202771 -76.836250 -0.010744 0.999814 0.006485 0.802081 0.202828 -0.004171 0.979093 10.610563
0.981784 0.011816 -0.189086 -76.964066 -0.010842 0.999811 0.006186 0.798904 0.189141 -0.004024 0.981827 11.293222
0.984468 0.012217 -0.174538 -77.085273 -0.011204 0.999801 0.006790 0.798523 0.174602 -0.004730 0.984511 11.988302
0.986834 0.013724 -0.160457 -77.200680 -0.012706 0.999772 0.007369 0.795672 0.160538 -0.005233 0.986893 12.703751
0.988794 0.013875 -0.147857 -77.307888 -0.013332 0.999776 0.004669 0.787583 0.147904 -0.002646 0.988871 13.421380
0.990362 0.014460 -0.136909 -77.409739 -0.014671 0.999769 -0.000528 0.778119 0.136884 0.002531 0.990458 14.154579
0.991659 0.012477 -0.127398 -77.503199 -0.013442 0.999765 -0.006709 0.772371 0.127297 0.008366 0.991705 14.899006
0.992657 0.012344 -0.119391 -77.594221 -0.013272 0.999766 -0.006980 0.766154 0.119289 0.008514 0.992701 15.656400
0.993399 0.014361 -0.112767 -77.684682 -0.014542 0.999767 -0.000778 0.754567 0.112741 0.002413 0.993493 16.426408
0.993881 0.018855 -0.107715 -77.776772 -0.018156 0.999677 0.007472 0.741115 0.107832 -0.005472 0.994023 17.199615
0.994312 0.019664 -0.103481 -77.862876 -0.018606 0.999632 0.011177 0.731645 0.103674 -0.009190 0.994435 17.968548
0.994688 0.018361 -0.100124 -77.941569 -0.017440 0.999671 0.010073 0.726425 0.100286 -0.008274 0.994797 18.735362
0.994995 0.018130 -0.097059 -78.019983 -0.017318 0.999681 0.009205 0.720568 0.097205 -0.007478 0.995109 19.503356
0.995294 0.016668 -0.094212 -78.094533 -0.015666 0.999686 0.011363 0.716663 0.094381 -0.009835 0.995359 20.272847
0.995542 0.014730 -0.091892 -78.165784 -0.013514 0.999687 0.013846 0.711151 0.092077 -0.012544 0.995545 21.047917
0.995831 0.012737 -0.089020 -78.234179 -0.011402 0.999689 0.015491 0.705308 0.089199 -0.014413 0.995782 21.817546
0.996074 0.011913 -0.086387 -78.304427 -0.010924 0.999744 0.011916 0.698941 0.086515 -0.010926 0.996064 22.579610
0.996186 0.014610 -0.084730 -78.376789 -0.014273 0.999769 0.004580 0.692375 0.084785 -0.003354 0.996274 23.334912
0.996322 0.015165 -0.083034 -78.446596 -0.015463 0.999758 -0.002943 0.680942 0.082977 0.004217 0.996424 24.089206
0.996413 0.015960 -0.081799 -78.513433 -0.016594 0.999720 -0.007067 0.668570 0.081670 0.008400 0.996506 24.843244
0.996561 0.017458 -0.079673 -78.581598 -0.017936 0.999709 -0.005294 0.651880 0.079564 0.006706 0.996690 25.604842
0.996687 0.020833 -0.077219 -78.651906 -0.020993 0.999661 -0.001267 0.634677 0.077173 0.002884 0.996894 26.368320
0.996780 0.024267 -0.074909 -78.719789 -0.024040 0.999580 0.003934 0.618433 0.074980 -0.002121 0.997058 27.128981
0.997015 0.021859 -0.072469 -78.778837 -0.021496 0.999628 0.005778 0.608642 0.072575 -0.004203 0.997228 27.889840
0.997153 0.019034 -0.071341 -78.832614 -0.018676 0.999683 0.005677 0.597125 0.071433 -0.004329 0.997308 28.642643
0.997250 0.017198 -0.070357 -78.886792 -0.016841 0.999709 0.005668 0.585594 0.070441 -0.004468 0.997374 29.393544
0.997336 0.016666 -0.069259 -78.944961 -0.016439 0.999725 0.003853 0.577472 0.069311 -0.002705 0.997461 30.145971
0.997412 0.014566 -0.068662 -78.997800 -0.014423 0.999761 0.002567 0.569364 0.068689 -0.001570 0.997507 30.901766
0.997476 0.013698 -0.067913 -79.052835 -0.013549 0.999774 0.002651 0.559106 0.067940 -0.001724 0.997559 31.664519
0.997489 0.016695 -0.067057 -79.115119 -0.016490 0.999728 0.003620 0.551761 0.067106 -0.002505 0.997614 32.433696
0.997496 0.016338 -0.067027 -79.174231 -0.016194 0.999735 0.002694 0.542790 0.067059 -0.001602 0.997618 33.208681
0.997385 0.015915 -0.068739 -79.232525 -0.015771 0.999741 0.002641 0.532653 0.068770 -0.001550 0.997501 33.987802
0.997273 0.013480 -0.070867 -79.290326 -0.013295 0.999776 0.003083 0.525007 0.070900 -0.002133 0.997351 34.768127
0.997021 0.015402 -0.073941 -79.357113 -0.015235 0.999748 0.002834 0.516641 0.073973 -0.001700 0.997128 35.554268
0.996748 0.018957 -0.076736 -79.430762 -0.018810 0.999687 0.002635 0.504613 0.076769 -0.001183 0.996917 36.343942
0.996544 0.019330 -0.079270 -79.505438 -0.019582 0.999675 -0.002398 0.494448 0.079206 0.003943 0.996721 37.135559
0.996322 0.020022 -0.081829 -79.578069 -0.020579 0.999638 -0.005963 0.485071 0.081688 0.007626 0.996498 37.935925
0.996178 0.019051 -0.083783 -79.652104 -0.019761 0.999642 -0.007644 0.473144 0.083616 0.009271 0.996323 38.742366
0.995978 0.019290 -0.086040 -79.729576 -0.019896 0.999647 -0.006185 0.456496 0.085900 0.007873 0.996137 39.569087
0.995805 0.017838 -0.088270 -79.805990 -0.018394 0.999675 -0.005488 0.440058 0.088153 0.007090 0.995942 40.396056
0.995639 0.017290 -0.090156 -79.883718 -0.017705 0.999686 -0.003804 0.427347 0.090073 0.005384 0.995769 41.230353
0.995540 0.016997 -0.091252 -79.965864 -0.017082 0.999701 -0.000156 0.414349 0.091233 0.001714 0.995674 42.068643
0.995447 0.016817 -0.092222 -80.049220 -0.016465 0.999693 0.004575 0.402770 0.092283 -0.003036 0.995567 42.924204
0.995503 0.016904 -0.091551 -80.133195 -0.016365 0.999680 0.006640 0.392937 0.091646 -0.005112 0.995613 43.781654
0.995630 0.019950 -0.089549 -80.220074 -0.019431 0.999626 0.006668 0.386076 0.089661 -0.004900 0.995796 44.640933
0.995795 0.020050 -0.087678 -80.302671 -0.019659 0.999630 0.005318 0.379485 0.087765 -0.003572 0.995971 45.506557
0.995977 0.017620 -0.086113 -80.379954 -0.017419 0.999680 0.003081 0.369774 0.086152 -0.001568 0.996117 46.371294
0.996185 0.013877 -0.084386 -80.454326 -0.013804 0.999741 0.001451 0.358750 0.084396 -0.000280 0.996269 47.247980
0.996359 0.012717 -0.082500 -80.530353 -0.012675 0.999757 0.001042 0.349574 0.082505 0.000008 0.996428 48.122342
0.996463 0.010450 -0.081565 -80.604161 -0.010190 0.999779 0.003610 0.336743 0.081596 -0.002767 0.996499 48.998166
0.996546 0.007728 -0.080863 -80.674261 -0.007257 0.999794 0.006120 0.324407 0.080904 -0.005512 0.996545 49.874540
0.996605 0.007391 -0.080012 -80.747469 -0.006904 0.999782 0.006361 0.312436 0.080053 -0.005787 0.996599 50.743224
0.996660 0.008818 -0.079005 -80.824755 -0.008597 0.999771 0.003132 0.298543 0.079027 -0.002442 0.996680 51.605277
0.996681 0.011241 -0.078438 -80.901224 -0.011481 0.999744 -0.002596 0.282984 0.078402 0.003489 0.996728 52.465509
0.996742 0.012940 -0.077414 -80.977247 -0.013605 0.999690 -0.008061 0.265375 0.077298 0.009090 0.996781 53.322701
0.996731 0.017587 -0.076651 -81.055686 -0.018694 0.999548 -0.013749 0.241566 0.076387 0.015140 0.996779 54.170536
0.996811 0.017484 -0.075618 -81.127791 -0.018638 0.999536 -0.014582 0.217321 0.075339 0.015948 0.996845 55.023730
0.996860 0.014475 -0.075447 -81.193818 -0.015179 0.999650 -0.008763 0.199275 0.075307 0.009883 0.996914 55.876868
0.996817 0.014035 -0.076020 -81.262729 -0.014055 0.999699 0.000273 0.177337 0.076015 0.000796 0.996903 56.727643
0.996744 0.013094 -0.077132 -81.335673 -0.012519 0.999687 0.007933 0.160062 0.077225 -0.006943 0.996787 57.585520
0.996582 0.011106 -0.079483 -81.406740 -0.010703 0.999723 0.005501 0.150812 0.079536 -0.004632 0.996616 58.431205
0.996447 0.005942 -0.081665 -81.472820 -0.005793 0.999774 0.002062 0.137195 0.081673 -0.001582 0.996451 59.268124
0.996239 0.004544 -0.084295 -81.546189 -0.004522 0.999785 0.000461 0.123032 0.084294 -0.000078 0.996237 60.100887
0.995992 0.006680 -0.087060 -81.625817 -0.006880 0.999774 -0.001991 0.105864 0.087042 0.002582 0.996000 60.926520
0.995678 0.008335 -0.090481 -81.709201 -0.008862 0.999749 -0.005429 0.087751 0.090428 0.006209 0.995686 61.745958
0.995295 0.008768 -0.094583 -81.792165 -0.009649 0.999719 -0.008861 0.069555 0.094495 0.009734 0.995281 62.561303
0.994971 0.010657 -0.097742 -81.880642 -0.011963 0.999651 -0.012773 0.046159 0.097589 0.013881 0.994933 63.370450
0.994596 0.015406 -0.100881 -81.977600 -0.016786 0.999581 -0.012833 0.021854 0.100658 0.014460 0.994619 64.177929
0.994181 0.018888 -0.104427 -82.075994 -0.020160 0.999552 -0.011131 0.002000 0.104187 0.013173 0.994286 64.983581
0.993708 0.021933 -0.108244 -82.175567 -0.022633 0.999545 -0.005233 -0.020108 0.108098 0.007651 0.993923 65.786864
0.993235 0.022660 -0.112325 -82.275577 -0.022758 0.999551 0.000412 -0.040590 0.112302 0.002148 0.993480 66.585677
0.992666 0.022012 -0.117348 -82.375021 -0.021696 0.999565 0.003972 -0.054882 0.117405 -0.001397 0.992889 67.380498
0.991881 0.021537 -0.123895 -82.479616 -0.021096 0.999574 0.004877 -0.066014 0.123969 -0.002224 0.992089 68.167874
0.991163 0.019429 -0.129847 -82.586235 -0.018472 0.999601 0.008571 -0.076541 0.129984 -0.006098 0.991303 68.952943
0.990269 0.020042 -0.136345 -82.700703 -0.019112 0.999584 0.008129 -0.087211 0.136476 -0.005445 0.990426 69.729955
0.989322 0.024836 -0.142300 -82.827405 -0.024038 0.999483 0.007329 -0.098173 0.142434 -0.003831 0.989593 70.503069
0.988386 0.026776 -0.148311 -82.954668 -0.026548 0.999438 0.003516 -0.107013 0.148349 0.000462 0.988729 71.271034
0.987485 0.025494 -0.154404 -83.079990 -0.025691 0.999465 0.000726 -0.117789 0.154369 0.003251 0.987800 72.033038
0.986602 0.026748 -0.159739 -83.214145 -0.027194 0.999425 -0.000605 -0.130347 0.159661 0.004942 0.986951 72.799260
0.985774 0.028778 -0.164367 -83.354246 -0.028443 0.999370 0.004391 -0.138564 0.164422 0.000347 0.986171 73.567025
0.984702 0.029635 -0.170505 -83.494481 -0.028586 0.999335 0.008602 -0.149035 0.170681 -0.003597 0.985097 74.326832
0.983617 0.028988 -0.176764 -83.636606 -0.027508 0.999344 0.010818 -0.163653 0.176997 -0.005780 0.983972 75.083060
0.982390 0.026457 -0.183829 -83.784034 -0.025618 0.999426 0.006936 -0.171375 0.183945 -0.002105 0.982709 75.831946
0.980831 0.024436 -0.192220 -83.936776 -0.024948 0.999460 -0.000242 -0.177902 0.192151 0.005035 0.981120 76.572332
0.979059 0.021832 -0.201351 -84.095280 -0.022715 0.999512 -0.002073 -0.189079 0.201250 0.006605 0.979284 77.310918
0.976831 0.021554 -0.211984 -84.264659 -0.021876 0.999544 0.000830 -0.202552 0.211948 0.003828 0.977053 78.050197
0.974346 0.021391 -0.223164 -84.442691 -0.020374 0.999558 0.006861 -0.208272 0.223256 -0.002139 0.974541 78.786105
0.971546 0.023268 -0.234879 -84.630505 -0.020414 0.999475 0.014574 -0.215163 0.235140 -0.009366 0.971700 79.514538
0.968745 0.023937 -0.246062 -84.826284 -0.020107 0.999412 0.018067 -0.222238 0.246401 -0.012557 0.968857 80.239245
0.965711 0.027230 -0.257361 -85.034445 -0.024565 0.999377 0.013564 -0.230704 0.257625 -0.006778 0.965984 80.949763
0.962463 0.026578 -0.269320 -85.246205 -0.026368 0.999414 0.004401 -0.236631 0.269336 0.002866 0.962805 81.649575
0.959004 0.023986 -0.281617 -85.465018 -0.025164 0.999454 -0.000563 -0.238724 0.281510 0.007628 0.959289 82.353770
0.955389 0.022778 -0.293718 -85.690289 -0.022547 0.999500 0.004176 -0.240805 0.293731 0.002634 0.955635 83.065633
0.951810 0.024163 -0.305007 -85.931576 -0.021680 0.999461 0.011526 -0.250002 0.305189 -0.004358 0.952032 83.782923
0.947906 0.024151 -0.316915 -86.181599 -0.019844 0.999418 0.016811 -0.255740 0.317209 -0.009648 0.948050 84.497849
0.943669 0.021670 -0.329488 -86.435020 -0.017808 0.999489 0.014734 -0.257041 0.329714 -0.008038 0.943788 85.201468
0.939646 0.019675 -0.340894 -86.697529 -0.017226 0.999549 0.010208 -0.259982 0.341021 -0.003720 0.939782 85.901786
0.936427 0.015480 -0.349849 -86.964907 -0.015286 0.999626 0.003317 -0.268523 0.349852 0.002243 0.936534 86.594544
0.933593 0.011341 -0.357493 -87.236340 -0.013153 0.999658 -0.002634 -0.275912 0.357425 0.007163 0.933644 87.286667
0.930772 0.011145 -0.364793 -87.521304 -0.013803 0.999646 -0.004677 -0.285804 0.364696 0.009391 0.930812 87.990368
0.927690 0.016349 -0.372392 -87.820966 -0.019497 0.999559 -0.004685 -0.301584 0.372234 0.011610 0.927808 88.688692
0.924498 0.016283 -0.380251 -88.119111 -0.018616 0.999584 -0.002455 -0.316190 0.380137 0.009351 0.924623 89.388121
0.921203 0.017007 -0.388128 -88.421127 -0.016768 0.999610 0.004005 -0.321966 0.388132 0.002820 0.921337 90.092963
0.918358 0.019034 -0.394714 -88.730918 -0.015499 0.999562 0.012141 -0.328736 0.394862 -0.005033 0.918461 90.796247
0.915611 0.028951 -0.400454 -89.057694 -0.023286 0.999305 0.019006 -0.338992 0.400817 -0.008079 0.915857 91.494046
0.912887 0.035752 -0.406082 -89.388855 -0.031963 0.999116 0.016111 -0.343535 0.406392 -0.001728 0.913431 92.180072
0.910499 0.032115 -0.411712 -89.707997 -0.031457 0.999228 0.008378 -0.345627 0.411756 0.005324 0.911012 92.864295
0.908423 0.024207 -0.416801 -90.025910 -0.026253 0.999410 0.000828 -0.349347 0.416670 0.010193 0.908730 93.557198
0.906673 0.024836 -0.420558 -90.356369 -0.027264 0.999383 0.000240 -0.355399 0.420400 0.011251 0.906999 94.248182
0.904470 0.030871 -0.424897 -90.698286 -0.031582 0.999249 0.005373 -0.364194 0.424838 0.008561 0.904966 94.938383
0.901876 0.033211 -0.430201 -91.041584 -0.032178 0.999197 0.009680 -0.373555 0.430273 0.005114 0.902421 95.638323
0.899499 0.029590 -0.435433 -91.380489 -0.029140 0.999315 0.007716 -0.385629 0.435456 0.005749 0.899938 96.331865
0.897249 0.027766 -0.440170 -91.726374 -0.030219 0.999313 0.001439 -0.395458 0.440001 0.012013 0.897664 97.013333
0.894980 0.025005 -0.444920 -92.078353 -0.030520 0.999287 -0.005230 -0.403281 0.444568 0.018264 0.895300 97.698508
0.892612 0.025668 -0.449636 -92.434014 -0.032039 0.999241 -0.006559 -0.415919 0.449220 0.020265 0.892942 98.382447
0.890581 0.028697 -0.453490 -92.795380 -0.033330 0.999229 -0.002221 -0.432473 0.453166 0.017096 0.891026 99.069036
0.888454 0.030319 -0.457561 -93.158771 -0.034147 0.999215 -0.000093 -0.447218 0.457284 0.015710 0.888958 99.752881
0.885988 0.031247 -0.462261 -93.521709 -0.034937 0.999187 0.000581 -0.461318 0.461989 0.015638 0.886525 100.432524
0.883717 0.029342 -0.466701 -93.885280 -0.033280 0.999238 -0.000192 -0.475778 0.466429 0.015704 0.884190 101.106880
0.881544 0.027369 -0.470910 -94.250205 -0.031480 0.999295 -0.000852 -0.488907 0.470645 0.015579 0.881954 101.779769
0.879334 0.026860 -0.475049 -94.617281 -0.030694 0.999318 -0.000312 -0.502292 0.474809 0.014858 0.879730 102.445299
0.877053 0.028248 -0.479164 -94.988998 -0.032063 0.999274 0.000225 -0.515689 0.478917 0.015169 0.877494 103.103470
0.874674 0.028565 -0.483466 -95.362619 -0.032472 0.999256 0.000295 -0.530886 0.483212 0.015444 0.875126 103.761729
0.872258 0.025587 -0.487984 -95.732291 -0.031442 0.999286 -0.003803 -0.546193 0.487635 0.018664 0.872611 104.411166
0.869965 0.022304 -0.492247 -96.102310 -0.030290 0.999308 -0.008252 -0.565113 0.491812 0.022094 0.870198 105.052369
0.867788 0.020727 -0.496141 -96.476407 -0.030111 0.999286 -0.010918 -0.581298 0.495652 0.024419 0.867953 105.694433
0.865835 0.022480 -0.499471 -96.853485 -0.030101 0.999324 -0.007201 -0.595724 0.499062 0.021274 0.866083 106.331351
0.864014 0.026545 -0.502428 -97.231014 -0.029818 0.999362 0.001523 -0.610254 0.502236 0.013668 0.864406 106.962811
0.862490 0.028645 -0.504921 -97.602294 -0.026775 0.999387 0.010964 -0.625141 0.505016 0.004064 0.862881 107.592188
0.860887 0.028333 -0.507660 -97.966924 -0.023631 0.999400 0.015706 -0.636106 0.507893 -0.001525 0.861196 108.206913
0.859269 0.025131 -0.510547 -98.324487 -0.020273 0.999476 0.015080 -0.641812 0.510755 -0.002608 0.859490 108.803355
0.857442 0.023239 -0.513699 -98.677864 -0.020173 0.999525 0.011548 -0.648397 0.513820 0.000461 0.857665 109.382738
0.855830 0.021195 -0.516469 -99.027488 -0.019529 0.999568 0.008660 -0.654779 0.516527 0.002675 0.856034 109.948664
0.854296 0.019520 -0.519057 -99.367322 -0.018283 0.999595 0.007502 -0.662680 0.519095 0.003082 0.854472 110.498690
0.853029 0.017941 -0.521195 -99.698853 -0.016681 0.999627 0.007110 -0.670593 0.521229 0.002630 0.853174 111.032935
0.851667 0.018465 -0.523422 -100.022092 -0.016645 0.999632 0.008182 -0.681675 0.523475 0.001745 0.851814 111.547946
0.850467 0.018383 -0.525395 -100.335160 -0.015587 0.999647 0.009748 -0.691342 0.525478 -0.000101 0.850596 112.044684
0.849002 0.016933 -0.527807 -100.634584 -0.013550 0.999670 0.010279 -0.700036 0.527897 -0.001575 0.849095 112.524703
0.847594 0.015464 -0.530114 -100.921728 -0.011663 0.999692 0.010517 -0.708322 0.530203 -0.002732 0.847655 112.986574
0.846300 0.014414 -0.532218 -101.197658 -0.011034 0.999711 0.009533 -0.717197 0.532291 -0.002196 0.846355 113.426402
0.845062 0.014480 -0.534209 -101.469005 -0.013243 0.999727 0.006151 -0.727213 0.534234 0.001877 0.845149 113.838390
0.843576 0.012008 -0.536666 -101.727646 -0.012859 0.999776 0.002159 -0.736851 0.536639 0.005081 0.843644 114.232362
0.841250 0.008186 -0.540367 -101.972993 -0.009765 0.999809 -0.000054 -0.742710 0.540333 0.005323 0.841275 114.614275
0.838518 0.004146 -0.544632 -102.207814 -0.004811 0.999840 0.000207 -0.747385 0.544619 0.002447 0.838513 114.982234
0.835123 0.005234 -0.549817 -102.441486 -0.005217 0.999838 0.001596 -0.752630 0.549810 0.001536 0.835123 115.326762
0.831376 0.008912 -0.555427 -102.671000 -0.008427 0.999815 0.003430 -0.759501 0.555426 0.001829 0.831402 115.647860
0.827684 0.014917 -0.560784 -102.894061 -0.012640 0.999744 0.007940 -0.765858 0.560831 0.000516 0.827766 115.954740
0.823758 0.020360 -0.566363 -103.107417 -0.014457 0.999639 0.014911 -0.771056 0.566536 -0.004096 0.823860 116.246306
0.818968 0.022017 -0.573209 -103.305307 -0.013631 0.999584 0.018921 -0.774762 0.573461 -0.007683 0.819031 116.520830
0.813538 0.019259 -0.580990 -103.491265 -0.009338 0.999612 0.020061 -0.777014 0.581226 -0.010896 0.813504 116.778194
0.806609 0.017267 -0.590638 -103.670635 -0.006045 0.999622 0.020969 -0.778645 0.590851 -0.013345 0.806507 117.017228
0.797907 0.015848 -0.602380 -103.846485 -0.003136 0.999609 0.022147 -0.780579 0.602571 -0.015784 0.797742 117.238973
0.787635 0.016378 -0.615720 -104.020765 -0.002793 0.999581 0.023016 -0.782923 0.615923 -0.016411 0.787454 117.441652
0.775391 0.017944 -0.631020 -104.193689 -0.004620 0.999576 0.022748 -0.785408 0.631250 -0.014725 0.775250 117.625617
0.761402 0.016556 -0.647863 -104.360068 -0.004585 0.999629 0.020159 -0.788483 0.648049 -0.012381 0.761300 117.795287
0.746441 0.014070 -0.665105 -104.521337 -0.005430 0.999716 0.015057 -0.790747 0.665223 -0.007628 0.746407 117.951388
0.731335 0.010413 -0.681751 -104.677626 -0.005180 0.999787 0.009716 -0.791395 0.681801 -0.003574 0.731331 118.095463
0.715859 0.010418 -0.697984 -104.838266 -0.009121 0.999791 0.005570 -0.788444 0.697993 0.002379 0.715899 118.229293
0.700001 0.014042 -0.713825 -105.007133 -0.016504 0.999705 0.003482 -0.786854 0.713762 0.009345 0.700120 118.355781
0.682507 0.015775 -0.730537 -105.174493 -0.019109 0.999660 0.003735 -0.784903 0.730447 0.011413 0.682665 118.485157
0.663453 0.014238 -0.747919 -105.339723 -0.016005 0.999714 0.004836 -0.780937 0.747873 0.008763 0.663574 118.618891
0.643083 0.013253 -0.765530 -105.508508 -0.013089 0.999753 0.006313 -0.778094 0.765522 0.005961 0.643175 118.746794
0.620552 0.014899 -0.783879 -105.685518 -0.013050 0.999739 0.008673 -0.775635 0.783901 0.004848 0.620657 118.863984
0.596115 0.019414 -0.802521 -105.870435 -0.016686 0.999652 0.011790 -0.772115 0.802571 0.006363 0.596301 118.971186
0.571241 0.023340 -0.820308 -106.057826 -0.018817 0.999564 0.015338 -0.768313 0.820413 0.006675 0.571498 119.073184
0.545317 0.026170 -0.837681 -106.247136 -0.020568 0.999487 0.017837 -0.765548 0.837826 0.007504 0.545640 119.170335
0.518967 0.029166 -0.854156 -106.439250 -0.023665 0.999381 0.019748 -0.763263 0.854315 0.009966 0.519398 119.257751
0.492029 0.033422 -0.869797 -106.635890 -0.027855 0.999210 0.022639 -0.761554 0.869981 0.013091 0.492631 119.334742
0.463741 0.036404 -0.885084 -106.833614 -0.030090 0.999080 0.025329 -0.761784 0.885308 0.014888 0.464466 119.409055
0.433675 0.035679 -0.900219 -107.034806 -0.028833 0.999100 0.025709 -0.761679 0.900451 0.014808 0.434369 119.480266
0.401208 0.032481 -0.915271 -107.250790 -0.028722 0.999173 0.022870 -0.760251 0.915382 0.017116 0.401860 119.545973
0.366431 0.027980 -0.929886 -107.485442 -0.028186 0.999271 0.018962 -0.754791 0.929866 0.019265 0.366999 119.607919
0.327190 0.025519 -0.944480 -107.738989 -0.027798 0.999310 0.017372 -0.747837 0.944401 0.020574 0.327714 119.664088
0.285303 0.024135 -0.958000 -108.011577 -0.027049 0.999334 0.017122 -0.739055 0.957907 0.021031 0.285801 119.715627
0.241256 0.021932 -0.970082 -108.302451 -0.026147 0.999375 0.016093 -0.729175 0.969962 0.021485 0.241708 119.756270
0.193792 0.018899 -0.980731 -108.608286 -0.024850 0.999435 0.014350 -0.718842 0.980582 0.021594 0.194174 119.784499
0.144471 0.016627 -0.989241 -108.929343 -0.023864 0.999475 0.013315 -0.709730 0.989077 0.021687 0.144808 119.796822
0.094099 0.016089 -0.995307 -109.264063 -0.022892 0.999488 0.013993 -0.701588 0.995157 0.021470 0.094428 119.791702
0.041746 0.017309 -0.998858 -109.611969 -0.021657 0.999484 0.016416 -0.693782 0.998756 0.020949 0.042101 119.770659
-0.011922 0.019574 -0.999615 -109.972667 -0.018113 0.999492 0.019789 -0.686953 0.999626 0.018345 -0.011567 119.736864
-0.066088 0.021571 -0.997450 -110.342148 -0.014291 0.999487 0.022563 -0.680788 0.997564 0.015748 -0.065759 119.684817
-0.120243 0.023230 -0.992339 -110.723290 -0.009959 0.999490 0.024605 -0.674501 0.992545 0.012843 -0.119971 119.611513
-0.173620 0.024723 -0.984368 -111.117164 -0.006935 0.999472 0.026327 -0.664788 0.984637 0.011399 -0.173385 119.513458
-0.225335 0.025959 -0.973799 -111.522428 -0.004829 0.999444 0.027761 -0.652584 0.974116 0.010959 -0.225120 119.390660
-0.275089 0.027087 -0.960902 -111.936774 -0.001463 0.999434 0.028593 -0.639689 0.961265 0.009273 -0.274936 119.245124
-0.323503 0.028477 -0.945659 -112.358501 0.003510 0.999419 0.028896 -0.628009 0.946064 0.006029 -0.323464 119.077124
-0.370434 0.030139 -0.928229 -112.789144 0.008821 0.999386 0.028931 -0.619462 0.928659 0.002530 -0.370528 118.883274
-0.414510 0.031929 -0.909340 -113.222730 0.013517 0.999333 0.028929 -0.608051 0.909783 -0.000300 -0.414727 118.659124
-0.456129 0.033770 -0.889125 -113.656668 0.017731 0.999269 0.028859 -0.598935 0.889573 -0.002602 -0.456462 118.408329
-0.494482 0.034841 -0.868331 -114.097968 0.020315 0.999223 0.028526 -0.587667 0.868775 -0.003535 -0.494882 118.130038
-0.527859 0.035398 -0.848423 -114.533933 0.021525 0.999196 0.028298 -0.578493 0.848872 -0.003325 -0.528282 117.827003
-0.555713 0.035084 -0.830450 -114.982220 0.021469 0.999202 0.027848 -0.569038 0.830898 -0.002354 -0.556116 117.496414
-0.578061 0.033713 -0.815111 -115.440271 0.020037 0.999253 0.027121 -0.558680 0.815546 -0.000655 -0.578402 117.142938
-0.595344 0.031847 -0.802654 -115.906804 0.018459 0.999316 0.025960 -0.547347 0.803058 0.000639 -0.595623 116.770089
-0.608810 0.031247 -0.792502 -116.386371 0.017270 0.999326 0.026135 -0.536157 0.792915 0.002225 -0.609044 116.379732
-0.619702 0.032194 -0.783979 -116.878260 0.018260 0.999297 0.026603 -0.525500 0.784412 0.002171 -0.619960 115.976141
