1.000000 0.000000 0.000000 0.000000 0.000000 1.000000 0.000000 0.000000 0.000000 0.000000 1.000000 0.000000
0.999933 -0.002828 0.011189 0.017178 0.002816 0.999995 0.001155 -0.006159 -0.011192 -0.001124 0.999936 0.289739
0.999830 -0.004993 0.017634 0.031475 0.004972 0.999985 0.001210 -0.010541 -0.017640 -0.001122 0.999842 0.582791
0.999781 -0.007822 0.019264 0.045284 0.007827 0.999967 -0.000156 -0.012418 -0.019262 0.000307 0.999812 0.883139
0.999814 -0.009436 0.016666 0.055653 0.009467 0.999951 -0.001769 -0.014028 -0.016649 0.001926 0.999857 1.185616
0.999880 -0.012087 0.009459 0.061945 0.012118 0.999919 -0.003253 -0.016312 -0.009419 0.003367 0.999948 1.496603
0.999890 -0.013989 -0.003394 0.061593 0.013971 0.999882 -0.005351 -0.018913 0.003469 0.005303 0.999975 1.816021
0.999685 -0.013389 -0.020538 0.048301 0.013275 0.999881 -0.005660 -0.024391 0.020611 0.005386 0.999758 2.143162
0.999136 -0.009055 -0.040440 0.020526 0.008829 0.999940 -0.005749 -0.029388 0.040489 0.005387 0.999160 2.482876
0.998155 -0.005719 -0.060664 -0.014681 0.005293 0.999973 -0.007169 -0.033443 0.060703 0.006835 0.998144 2.831555
0.996717 -0.005674 -0.081086 -0.057237 0.005053 0.999977 -0.007863 -0.035715 0.081128 0.007427 0.996696 3.191731
0.994718 -0.007238 -0.102665 -0.102836 0.006495 0.999973 -0.007575 -0.037086 0.102715 0.006868 0.994709 3.567240
0.992429 -0.008806 -0.122754 -0.159666 0.008008 0.999968 -0.006988 -0.041202 0.122808 0.005952 0.992437 3.949381
0.990040 -0.007899 -0.140793 -0.230589 0.007040 0.999980 -0.006603 -0.046324 0.140839 0.005546 0.990043 4.342194
0.987672 -0.006795 -0.156596 -0.310194 0.005923 0.999991 -0.006031 -0.052704 0.156631 0.005029 0.987670 4.752517
0.985405 -0.006276 -0.170306 -0.395641 0.005269 0.999993 -0.006363 -0.058665 0.170340 0.005373 0.985397 5.172547
0.983207 -0.007874 -0.182541 -0.484313 0.006659 0.999984 -0.007264 -0.066845 0.182589 0.005926 0.983200 5.601800
0.981294 -0.011686 -0.192360 -0.575070 0.010007 0.999934 -0.009695 -0.074533 0.192455 0.007589 0.981305 6.045401
0.979741 -0.010918 -0.200161 -0.678939 0.008761 0.999924 -0.011660 -0.081953 0.200267 0.009670 0.979721 6.504929
0.978160 -0.010688 -0.207757 -0.788658 0.008045 0.999905 -0.013565 -0.088310 0.207876 0.011596 0.978113 6.976516
0.976393 -0.011421 -0.215874 -0.903637 0.008083 0.999864 -0.016343 -0.100408 0.216024 0.014211 0.976311 7.459825
0.974574 -0.015472 -0.223698 -1.020304 0.011728 0.999799 -0.018057 -0.113067 0.223925 0.014973 0.974519 7.955731
0.972626 -0.021983 -0.231499 -1.139352 0.017976 0.999681 -0.019404 -0.127107 0.231844 0.014710 0.972670 8.465716
0.970503 -0.022636 -0.240184 -1.273974 0.017894 0.999631 -0.021907 -0.143282 0.240583 0.016962 0.970509 8.984315
0.968415 -0.018674 -0.248802 -1.428478 0.012548 0.999612 -0.026190 -0.158130 0.249185 0.022239 0.968231 9.509667
0.966171 -0.015883 -0.257574 -1.587890 0.008661 0.999573 -0.029148 -0.177349 0.257917 0.025930 0.965851 10.046365
0.963822 -0.018518 -0.266051 -1.745963 0.010689 0.999500 -0.030843 -0.200539 0.266479 0.026882 0.963495 10.602202
0.961381 -0.021365 -0.274520 -1.911185 0.012716 0.999396 -0.033245 -0.223010 0.275055 0.028469 0.961033 11.168402
0.959082 -0.021007 -0.282493 -2.090236 0.011359 0.999331 -0.035748 -0.248615 0.283044 0.031075 0.958635 11.741045
0.956701 -0.020382 -0.290523 -2.280753 0.009362 0.999227 -0.039273 -0.276417 0.291085 0.034851 0.956102 12.325757
0.954327 -0.021644 -0.298141 -2.474894 0.008774 0.999015 -0.044439 -0.307592 0.298795 0.039791 0.953527 12.921763
0.952530 -0.023203 -0.303709 -2.676892 0.007749 0.998656 -0.051993 -0.343767 0.304494 0.047169 0.951382 13.525517
0.951203 -0.024005 -0.307770 -2.887624 0.005750 0.998212 -0.060088 -0.383095 0.308649 0.055383 0.949595 14.142335
0.949931 -0.024159 -0.311663 -3.104482 0.002818 0.997666 -0.068747 -0.427681 0.312583 0.064423 0.947736 14.769011
0.948588 -0.023741 -0.315780 -3.329431 -0.000886 0.997026 -0.077623 -0.478138 0.316668 0.073908 0.945694 15.407659
0.947224 -0.023352 -0.319901 -3.559313 -0.003976 0.996466 -0.084512 -0.535834 0.320725 0.081318 0.943726 16.056320
0.945632 -0.021558 -0.324704 -3.800637 -0.008583 0.995856 -0.091115 -0.599647 0.325304 0.088942 0.941470 16.710821
0.944006 -0.020715 -0.329465 -4.047053 -0.011960 0.995283 -0.096846 -0.668745 0.329897 0.095357 0.939243 17.376785
0.942334 -0.018758 -0.334334 -4.300247 -0.016459 0.994684 -0.102199 -0.742777 0.334453 0.101801 0.936953 18.048868
0.940630 -0.016180 -0.339260 -4.565388 -0.020874 0.994288 -0.105295 -0.819983 0.339001 0.106117 0.934848 18.735017
0.938830 -0.015201 -0.344245 -4.837875 -0.023003 0.994095 -0.106631 -0.901300 0.343810 0.108019 0.932868 19.435164
0.936597 -0.014755 -0.350285 -5.116446 -0.023893 0.994164 -0.105762 -0.985849 0.349779 0.107418 0.930714 20.146633
0.934284 -0.014384 -0.356429 -5.403379 -0.024472 0.994309 -0.104273 -1.070849 0.355876 0.106135 0.928548 20.864535
0.931656 -0.014639 -0.363227 -5.697703 -0.024328 0.994496 -0.102482 -1.155623 0.362704 0.104307 0.926108 21.591250
0.928431 -0.013877 -0.371402 -6.003023 -0.024919 0.994781 -0.099464 -1.238836 0.370823 0.101594 0.923182 22.324090
0.925084 -0.011988 -0.379722 -6.318448 -0.025597 0.995314 -0.093783 -1.321097 0.379046 0.096471 0.920386 23.065073
0.921534 -0.008518 -0.388342 -6.647500 -0.028146 0.995713 -0.088632 -1.402232 0.387412 0.092602 0.917291 23.811226
0.917881 -0.004775 -0.396952 -6.986899 -0.031407 0.995962 -0.084604 -1.481967 0.395733 0.090119 0.913976 24.561182
0.914006 -0.003874 -0.405807 -7.335129 -0.032572 0.996072 -0.082870 -1.557825 0.404514 0.088957 0.910240 25.316183
0.909937 -0.004004 -0.414854 -7.692766 -0.033159 0.996098 -0.082344 -1.631403 0.413543 0.088679 0.906202 26.078051
0.906032 -0.004037 -0.423318 -8.064248 -0.033467 0.996189 -0.081132 -1.704452 0.422009 0.087670 0.902392 26.849374
0.902040 -0.003066 -0.431761 -8.443095 -0.034660 0.996277 -0.079487 -1.777380 0.430375 0.086660 0.898526 27.622138
0.898131 -0.003966 -0.439823 -8.833249 -0.033446 0.996490 -0.077285 -1.849516 0.438564 0.084117 0.894798 28.405141
0.894167 -0.003434 -0.447816 -9.236777 -0.032839 0.996811 -0.073214 -1.920479 0.446621 0.080167 0.891161 29.198438
0.890371 -0.001233 -0.455326 -9.655075 -0.033188 0.997194 -0.067599 -1.988094 0.454115 0.075296 0.887790 29.997335
0.886428 -0.001101 -0.462960 -10.081158 -0.031938 0.997505 -0.063524 -2.055173 0.461856 0.071092 0.884138 30.803062
0.882659 -0.002053 -0.470109 -10.520749 -0.030549 0.997665 -0.061713 -2.120285 0.469117 0.068829 0.880490 31.616625
0.879300 -0.002832 -0.476359 -10.973607 -0.029719 0.997747 -0.060790 -2.180451 0.475437 0.067606 0.877189 32.439217
0.876048 -0.002459 -0.482320 -11.439322 -0.029698 0.997856 -0.059027 -2.239486 0.481408 0.066031 0.874049 33.268825
0.872981 -0.003876 -0.487846 -11.916443 -0.027941 0.997973 -0.057929 -2.300690 0.487058 0.064198 0.871054 34.108369
0.870283 -0.005217 -0.492640 -12.403683 -0.026824 0.998009 -0.057955 -2.363146 0.491934 0.063648 0.868355 34.954970
0.868143 -0.006357 -0.496381 -12.912790 -0.026185 0.997986 -0.058578 -2.423687 0.495727 0.063848 0.866176 35.821030
0.866755 -0.006270 -0.498803 -13.427966 -0.026767 0.997943 -0.059057 -2.485789 0.498121 0.064536 0.864753 36.690942
0.866230 -0.006202 -0.499716 -13.935982 -0.026403 0.998008 -0.058153 -2.549235 0.499054 0.063564 0.864287 37.554952
0.866052 -0.005775 -0.500024 -14.455945 -0.025983 0.998109 -0.056530 -2.614729 0.499379 0.061947 0.864213 38.440272
0.865671 -0.007179 -0.500662 -14.978438 -0.024124 0.998183 -0.056023 -2.681267 0.500129 0.060572 0.863875 39.335448
0.865002 -0.009220 -0.501780 -15.511529 -0.022368 0.998172 -0.056899 -2.746857 0.501363 0.060438 0.863166 40.242047
0.863769 -0.011707 -0.503844 -16.048843 -0.019900 0.998198 -0.057310 -2.814081 0.503583 0.059526 0.861934 41.160304
0.862079 -0.012203 -0.506718 -16.594437 -0.018419 0.998336 -0.055379 -2.882071 0.506527 0.057071 0.860374 42.085573
0.859969 -0.011363 -0.510310 -17.150177 -0.017358 0.998564 -0.051486 -2.951722 0.510139 0.053131 0.858490 43.005645
0.857031 -0.011779 -0.515224 -17.706582 -0.014829 0.998803 -0.047501 -3.018877 0.515142 0.048348 0.855783 43.924073
0.852929 -0.012101 -0.521974 -18.270994 -0.013696 0.998909 -0.045538 -3.084541 0.521932 0.045987 0.851787 44.835833
0.847541 -0.015747 -0.530579 -18.842690 -0.011426 0.998825 -0.047895 -3.149473 0.530687 0.046654 0.846321 45.739920
0.841360 -0.019537 -0.540202 -19.420347 -0.009689 0.998678 -0.051209 -3.214029 0.540466 0.048316 0.840016 46.630003
0.835068 -0.020001 -0.549862 -20.012145 -0.009452 0.998707 -0.050682 -3.277144 0.550141 0.047518 0.833756 47.517216
0.829201 -0.016763 -0.558774 -20.618109 -0.010475 0.998945 -0.045513 -3.340784 0.558924 0.043590 0.828109 48.396686
0.823992 -0.012228 -0.566544 -21.237281 -0.013457 0.999098 -0.041136 -3.402894 0.566513 0.041518 0.823043 49.277650
0.819937 -0.012462 -0.572391 -21.863414 -0.014652 0.999014 -0.042739 -3.461501 0.572336 0.043428 0.818906 50.154576
0.816466 -0.014738 -0.577279 -22.493613 -0.015160 0.998818 -0.046941 -3.523787 0.577265 0.047075 0.815237 51.026975
0.813415 -0.017101 -0.581493 -23.124985 -0.017626 0.998411 -0.054018 -3.588916 0.581474 0.054187 0.811787 51.890262
0.810098 -0.018464 -0.586064 -23.763926 -0.017385 0.998335 -0.055483 -3.657847 0.586093 0.055133 0.808394 52.760770
0.806761 -0.016897 -0.590696 -24.414718 -0.016796 0.998558 -0.051504 -3.727725 0.590695 0.051470 0.805280 53.632956
0.803520 -0.014380 -0.595147 -25.065814 -0.016403 0.998811 -0.046278 -3.794104 0.595091 0.046946 0.802303 54.498329
0.800425 -0.012642 -0.599336 -25.716348 -0.016687 0.998934 -0.043356 -3.854787 0.599234 0.044703 0.799338 55.352389
0.797287 -0.012453 -0.603509 -26.373182 -0.017632 0.998894 -0.043904 -3.914350 0.603377 0.045644 0.796162 56.202923
0.793679 -0.013661 -0.608220 -27.034412 -0.017768 0.998815 -0.045620 -3.975952 0.608110 0.047013 0.792473 57.050653
0.789627 -0.016463 -0.613418 -27.696867 -0.016679 0.998718 -0.048274 -4.038348 0.613409 0.048348 0.788310 57.894082
0.785292 -0.017696 -0.618922 -28.370454 -0.015800 0.998715 -0.048601 -4.102626 0.618969 0.047943 0.783974 58.738360
0.780732 -0.017901 -0.624665 -29.053400 -0.015281 0.998769 -0.047721 -4.167916 0.624730 0.046801 0.779466 59.579146
0.775783 -0.017544 -0.630834 -29.744308 -0.015641 0.998812 -0.047014 -4.233686 0.630881 0.046337 0.774544 60.415257
0.770390 -0.018860 -0.637386 -30.446071 -0.015394 0.998770 -0.048160 -4.299166 0.637475 0.046911 0.769102 61.254041
0.764858 -0.020307 -0.643960 -31.150493 -0.014837 0.998726 -0.049117 -4.363254 0.644106 0.047119 0.763537 62.083237
0.759152 -0.021656 -0.650631 -31.865874 -0.014397 0.998685 -0.050038 -4.428490 0.650828 0.047351 0.757798 62.911144
0.753405 -0.023062 -0.657229 -32.587918 -0.014101 0.998630 -0.051206 -4.494925 0.657479 0.047844 0.752004 63.730087
0.747352 -0.024845 -0.664040 -33.323663 -0.013349 0.998580 -0.052384 -4.562784 0.664367 0.048011 0.745915 64.545419
0.741151 -0.026051 -0.670904 -34.074171 -0.012414 0.998583 -0.052489 -4.632398 0.671291 0.047228 0.739736 65.363905
0.734732 -0.025853 -0.677935 -34.837835 -0.011823 0.998672 -0.050898 -4.701322 0.678321 0.045409 0.733409 66.183721
0.728140 -0.026287 -0.684992 -35.610777 -0.011246 0.998709 -0.050281 -4.770428 0.685400 0.044313 0.726864 66.996824
0.721527 -0.028293 -0.691882 -36.390897 -0.009929 0.998680 -0.051194 -4.839826 0.692385 0.043805 0.720252 67.805351
0.714857 -0.030004 -0.698698 -37.185367 -0.009907 0.998584 -0.053018 -4.909200 0.699268 0.044819 0.713506 68.614011
0.708764 -0.029317 -0.704903 -37.987880 -0.011405 0.998564 -0.052998 -4.978674 0.705416 0.045600 0.707374 69.407163
0.703197 -0.028957 -0.710468 -38.806987 -0.011616 0.998602 -0.052197 -5.048874 0.710959 0.044955 0.701841 70.204098
0.698240 -0.028445 -0.715380 -39.633793 -0.012794 0.998602 -0.052194 -5.120837 0.715826 0.045594 0.696855 70.995350
0.693306 -0.029465 -0.720115 -40.466177 -0.012888 0.998540 -0.053265 -5.193762 0.720598 0.046207 0.691872 71.786428
0.687975 -0.031339 -0.725122 -41.303135 -0.013457 0.998380 -0.055916 -5.268841 0.725670 0.048224 0.686402 72.572226
0.682867 -0.033899 -0.729820 -42.154567 -0.013071 0.998231 -0.058596 -5.344270 0.730484 0.049550 0.681179 73.359868
0.677671 -0.034497 -0.734621 -43.015066 -0.013461 0.998186 -0.059291 -5.422121 0.735302 0.050065 0.675941 74.145355
0.672689 -0.034202 -0.739195 -43.892045 -0.012899 0.998270 -0.057928 -5.501917 0.739869 0.048500 0.671049 74.932954
0.667501 -0.034227 -0.743877 -44.771024 -0.012337 0.998326 -0.057006 -5.582940 0.744556 0.047226 0.665930 75.712050
0.662258 -0.035467 -0.748482 -45.659265 -0.011541 0.998300 -0.057517 -5.662425 0.749227 0.046727 0.660696 76.490476
0.657380 -0.036603 -0.752715 -46.556725 -0.010515 0.998299 -0.057728 -5.741936 0.753526 0.045862 0.655850 77.266503
0.652884 -0.037258 -0.756587 -47.463702 -0.009705 0.998318 -0.057537 -5.822426 0.757435 0.044906 0.651398 78.039701
0.648784 -0.038232 -0.760051 -48.383509 -0.008456 0.998331 -0.057436 -5.903839 0.760959 0.043689 0.647354 78.814904
0.644740 -0.041260 -0.763324 -49.308877 -0.005604 0.998277 -0.058693 -5.985748 0.764412 0.042118 0.643375 79.587352
0.640430 -0.046118 -0.766674 -50.232905 -0.002288 0.998097 -0.061950 -6.069086 0.768050 0.041427 0.639081 80.354988
0.635436 -0.050402 -0.770550 -51.165552 0.002125 0.997998 -0.063528 -6.153273 0.772187 0.038729 0.634247 81.122630
0.628538 -0.054004 -0.775944 -52.095354 0.007152 0.997965 -0.063663 -6.241548 0.777782 0.034464 0.627621 81.880574
0.619932 -0.057907 -0.782546 -53.042243 0.012040 0.997868 -0.064303 -6.329836 0.784587 0.030440 0.619290 82.634986
0.610712 -0.058925 -0.789690 -54.004644 0.014719 0.997913 -0.063079 -6.416699 0.791742 0.026898 0.610285 83.380992
0.601801 -0.057384 -0.796614 -54.982696 0.014898 0.998060 -0.060641 -6.504044 0.798532 0.024625 0.601469 84.115173
0.592591 -0.057196 -0.803500 -55.971489 0.014192 0.998072 -0.060580 -6.591143 0.805401 0.024495 0.592243 84.841219
0.582848 -0.058607 -0.810492 -56.968728 0.013198 0.997956 -0.062671 -6.675166 0.812494 0.025829 0.582414 85.558243
0.572599 -0.060824 -0.817602 -57.981534 0.013476 0.997815 -0.064793 -6.764106 0.819744 0.026081 0.572152 86.271170
0.562507 -0.062557 -0.824447 -59.013858 0.013864 0.997713 -0.066244 -6.855697 0.826693 0.025831 0.562073 86.977834
0.552089 -0.063339 -0.831397 -60.067761 0.016598 0.997752 -0.064990 -6.950385 0.833633 0.022079 0.551886 87.682944
0.541501 -0.063409 -0.838325 -61.117824 0.017730 0.997794 -0.064019 -7.044861 0.840525 0.019802 0.541418 88.367163
0.530908 -0.064130 -0.845016 -62.180396 0.017905 0.997759 -0.064473 -7.138220 0.847249 0.019098 0.530856 89.036762
0.520492 -0.065225 -0.851387 -63.248837 0.017201 0.997676 -0.065917 -7.231100 0.853701 0.019663 0.520394 89.687353
0.510309 -0.065670 -0.857495 -64.329463 0.015511 0.997620 -0.067170 -7.325484 0.859858 0.020975 0.510103 90.323479
0.500282 -0.066841 -0.863295 -65.422220 0.014428 0.997521 -0.068872 -7.422996 0.865751 0.021999 0.499995 90.950847
0.490490 -0.066724 -0.868904 -66.524270 0.013264 0.997520 -0.069113 -7.520187 0.871354 0.022373 0.490148 91.569817
0.481559 -0.064633 -0.874043 -67.644073 0.012410 0.997679 -0.066939 -7.619465 0.876333 0.021387 0.481233 92.181422
0.473383 -0.063101 -0.878602 -68.765903 0.012895 0.997814 -0.064716 -7.717511 0.880763 0.019305 0.473155 92.782829
0.465599 -0.063367 -0.882735 -69.891759 0.012945 0.997810 -0.064800 -7.815901 0.884904 0.018743 0.465391 93.371832
0.457838 -0.066501 -0.886554 -71.028881 0.014620 0.997621 -0.067282 -7.913441 0.888916 0.017842 0.457714 93.959012
0.450812 -0.070039 -0.889875 -72.169807 0.017261 0.997408 -0.069758 -8.013711 0.892451 0.016087 0.450845 94.536050
0.444525 -0.072812 -0.892811 -73.314408 0.018206 0.997213 -0.072262 -8.117341 0.895581 0.015867 0.444605 95.104916
0.438907 -0.076446 -0.895281 -74.460840 0.020162 0.996953 -0.075244 -8.225112 0.898304 0.014973 0.439105 95.667876
0.433880 -0.077459 -0.897644 -75.610138 0.022876 0.996918 -0.074969 -8.335238 0.900681 0.011992 0.434307 96.229441
0.429507 -0.074912 -0.899959 -76.761239 0.024596 0.997148 -0.071264 -8.445875 0.902728 0.008472 0.430118 96.780110
0.425551 -0.073017 -0.901986 -77.909945 0.027684 0.997312 -0.067673 -8.552617 0.904504 0.003827 0.426424 97.324558
0.421990 -0.072519 -0.903698 -79.065360 0.029294 0.997354 -0.066356 -8.655940 0.906120 0.001528 0.422994 97.864236
0.418959 -0.072446 -0.905120 -80.211128 0.030916 0.997366 -0.065519 -8.757255 0.907479 -0.000533 0.420088 98.393659
0.416379 -0.071755 -0.906366 -81.354216 0.032817 0.997412 -0.063888 -8.854571 0.908600 -0.003144 0.417648 98.917978
0.413973 -0.070881 -0.907535 -82.496365 0.034401 0.997464 -0.062213 -8.952619 0.909639 -0.005466 0.415354 99.436494
0.411600 -0.072102 -0.908517 -83.632756 0.036980 0.997360 -0.062400 -9.047402 0.910614 -0.007914 0.413173 99.949683
0.409379 -0.072762 -0.909463 -84.775850 0.039530 0.997283 -0.061995 -9.138403 0.911504 -0.010572 0.411137 100.454278
0.407252 -0.072492 -0.910439 -85.913236 0.043287 0.997247 -0.060042 -9.225219 0.912286 -0.014959 0.409263 100.950020
0.404997 -0.071736 -0.911505 -87.011755 0.045140 0.997260 -0.058429 -9.318214 0.913202 -0.017482 0.407119 101.442639
0.403206 -0.073065 -0.912195 -88.103652 0.047568 0.997123 -0.058842 -9.410199 0.913871 -0.019666 0.405515 101.925515
0.401854 -0.074314 -0.912693 -89.192221 0.049018 0.997010 -0.059598 -9.500511 0.914392 -0.020790 0.404288 102.404404
0.401375 -0.075616 -0.912796 -90.257183 0.049066 0.996922 -0.061011 -9.591489 0.914599 -0.020300 0.403843 102.870411
0.401641 -0.076268 -0.912627 -91.314069 0.048262 0.996898 -0.062072 -9.684117 0.914531 -0.019116 0.404067 103.335761
0.403900 -0.076064 -0.911644 -92.360719 0.046196 0.996953 -0.062716 -9.775081 0.913640 -0.016783 0.406175 103.794433
0.408170 -0.076270 -0.909720 -93.402661 0.044231 0.996974 -0.063741 -9.867266 0.911834 -0.014222 0.410301 104.256912
0.413234 -0.076776 -0.907382 -94.424537 0.042970 0.996956 -0.064787 -9.958465 0.909605 -0.012219 0.415271 104.718130
0.419141 -0.076911 -0.904656 -95.445066 0.042519 0.996957 -0.065059 -10.047075 0.906918 -0.011197 0.421132 105.185625
0.426083 -0.075840 -0.901498 -96.461210 0.041591 0.997047 -0.064222 -10.134283 0.903719 -0.010131 0.427977 105.659580
0.434115 -0.074700 -0.897750 -97.464060 0.040509 0.997141 -0.063383 -10.220915 0.899934 -0.008853 0.435900 106.140071
0.442835 -0.074374 -0.893498 -98.460813 0.040368 0.997163 -0.062998 -10.306066 0.895672 -0.008172 0.444585 106.630824
0.452238 -0.074052 -0.888803 -99.451900 0.039800 0.997196 -0.062833 -10.390555 0.890987 -0.006959 0.453922 107.129665
0.462010 -0.074886 -0.883684 -100.429420 0.039073 0.997138 -0.064074 -10.476873 0.885983 -0.004926 0.463622 107.635758
0.472313 -0.076283 -0.878102 -101.397511 0.037277 0.997046 -0.066566 -10.563788 0.880614 -0.001294 0.473769 108.152757
0.483819 -0.077353 -0.871720 -102.354061 0.035878 0.996962 -0.068554 -10.650109 0.874404 0.001891 0.485133 108.676226
0.496108 -0.075601 -0.864940 -103.301564 0.033827 0.997088 -0.067750 -10.738431 0.867573 0.004352 0.497229 109.213027
0.508932 -0.073102 -0.857676 -104.241629 0.032525 0.997271 -0.065701 -10.826342 0.860165 0.005541 0.509929 109.763496
0.521162 -0.070833 -0.850490 -105.163277 0.032030 0.997431 -0.063445 -10.912933 0.852828 0.005823 0.522102 110.326149
0.532944 -0.070329 -0.843201 -106.079316 0.032244 0.997465 -0.062818 -10.998657 0.845509 0.006290 0.533871 110.901996
0.544281 -0.070738 -0.835897 -106.978404 0.032523 0.997432 -0.063233 -11.084460 0.838248 0.007230 0.545193 111.488351
0.555252 -0.071844 -0.828553 -107.860840 0.032886 0.997341 -0.064443 -11.168799 0.831006 0.008534 0.556149 112.079600
0.566110 -0.073539 -0.821017 -108.730216 0.035203 0.997219 -0.065050 -11.254499 0.823547 0.007923 0.567137 112.680587
0.576695 -0.073447 -0.813628 -109.581258 0.035731 0.997225 -0.064697 -11.338269 0.816150 0.008238 0.577731 113.289735
0.587284 -0.071040 -0.806236 -110.419856 0.034845 0.997398 -0.062504 -11.421345 0.808603 0.008614 0.588243 113.902835
0.597162 -0.068266 -0.799189 -111.241341 0.035288 0.997605 -0.058848 -11.503074 0.801317 0.006939 0.598153 114.521326
0.607064 -0.066452 -0.791841 -112.046205 0.034011 0.997712 -0.057656 -11.581134 0.793890 0.008069 0.607952 115.142531
0.617074 -0.066194 -0.784086 -112.833043 0.032534 0.997704 -0.058626 -11.656772 0.786197 0.010667 0.617827 115.759816
0.626532 -0.065854 -0.776579 -113.606819 0.030883 0.997695 -0.059690 -11.731824 0.778751 0.013414 0.627136 116.385773
0.635675 -0.065424 -0.769149 -114.366989 0.031080 0.997719 -0.059182 -11.807430 0.771298 0.013716 0.636273 117.018400
0.644815 -0.063480 -0.761667 -115.123229 0.030991 0.997853 -0.056929 -11.881639 0.763677 0.013103 0.645414 117.658032
0.653565 -0.061743 -0.754317 -115.865742 0.031320 0.997976 -0.054552 -11.954235 0.756189 0.012028 0.654192 118.301347
0.661727 -0.061291 -0.747204 -116.591195 0.031947 0.998008 -0.053573 -12.024720 0.749030 0.011580 0.662383 118.945408
0.669544 -0.060625 -0.740260 -117.303613 0.031095 0.998032 -0.053613 -12.092119 0.742086 0.012878 0.670129 119.589272
0.677041 -0.059767 -0.733480 -118.004128 0.030710 0.998077 -0.052983 -12.157171 0.735268 0.013346 0.677593 120.234474
0.684348 -0.057118 -0.726881 -118.692535 0.030102 0.998244 -0.050102 -12.220756 0.728498 0.012407 0.684884 120.882092
0.691874 -0.054313 -0.719935 -119.369051 0.029218 0.998407 -0.047245 -12.284108 0.721388 0.011653 0.692379 121.530639
0.699267 -0.052804 -0.712865 -120.028131 0.028407 0.998481 -0.046097 -12.345208 0.714252 0.011984 0.699727 122.176009
0.706913 -0.052009 -0.705344 -120.671244 0.027894 0.998516 -0.045673 -12.402306 0.706707 0.012612 0.707337 122.820620
0.714984 -0.049288 -0.697360 -121.299686 0.025615 0.998639 -0.044322 -12.457888 0.698630 0.013827 0.715296 123.462507
0.724104 -0.046593 -0.688076 -121.910679 0.025121 0.998786 -0.041199 -12.511961 0.689193 0.012547 0.724417 124.104446
0.733733 -0.042825 -0.678046 -122.508371 0.023537 0.998965 -0.037626 -12.563981 0.678988 0.011648 0.734005 124.750436
0.744071 -0.040894 -0.666816 -123.090443 0.022107 0.999043 -0.036602 -12.613486 0.667702 0.012494 0.744281 125.395327
0.754243 -0.040099 -0.655347 -123.657000 0.020786 0.999055 -0.037209 -12.661992 0.656243 0.014442 0.754378 126.044581
0.764325 -0.041319 -0.643482 -124.209097 0.021185 0.998978 -0.038985 -12.707566 0.644459 0.016166 0.764434 126.700573
0.774533 -0.040414 -0.631213 -124.751963 0.020925 0.999009 -0.038289 -12.752138 0.632159 0.016448 0.774628 127.366283
0.784958 -0.038756 -0.618299 -125.286944 0.020625 0.999079 -0.036441 -12.798106 0.619170 0.015853 0.785055 128.041704
0.795316 -0.036387 -0.605062 -125.809243 0.020410 0.999193 -0.033265 -12.840850 0.605812 0.014107 0.795439 128.729589
0.805168 -0.035025 -0.591964 -126.320195 0.020888 0.999260 -0.030715 -12.881973 0.592632 0.012365 0.805330 129.429391
0.814471 -0.033532 -0.579182 -126.816460 0.021529 0.999335 -0.027584 -12.921583 0.579753 0.009997 0.814680 130.127918
0.822822 -0.032713 -0.567302 -127.297890 0.022281 0.999378 -0.025314 -12.958053 0.567808 0.008189 0.823070 130.826886
0.830234 -0.033067 -0.556375 -127.768544 0.023984 0.999379 -0.023610 -12.993188 0.556842 0.006257 0.830543 131.534003
0.837043 -0.032850 -0.546087 -128.232535 0.024199 0.999386 -0.023029 -13.026479 0.546540 0.006061 0.837358 132.248035
0.843990 -0.031944 -0.535339 -128.688512 0.023372 0.999409 -0.022791 -13.057725 0.535783 0.006723 0.844274 132.964724
0.850874 -0.030057 -0.524441 -129.138064 0.021944 0.999466 -0.021682 -13.088025 0.524844 0.006940 0.851115 133.689440
0.857331 -0.029081 -0.513874 -129.578795 0.021314 0.999494 -0.021007 -13.119214 0.514256 0.007057 0.857554 134.424110
0.863330 -0.029677 -0.503692 -130.008693 0.022204 0.999477 -0.020834 -13.149075 0.504079 0.006803 0.863576 135.165532
0.868543 -0.031082 -0.494555 -130.432222 0.023427 0.999427 -0.021671 -13.178047 0.494978 0.007236 0.868816 135.915801
0.873037 -0.031592 -0.486553 -130.853397 0.023904 0.999413 -0.022003 -13.207158 0.486993 0.007578 0.873319 136.673496
0.876605 -0.030834 -0.480143 -131.273625 0.023569 0.999438 -0.021155 -13.234658 0.480556 0.007228 0.876879 137.443706
0.879829 -0.029148 -0.474302 -131.691320 0.023587 0.999499 -0.017673 -13.260209 0.474613 0.004362 0.880121 138.223970
0.883102 -0.025001 -0.468412 -132.112008 0.021243 0.999615 -0.013308 -13.284087 0.468600 0.001802 0.883342 139.014637
0.886534 -0.022342 -0.462013 -132.535890 0.019766 0.999677 -0.010419 -13.305401 0.462133 0.000105 0.886742 139.828713
0.889904 -0.019632 -0.455611 -132.959426 0.017885 0.999733 -0.008148 -13.322201 0.455686 -0.000898 0.890071 140.650344
0.893316 -0.017974 -0.448953 -133.382191 0.017166 0.999761 -0.005872 -13.337462 0.448987 -0.002461 0.893465 141.484840
0.896717 -0.016568 -0.442172 -133.801442 0.017065 0.999774 -0.002857 -13.351030 0.442156 -0.004985 0.896854 142.334685
0.900221 -0.016674 -0.434989 -134.218220 0.018127 0.999758 -0.000813 -13.362640 0.434933 -0.007154 0.900363 143.199738
0.903886 -0.016894 -0.427306 -134.633721 0.018834 0.999744 0.000310 -13.373030 0.427227 -0.008328 0.904032 144.078711
0.907675 -0.017640 -0.419155 -135.045790 0.019661 0.999722 0.000500 -13.382172 0.419067 -0.008696 0.907834 144.972213
0.911679 -0.020240 -0.410258 -135.453327 0.022219 0.999670 0.000052 -13.390618 0.410158 -0.009164 0.911892 145.882729
0.915872 -0.021767 -0.400738 -135.858332 0.023315 0.999648 -0.001018 -13.400840 0.400654 -0.008411 0.916119 146.810214
0.920545 -0.022904 -0.389819 -136.256650 0.023642 0.999636 -0.002908 -13.412267 0.389778 -0.006540 0.920813 147.750948
0.926041 -0.021125 -0.376668 -136.650065 0.021416 0.999681 -0.003417 -13.424024 0.376655 -0.004903 0.926264 148.708428
0.932481 -0.017381 -0.360625 -137.037841 0.017903 0.999752 -0.001898 -13.436379 0.360603 -0.004687 0.932630 149.691136
0.939416 -0.013625 -0.342322 -137.410831 0.015014 0.999798 0.001403 -13.448083 0.342267 -0.006458 0.939502 150.695772
0.946402 -0.010322 -0.322626 -137.764659 0.012063 0.999833 0.003394 -13.457322 0.322570 -0.007105 0.946441 151.713766
0.953288 -0.008742 -0.301722 -138.097794 0.010606 0.999845 0.004536 -13.464796 0.301666 -0.007525 0.953306 152.746150
0.959738 -0.007348 -0.280572 -138.411942 0.009521 0.999846 0.006379 -13.469666 0.280511 -0.008794 0.959733 153.805902
0.965743 -0.006390 -0.259204 -138.704954 0.009145 0.999833 0.009416 -13.472757 0.259126 -0.011465 0.965707 154.885018
0.971366 -0.004143 -0.237365 -138.978352 0.007513 0.999815 0.013287 -13.474057 0.237287 -0.014691 0.971272 155.971046
0.976497 -0.001980 -0.215304 -139.229160 0.005958 0.999752 0.017824 -13.469558 0.215236 -0.018689 0.976325 157.079800
0.981122 -0.000023 -0.193133 -139.456788 0.004237 0.999688 0.021399 -13.461886 0.193092 -0.021814 0.980878 158.208799
0.985210 0.001746 -0.171023 -139.666065 0.001988 0.999685 0.021647 -13.451528 0.171026 -0.021668 0.984963 159.356880
0.988750 0.000914 -0.149207 -139.847008 0.002079 0.999720 0.019889 -13.438867 0.149201 -0.019977 0.988539 160.515724
0.991666 0.000932 -0.128388 -140.003822 0.001548 0.999733 0.019202 -13.425646 0.128388 -0.019242 0.991470 161.684524
0.994078 -0.000214 -0.108126 -140.138136 0.002546 0.999685 0.021420 -13.413465 0.108102 -0.021570 0.993837 162.875317
0.996033 0.000319 -0.088286 -140.249754 0.001754 0.999639 0.023377 -13.400483 0.088275 -0.023442 0.995748 164.082087
0.997619 0.000772 -0.068032 -140.340320 0.000905 0.999609 0.024592 -13.384422 0.068037 -0.024597 0.997306 165.310195
0.998797 0.002464 -0.047615 -140.410827 -0.001246 0.999584 0.025543 -13.367899 0.047669 -0.025455 0.998463 166.554065
0.999563 0.002832 -0.027088 -140.451832 -0.002114 0.999558 0.026431 -13.349673 0.027161 -0.026365 0.999207 167.816720
0.999893 0.005093 -0.006671 -140.470716 -0.004914 0.999547 0.026238 -13.330124 0.006809 -0.026205 0.999551 169.084815
0.999813 0.006216 0.013476 -140.465812 -0.006555 0.999554 0.025402 -13.312648 -0.013306 -0.025488 0.999500 170.361878
0.999354 0.006265 0.033050 -140.432605 -0.007038 0.999598 0.023349 -13.295417 -0.032886 -0.023568 0.999091 171.661929
0.998526 0.008337 0.052058 -140.376508 -0.009441 0.999626 0.021035 -13.279459 -0.051861 -0.021497 0.998330 172.965451
0.997333 0.008549 0.071269 -140.294887 -0.009963 0.999648 0.019534 -13.267071 -0.071077 -0.020194 0.997170 174.276425
0.995798 0.008659 0.090180 -140.184785 -0.010209 0.999694 0.016767 -13.257788 -0.090009 -0.017620 0.995686 175.597088
0.993928 0.009508 0.108795 -140.049853 -0.010841 0.999758 0.011682 -13.252921 -0.108661 -0.012792 0.993896 176.923422
0.991782 0.011175 0.126714 -139.890510 -0.011948 0.999797 0.005354 -13.255275 -0.126635 -0.006825 0.991822 178.269333
0.989362 0.012979 0.144263 -139.707827 -0.013199 0.999797 0.000580 -13.263762 -0.144235 -0.002478 0.989439 179.608756
0.986609 0.015186 0.161831 -139.500069 -0.014847 0.999768 -0.003295 -13.280072 -0.161853 0.000848 0.986712 180.961664
0.983500 0.017222 0.179573 -139.267238 -0.016442 0.999730 -0.005818 -13.300616 -0.179637 0.002770 0.983625 182.323872
0.980171 0.016540 0.196987 -139.003425 -0.015798 0.999743 -0.005326 -13.323544 -0.197039 0.002108 0.980289 183.691340
0.976585 0.015636 0.214124 -138.713726 -0.014758 0.999755 -0.005690 -13.348302 -0.214176 0.002397 0.976685 185.058019
0.972728 0.015446 0.231019 -138.397029 -0.013371 0.999734 -0.010536 -13.376658 -0.231139 0.007160 0.972786 186.440093
0.968667 0.016453 0.247428 -138.058660 -0.013258 0.999684 -0.014562 -13.406330 -0.247610 0.010827 0.968690 187.811035
0.964198 0.018516 0.264168 -137.694565 -0.015257 0.999658 -0.014373 -13.442161 -0.264366 0.009829 0.964262 189.198935
0.959170 0.020783 0.281721 -137.303603 -0.017346 0.999619 -0.014682 -13.480646 -0.281944 0.009197 0.959276 190.594242
0.953720 0.024267 0.299384 -136.877937 -0.019962 0.999524 -0.017421 -13.519078 -0.299691 0.010640 0.953864 192.002004
0.948122 0.024564 0.316659 -136.426287 -0.018844 0.999480 -0.021104 -13.563272 -0.317040 0.014044 0.948199 193.392516
0.942184 0.025487 0.333862 -135.949028 -0.018833 0.999442 -0.023144 -13.612232 -0.334293 0.015520 0.942238 194.781060
0.935779 0.025647 0.351402 -135.444790 -0.016847 0.999350 -0.028068 -13.667644 -0.351923 0.020348 0.935704 196.160857
0.928371 0.028560 0.370313 -134.903402 -0.017282 0.999165 -0.033730 -13.729046 -0.371000 0.024917 0.928191 197.553534
0.919387 0.031925 0.391814 -134.325452 -0.018990 0.999020 -0.036838 -13.798891 -0.392643 0.026431 0.919198 198.957478
0.908849 0.034762 0.415444 -133.714964 -0.020958 0.998946 -0.037733 -13.873412 -0.416358 0.025590 0.908725 200.341262
0.896799 0.039357 0.440464 -133.058760 -0.024235 0.998787 -0.039898 -13.951767 -0.441543 0.025109 0.896770 201.727878
0.883871 0.043335 0.465509 -132.369885 -0.026375 0.998608 -0.042880 -14.032933 -0.466766 0.025626 0.883888 203.094412
0.870378 0.046954 0.489937 -131.636458 -0.028191 0.998436 -0.045602 -14.118575 -0.491362 0.025882 0.870445 204.445091
0.856511 0.048123 0.513682 -130.857981 -0.027622 0.998362 -0.047470 -14.208919 -0.515180 0.026473 0.856543 205.784447
0.841955 0.049777 0.537056 -130.045670 -0.027493 0.998271 -0.049419 -14.304012 -0.538646 0.026846 0.841972 207.098910
0.826853 0.051579 0.559863 -129.200810 -0.025713 0.998081 -0.053973 -14.402663 -0.561634 0.030236 0.826696 208.386769
0.811704 0.053550 0.581427 -128.313579 -0.023702 0.997856 -0.058813 -14.508334 -0.583395 0.033962 0.811336 209.657702
0.796541 0.055453 0.601859 -127.398201 -0.022842 0.997701 -0.061692 -14.620342 -0.603964 0.035397 0.796079 210.902996
0.781555 0.056697 0.621083 -126.443661 -0.021108 0.997562 -0.064499 -14.739228 -0.623296 0.037305 0.780947 212.130280
0.766767 0.056947 0.639227 -125.458958 -0.019213 0.997514 -0.065818 -14.859304 -0.641459 0.038191 0.766054 213.335964
0.752548 0.057509 0.655855 -124.416106 -0.017693 0.997452 -0.067157 -14.984553 -0.658122 0.038940 0.751746 214.541482
0.738584 0.057785 0.671515 -123.353500 -0.014851 0.997336 -0.069485 -15.110182 -0.673821 0.041353 0.737573 215.721228
0.724768 0.058962 0.686317 -122.270780 -0.012424 0.997159 -0.072544 -15.239209 -0.688721 0.044057 0.723533 216.872921
0.710816 0.060929 0.700598 -121.159690 -0.009875 0.996884 -0.076676 -15.374715 -0.703161 0.047590 0.709288 218.010201
0.696740 0.062516 0.714459 -120.030759 -0.008323 0.996708 -0.079095 -15.512338 -0.717129 0.049169 0.695051 219.120519
0.682340 0.063252 0.728164 -118.879714 -0.007372 0.996672 -0.079666 -15.653953 -0.730857 0.048997 0.680618 220.209430
0.667047 0.064341 0.742111 -117.711162 -0.007682 0.996687 -0.079505 -15.796367 -0.744844 0.047338 0.665409 221.272556
0.650728 0.065510 0.756362 -116.527662 -0.009966 0.996805 -0.077760 -15.941047 -0.759116 0.043068 0.649378 222.311652
0.634110 0.066508 0.770259 -115.328362 -0.012385 0.996921 -0.075881 -16.085802 -0.773014 0.038581 0.633056 223.317523
0.617339 0.068437 0.783598 -114.119308 -0.015227 0.996942 -0.075072 -16.229883 -0.786421 0.034417 0.616567 224.291250
0.600559 0.071477 0.796262 -112.898053 -0.016146 0.996755 -0.077295 -16.375551 -0.799288 0.033568 0.599838 225.231008
0.583439 0.075027 0.808570 -111.679155 -0.018492 0.996573 -0.079127 -16.520828 -0.811821 0.031217 0.582897 226.130628
0.565267 0.075119 0.821366 -110.439316 -0.018644 0.996632 -0.078316 -16.668936 -0.824571 0.028959 0.564833 226.999403
0.545544 0.074213 0.834677 -109.189944 -0.019772 0.996812 -0.075704 -16.813881 -0.837724 0.024800 0.545340 227.834745
0.525347 0.072432 0.847693 -107.926839 -0.019954 0.997026 -0.072824 -16.954911 -0.850537 0.021345 0.525293 228.636126
0.504972 0.071151 0.860092 -106.654691 -0.020656 0.997188 -0.070363 -17.092274 -0.862771 0.017767 0.505083 229.400539
0.484626 0.070108 0.871801 -105.384100 -0.019964 0.997289 -0.069100 -17.224634 -0.874376 0.016085 0.484771 230.122079
0.464230 0.069688 0.882863 -104.108696 -0.019541 0.997341 -0.068448 -17.356821 -0.885382 0.014525 0.464416 230.807158
0.444329 0.068757 0.893111 -102.846642 -0.017215 0.997395 -0.068219 -17.482362 -0.895577 0.014939 0.444414 231.446019
0.424384 0.069058 0.902734 -101.567550 -0.015000 0.997358 -0.069244 -17.608353 -0.905236 0.015847 0.424356 232.056152
0.404520 0.068282 0.911862 -100.289477 -0.011147 0.997371 -0.069738 -17.732472 -0.914336 0.018048 0.404274 232.628421
0.384534 0.066310 0.920612 -99.004373 -0.009423 0.997514 -0.067911 -17.856072 -0.922938 0.017442 0.384257 233.171735
0.364664 0.066148 0.928673 -97.733364 -0.008603 0.997537 -0.067674 -17.977802 -0.930975 0.016691 0.364386 233.680297
0.345489 0.070817 0.935633 -96.461630 -0.008949 0.997216 -0.072172 -18.100813 -0.938255 0.016563 0.345211 234.158550
0.327008 0.079891 0.941526 -95.187126 -0.009867 0.996520 -0.081129 -18.229991 -0.944846 0.017242 0.326706 234.607321
0.308489 0.087528 0.947078 -93.902891 -0.011791 0.995896 -0.088198 -18.366509 -0.951030 0.016043 0.308301 235.032131
0.289568 0.091526 0.952654 -92.625492 -0.014262 0.995579 -0.091313 -18.509859 -0.956923 0.012857 0.289638 235.430073
0.270271 0.092867 0.958178 -91.347275 -0.016948 0.995501 -0.091703 -18.655535 -0.962508 0.008547 0.270671 235.803061
0.251092 0.093191 0.963344 -90.062555 -0.020740 0.995498 -0.090894 -18.800388 -0.967608 0.002844 0.251936 236.150760
0.232264 0.093624 0.968013 -88.800897 -0.022499 0.995459 -0.090879 -18.941300 -0.972259 -0.000671 0.233355 236.467623
0.213684 0.092215 0.972416 -87.544548 -0.022773 0.995584 -0.089407 -19.078927 -0.976502 -0.003041 0.214877 236.756062
0.195374 0.092325 0.976249 -86.305199 -0.022906 0.995567 -0.089566 -19.213830 -0.980327 -0.004863 0.196658 237.017202
0.177261 0.093051 0.979628 -85.076136 -0.022214 0.995491 -0.090537 -19.346320 -0.983776 -0.005713 0.178561 237.250468
0.158499 0.096617 0.982492 -83.852532 -0.026053 0.995108 -0.093653 -19.480698 -0.986877 -0.010754 0.160272 237.466074
0.140113 0.098513 0.985090 -82.627333 -0.026154 0.994899 -0.095773 -19.614912 -0.989647 -0.012347 0.142003 237.654827
0.123370 0.095707 0.987607 -81.392529 -0.026500 0.995146 -0.093126 -19.753936 -0.991870 -0.014684 0.125333 237.819108
0.108161 0.091260 0.989823 -80.125530 -0.024500 0.995580 -0.089112 -19.893294 -0.993708 -0.014613 0.109940 237.971166
0.094425 0.087222 0.991593 -78.933143 -0.024049 0.995925 -0.085312 -20.020721 -0.995119 -0.015793 0.096157 238.091337
0.082084 0.083908 0.992976 -77.751851 -0.021971 0.996220 -0.082365 -20.143882 -0.996261 -0.015058 0.083636 238.195208
0.071774 0.084116 0.993760 -76.590607 -0.021475 0.996201 -0.082771 -20.263956 -0.997071 -0.015402 0.073324 238.285181
0.063440 0.086457 0.994124 -75.435358 -0.021761 0.995986 -0.085229 -20.383875 -0.997628 -0.016228 0.065082 238.366401
0.056859 0.088211 0.994377 -74.295298 -0.022923 0.995812 -0.087027 -20.502438 -0.998008 -0.017848 0.058657 238.440214
0.051180 0.092429 0.994303 -73.172121 -0.023333 0.995417 -0.091330 -20.624857 -0.998306 -0.018528 0.053115 238.505454
0.046062 0.101069 0.993712 -72.060462 -0.022535 0.994591 -0.100113 -20.750526 -0.998574 -0.017783 0.048103 238.564530
0.041339 0.103728 0.993641 -70.969260 -0.024260 0.994274 -0.102784 -20.870870 -0.998736 -0.019859 0.043631 238.621191
0.037928 0.095254 0.994631 -69.871287 -0.022919 0.995139 -0.094428 -20.996240 -0.998908 -0.019217 0.039939 238.669112
0.035643 0.085495 0.995604 -68.787745 -0.021556 0.996042 -0.084760 -21.112794 -0.999025 -0.018442 0.037356 238.712714
0.034455 0.081781 0.995962 -67.711403 -0.020722 0.996369 -0.081096 -21.221206 -0.999088 -0.017846 0.036036 238.757188
0.034540 0.083826 0.995784 -66.649731 -0.021414 0.996182 -0.083116 -21.326523 -0.999064 -0.018455 0.036215 238.803755
0.035023 0.086910 0.995502 -65.593482 -0.020704 0.995934 -0.086218 -21.433844 -0.999063 -0.017593 0.036691 238.852273
0.036727 0.089458 0.995215 -64.549364 -0.023091 0.995668 -0.088645 -21.542426 -0.998949 -0.019727 0.038645 238.904079
0.038793 0.090171 0.995071 -63.513780 -0.025157 0.995565 -0.089234 -21.651961 -0.998820 -0.021573 0.040901 238.958123
0.042024 0.091933 0.994777 -62.490566 -0.026088 0.995389 -0.090886 -21.758959 -0.998663 -0.022135 0.044241 239.011948
0.045662 0.093039 0.994512 -61.475062 -0.028512 0.995237 -0.091797 -21.867696 -0.998435 -0.024166 0.048111 239.073582
0.050555 0.094369 0.994155 -60.464775 -0.030007 0.995093 -0.092931 -21.973289 -0.998161 -0.025136 0.053152 239.136751
0.056794 0.093535 0.993899 -59.461647 -0.030885 0.995164 -0.091888 -22.078355 -0.997800 -0.025481 0.059422 239.205950
0.063442 0.092156 0.993627 -58.461091 -0.029794 0.995334 -0.090412 -22.185344 -0.997434 -0.023871 0.065907 239.279094
0.070760 0.091414 0.993201 -57.466925 -0.027723 0.995463 -0.089646 -22.290481 -0.997001 -0.021194 0.072989 239.354475
0.078123 0.092372 0.992557 -56.484869 -0.026499 0.995411 -0.090551 -22.393393 -0.996481 -0.019230 0.080229 239.436978
0.085032 0.092223 0.992003 -55.499068 -0.026955 0.995427 -0.090230 -22.495780 -0.995902 -0.019069 0.087147 239.530457
0.091642 0.091201 0.991505 -54.515945 -0.027973 0.995507 -0.088983 -22.598044 -0.995284 -0.019583 0.093800 239.632816
0.098263 0.089143 0.991056 -53.537230 -0.028746 0.995684 -0.086709 -22.699078 -0.994629 -0.019971 0.100422 239.742296
0.104887 0.087671 0.990510 -52.559618 -0.028770 0.995824 -0.085094 -22.799927 -0.993953 -0.019574 0.106992 239.858656
0.111655 0.088234 0.989720 -51.592859 -0.028994 0.995783 -0.085502 -22.898379 -0.993209 -0.019152 0.113763 239.978753
0.118529 0.090401 0.988725 -50.630350 -0.028437 0.995615 -0.087621 -22.996676 -0.992428 -0.017733 0.120602 240.102956
0.125125 0.091925 0.987766 -49.669025 -0.028368 0.995486 -0.089049 -23.093663 -0.991615 -0.016881 0.127191 240.234394
0.131533 0.093839 0.986750 -48.711876 -0.030283 0.995285 -0.090613 -23.194543 -0.990726 -0.017965 0.133779 240.374897
0.137905 0.094529 0.985810 -47.757278 -0.032373 0.995189 -0.090899 -23.293627 -0.989789 -0.019380 0.140327 240.523008
0.144680 0.094251 0.984858 -46.808872 -0.032999 0.995208 -0.090393 -23.393222 -0.988794 -0.019424 0.147124 240.674662
0.150907 0.091969 0.984141 -45.860722 -0.033936 0.995409 -0.087818 -23.492643 -0.987832 -0.020148 0.153364 240.833407
