1.000000 0.000000 0.000000 0.000000 0.000000 1.000000 0.000000 0.000000 0.000000 0.000000 1.000000 0.000000
0.999876 0.001516 0.015759 0.010826 -0.001501 0.999999 -0.000955 -0.001445 -0.015760 0.000932 0.999876 0.126946
0.999307 0.004414 0.037125 0.028066 -0.004397 0.999996 -0.000534 -0.002311 -0.037127 0.000370 0.999316 0.271604
0.997928 0.005980 0.064191 0.057081 -0.006045 0.999990 0.000806 -0.003158 -0.064185 -0.001192 0.997945 0.431200
0.995163 0.005579 0.098219 0.100865 -0.005902 0.999992 0.003002 -0.003808 -0.098200 -0.003567 0.995174 0.604830
0.990698 0.002380 0.136198 0.162323 -0.003090 1.000002 0.004998 -0.004418 -0.136184 -0.005372 0.990688 0.787082
0.984486 -0.000605 0.175599 0.238351 -0.000340 1.000009 0.005351 -0.004032 -0.175600 -0.005328 0.984472 0.982893
0.975659 -0.000544 0.219390 0.321848 -0.000887 1.000000 0.006421 -0.001090 -0.219389 -0.006459 0.975638 1.190842
0.963564 -0.000355 0.267538 0.418780 -0.002206 0.999971 0.009272 0.003260 -0.267530 -0.009524 0.963520 1.409895
0.949071 -0.004224 0.315080 0.541299 -0.001000 0.999879 0.016416 0.002813 -0.315107 -0.015895 0.948939 1.637967
0.932149 -0.013558 0.361850 0.695410 0.005122 0.999703 0.024263 0.001096 -0.362068 -0.020763 0.931932 1.863017
0.910760 -0.018719 0.412535 0.828229 0.007588 0.999571 0.028603 -0.001558 -0.412890 -0.022919 0.910502 2.053158
0.885336 -0.019963 0.464521 0.990837 0.005420 0.999451 0.032622 0.002409 -0.464918 -0.026363 0.884960 2.275937
0.856907 -0.022135 0.514971 1.173342 0.003493 0.999290 0.037141 0.006784 -0.515435 -0.030028 0.856387 2.494680
0.824529 -0.027079 0.565141 1.365641 0.004336 0.999109 0.041545 0.006969 -0.565773 -0.031805 0.823926 2.697793
0.788327 -0.032454 0.614369 1.592840 0.006232 0.998957 0.044774 0.012533 -0.615194 -0.031468 0.787723 2.911565
0.750069 -0.036394 0.660324 1.838142 0.006752 0.998831 0.047381 0.019876 -0.661292 -0.031081 0.749455 3.122021
0.709889 -0.039429 0.703174 2.106560 0.007588 0.998775 0.048343 0.030933 -0.704237 -0.028983 0.709337 3.331088
0.667708 -0.041029 0.743256 2.404483 0.006470 0.998734 0.049320 0.047267 -0.744359 -0.028123 0.667147 3.545531
0.624878 -0.041013 0.779607 2.727951 0.001417 0.998647 0.051401 0.063478 -0.780684 -0.031015 0.624109 3.763734
0.583014 -0.041687 0.811353 3.078496 -0.001492 0.998594 0.052380 0.080589 -0.812422 -0.031749 0.582151 3.975875
0.542683 -0.042882 0.838801 3.456293 -0.003447 0.998538 0.053279 0.098141 -0.839889 -0.031806 0.541761 4.182551
0.503985 -0.045008 0.862494 3.861080 -0.005004 0.998432 0.055026 0.115315 -0.863652 -0.032049 0.502989 4.386054
0.466689 -0.044723 0.883237 4.287847 -0.007999 0.998418 0.054781 0.133410 -0.884332 -0.032633 0.465615 4.582860
0.430102 -0.044003 0.901655 4.746139 -0.008958 0.998506 0.053003 0.153706 -0.902683 -0.030875 0.429086 4.774989
0.396558 -0.042570 0.916971 5.232669 -0.007671 0.998687 0.049681 0.176572 -0.917926 -0.026737 0.395730 4.957725
0.366903 -0.040768 0.929314 5.747939 -0.005546 0.998876 0.046010 0.199648 -0.930191 -0.022036 0.366282 5.136870
0.341488 -0.038880 0.939031 6.289985 -0.004330 0.999019 0.042939 0.223509 -0.939825 -0.018730 0.341002 5.315868
0.321285 -0.038264 0.946160 6.858658 -0.003167 0.999086 0.041480 0.247077 -0.946927 -0.016324 0.320886 5.495611
0.306670 -0.038823 0.950978 7.454376 -0.002165 0.999089 0.041486 0.269891 -0.951765 -0.014782 0.306323 5.677724
0.295192 -0.040321 0.954545 8.077409 -0.001144 0.999049 0.042555 0.292141 -0.955392 -0.013654 0.294880 5.862757
0.284281 -0.042164 0.957774 8.726105 -0.002424 0.998956 0.044697 0.316423 -0.958696 -0.015029 0.283895 6.052850
0.273761 -0.043887 0.960764 9.397999 -0.003774 0.998866 0.046703 0.342265 -0.961757 -0.016411 0.273296 6.242828
0.263672 -0.045647 0.963505 10.093557 -0.004637 0.998777 0.048588 0.369889 -0.964572 -0.017279 0.263147 6.431977
0.253524 -0.047462 0.966127 10.809285 -0.005591 0.998666 0.050528 0.399282 -0.967274 -0.018212 0.252932 6.617780
0.243114 -0.048981 0.968720 11.548406 -0.005752 0.998590 0.051935 0.430230 -0.969939 -0.018199 0.242501 6.801635
0.232798 -0.050251 0.971185 12.305465 -0.005857 0.998529 0.053070 0.462547 -0.972466 -0.018044 0.232173 6.980917
0.222334 -0.053040 0.973481 13.077995 -0.007219 0.998352 0.056045 0.496768 -0.974897 -0.019489 0.221597 7.156403
0.210996 -0.056655 0.975797 13.862785 -0.009024 0.998112 0.059902 0.532306 -0.977397 -0.021445 0.210099 7.327141
0.198923 -0.060525 0.978098 14.656589 -0.009929 0.997864 0.063768 0.567952 -0.979917 -0.022398 0.197908 7.486663
0.185981 -0.062776 0.980499 15.453551 -0.010869 0.997712 0.065940 0.604330 -0.982445 -0.022922 0.184884 7.635944
0.171929 -0.063300 0.983025 16.255230 -0.011326 0.997687 0.066226 0.642018 -0.984995 -0.022521 0.170825 7.774772
0.157536 -0.062290 0.985493 17.064231 -0.012685 0.997740 0.065093 0.680712 -0.987377 -0.022757 0.156401 7.902611
0.140959 -0.061212 0.988072 17.879742 -0.013273 0.997825 0.063710 0.719366 -0.989876 -0.022096 0.139849 8.016325
0.120448 -0.059607 0.990883 18.700614 -0.015938 0.997899 0.061967 0.755871 -0.992545 -0.023258 0.119252 8.115755
0.094895 -0.058292 0.993734 19.532183 -0.020436 0.997908 0.060489 0.791673 -0.995231 -0.026049 0.093512 8.194537
0.064621 -0.057791 0.996186 20.370768 -0.024332 0.997879 0.059468 0.827261 -0.997562 -0.028083 0.063083 8.246141
0.031449 -0.057687 0.997791 21.212986 -0.027492 0.997851 0.058558 0.860127 -0.999077 -0.029274 0.029799 8.268284
-0.002974 -0.057121 0.998314 22.053570 -0.029066 0.997896 0.057011 0.890461 -0.999523 -0.028848 -0.004626 8.260283
-0.036904 -0.055945 0.997702 22.895619 -0.029977 0.997989 0.054853 0.919706 -0.998818 -0.027885 -0.038507 8.222624
-0.069639 -0.054013 0.996059 23.734926 -0.031974 0.998086 0.051888 0.947610 -0.997009 -0.028236 -0.071235 8.159230
-0.102043 -0.051171 0.993414 24.572837 -0.034211 0.998211 0.047904 0.971625 -0.994141 -0.029099 -0.103615 8.069561
-0.134386 -0.046597 0.989784 25.408261 -0.031166 0.998544 0.042778 0.992527 -0.990389 -0.025100 -0.135649 7.945392
-0.165809 -0.040627 0.985272 26.239264 -0.025741 0.998935 0.036859 1.009944 -0.985772 -0.019251 -0.166686 7.788732
-0.196247 -0.034228 0.979910 27.066215 -0.019412 0.999278 0.031017 1.023423 -0.980314 -0.012935 -0.196778 7.606977
-0.225080 -0.028535 0.973874 27.889381 -0.013397 0.999514 0.026190 1.031529 -0.974199 -0.007153 -0.225363 7.399866
-0.252793 -0.022460 0.967211 28.706198 -0.004893 0.999694 0.021936 1.035462 -0.967458 0.000813 -0.252837 7.165271
-0.278917 -0.012018 0.960186 29.512658 0.001009 0.999860 0.012808 1.031572 -0.960260 0.004542 -0.278880 6.912718
-0.304134 0.003568 0.952582 30.302252 0.005757 0.999936 -0.001907 1.018607 -0.952570 0.004904 -0.304147 6.645615
-0.328729 0.020967 0.944152 31.080938 0.006861 0.999742 -0.019812 0.998766 -0.944360 -0.000035 -0.328799 6.364036
-0.353872 0.035967 0.934566 31.850448 0.007227 0.999301 -0.035721 0.968878 -0.935229 -0.005887 -0.353894 6.066191
-0.378226 0.046485 0.924510 32.610030 0.011151 0.998862 -0.045661 0.925749 -0.925611 -0.006961 -0.378324 5.745060
-0.401615 0.050560 0.914378 33.362453 0.014183 0.998667 -0.048991 0.874295 -0.915664 -0.006706 -0.401807 5.402884
-0.424000 0.050277 0.904230 34.112049 0.017845 0.998695 -0.047162 0.821867 -0.905450 -0.003861 -0.424356 5.041540
-0.444165 0.045991 0.894726 34.843687 0.021313 0.998907 -0.040765 0.770063 -0.895653 0.000963 -0.444673 4.667064
-0.461729 0.044938 0.885843 35.558407 0.029177 0.998910 -0.035465 0.721787 -0.886502 0.009472 -0.462551 4.276498
-0.475479 0.045279 0.878523 36.263425 0.031356 0.998878 -0.034511 0.675438 -0.879129 0.011138 -0.476380 3.884881
-0.486597 0.049492 0.872186 36.961260 0.035333 0.998658 -0.036956 0.630543 -0.872874 0.012835 -0.487707 3.487882
-0.496321 0.051981 0.866546 37.652264 0.036148 0.998545 -0.039195 0.584897 -0.867350 0.011871 -0.497491 3.086462
-0.507032 0.051372 0.860359 38.340235 0.030224 0.998637 -0.041816 0.536353 -0.861361 0.004802 -0.507908 2.687501
-0.518166 0.049961 0.853784 39.023867 0.029636 0.998710 -0.040455 0.489608 -0.854731 0.004341 -0.518992 2.277113
-0.526763 0.051283 0.848428 39.695686 0.031568 0.998639 -0.040763 0.445702 -0.849390 0.005311 -0.527679 1.852188
-0.533939 0.054354 0.843737 40.379064 0.034679 0.998468 -0.042376 0.398790 -0.844774 0.006635 -0.535021 1.413992
-0.537394 0.057275 0.841346 41.071377 0.035755 0.998309 -0.045121 0.354544 -0.842535 0.005835 -0.538549 0.972071
-0.536995 0.059555 0.841443 41.778486 0.035605 0.998183 -0.047925 0.309401 -0.842795 0.004224 -0.538155 0.520138
-0.533630 0.059835 0.843560 42.501685 0.037645 0.998152 -0.046986 0.261911 -0.844840 0.006684 -0.534912 0.062583
-0.527715 0.058720 0.847349 43.242686 0.035751 0.998224 -0.046910 0.211651 -0.848628 0.005539 -0.528893 -0.392770
-0.520770 0.057380 0.851724 44.000639 0.033552 0.998306 -0.046740 0.162226 -0.852994 0.004237 -0.521830 -0.847561
-0.513576 0.056934 0.856112 44.776790 0.031887 0.998338 -0.047263 0.111882 -0.857410 0.003026 -0.514554 -1.305854
-0.507208 0.055509 0.859994 45.570728 0.028901 0.998422 -0.047398 0.059792 -0.861298 0.000814 -0.508028 -1.765031
-0.502960 0.053183 0.862638 46.383959 0.024430 0.998551 -0.047318 0.007367 -0.863930 -0.002724 -0.503543 -2.226763
-0.501605 0.050474 0.863590 47.211605 0.020162 0.998678 -0.046658 -0.046084 -0.864828 -0.005992 -0.501972 -2.694103
-0.502062 0.047851 0.863473 48.052464 0.016804 0.998789 -0.045578 -0.100463 -0.864634 -0.008373 -0.502271 -3.170866
-0.502976 0.046811 0.862994 48.904348 0.015692 0.998828 -0.045032 -0.155487 -0.864119 -0.009108 -0.503136 -3.658568
-0.503436 0.046036 0.862767 49.767175 0.015405 0.998865 -0.044308 -0.210107 -0.863856 -0.009016 -0.503589 -4.155956
-0.503578 0.045603 0.862706 50.639512 0.015367 0.998886 -0.043831 -0.265597 -0.863773 -0.008815 -0.503733 -4.660325
-0.503665 0.044756 0.862709 51.520846 0.015484 0.998937 -0.042783 -0.321187 -0.863730 -0.008190 -0.503834 -5.169409
-0.503831 0.044492 0.862627 52.411151 0.015011 0.998947 -0.042755 -0.378362 -0.863643 -0.008593 -0.503979 -5.683190
-0.504034 0.042860 0.862592 53.306124 0.013129 0.999008 -0.041966 -0.436494 -0.863556 -0.009828 -0.504108 -6.197621
-0.504025 0.042187 0.862628 54.199873 0.012601 0.999032 -0.041495 -0.496300 -0.863566 -0.010044 -0.504080 -6.712557
-0.503472 0.041450 0.862996 55.090142 0.011300 0.999061 -0.041393 -0.555535 -0.863917 -0.011088 -0.503474 -7.223394
-0.502195 0.039933 0.863809 55.979257 0.010872 0.999126 -0.039867 -0.614918 -0.864663 -0.010630 -0.502198 -7.731769
-0.500109 0.037810 0.865111 56.869657 0.011095 0.999222 -0.037257 -0.674721 -0.865865 -0.009034 -0.500149 -8.241105
-0.497676 0.036333 0.866575 57.756863 0.011307 0.999286 -0.035403 -0.732758 -0.867262 -0.007821 -0.497741 -8.744856
-0.495366 0.036137 0.867903 58.645089 0.011423 0.999294 -0.035087 -0.787535 -0.868580 -0.007467 -0.495439 -9.244185
-0.493268 0.036431 0.869085 59.533860 0.011673 0.999284 -0.035263 -0.842440 -0.869770 -0.007249 -0.493351 -9.743502
-0.492380 0.036955 0.869566 60.419534 0.011493 0.999262 -0.035958 -0.897686 -0.870275 -0.007711 -0.492452 -10.238322
-0.493248 0.038304 0.869015 61.302309 0.010753 0.999196 -0.037938 -0.954542 -0.869792 -0.009369 -0.493275 -10.731927
-0.496159 0.040086 0.867275 62.177221 0.009436 0.999097 -0.040780 -1.013029 -0.868149 -0.012050 -0.496101 -11.225346
-0.500698 0.040551 0.864635 63.049034 0.008153 0.999047 -0.042133 -1.071967 -0.865547 -0.014046 -0.500565 -11.721851
-0.506170 0.039174 0.861502 63.913910 0.009466 0.999124 -0.039870 -1.130446 -0.862340 -0.012026 -0.506113 -12.225515
-0.511555 0.036813 0.858416 64.776029 0.010592 0.999237 -0.036539 -1.189133 -0.859140 -0.009599 -0.511573 -12.737850
-0.516866 0.034350 0.855331 65.633026 0.007807 0.999303 -0.035414 -1.246069 -0.855985 -0.011626 -0.516792 -13.247320
-0.521851 0.037675 0.852156 66.479969 0.009814 0.999182 -0.038165 -1.300633 -0.852932 -0.011554 -0.521814 -13.763138
-0.526872 0.039266 0.848989 67.317289 0.010229 0.999111 -0.039860 -1.355716 -0.849834 -0.012317 -0.526825 -14.278218
-0.531662 0.040267 0.845952 68.144433 0.008968 0.999040 -0.041918 -1.413608 -0.846863 -0.014700 -0.531532 -14.788155
-0.535396 0.040208 0.843595 68.971290 0.007530 0.999012 -0.042836 -1.472841 -0.844519 -0.016583 -0.535190 -15.304995
-0.538726 0.039627 0.841498 69.789742 0.008620 0.999056 -0.041527 -1.530562 -0.842387 -0.015118 -0.538581 -15.825003
-0.541020 0.032909 0.840312 70.611756 0.009578 0.999364 -0.032971 -1.582338 -0.840902 -0.009789 -0.541014 -16.353228
-0.543127 0.024109 0.839245 71.435237 0.009029 0.999646 -0.022873 -1.633626 -0.839543 -0.004845 -0.543178 -16.882290
-0.544630 0.022830 0.838304 72.246185 0.010401 0.999683 -0.020467 -1.678448 -0.838551 -0.002427 -0.544721 -17.405075
-0.545765 0.027249 0.837435 73.049590 0.010028 0.999560 -0.025988 -1.716748 -0.837819 -0.005785 -0.545824 -17.922245
-0.546915 0.033899 0.836440 73.846505 0.012207 0.999344 -0.032519 -1.761063 -0.837038 -0.007575 -0.546997 -18.440432
-0.547182 0.037684 0.836104 74.641921 0.017670 0.999230 -0.033471 -1.806158 -0.836766 -0.003541 -0.547453 -18.965806
-0.546945 0.038998 0.836197 75.436681 0.021175 0.999185 -0.032748 -1.856494 -0.836838 -0.000205 -0.547353 -19.491446
-0.546465 0.035467 0.836669 76.233661 0.019658 0.999318 -0.029522 -1.901858 -0.837191 0.000315 -0.546816 -20.009272
-0.545740 0.030706 0.837324 77.029462 0.018322 0.999468 -0.024710 -1.940473 -0.837687 0.001857 -0.546041 -20.523438
-0.544926 0.023930 0.838074 77.825289 0.015073 0.999651 -0.018743 -1.981107 -0.838281 0.002419 -0.545126 -21.033776
-0.544426 0.018235 0.838540 78.624446 0.006582 0.999765 -0.017467 -2.018395 -0.838713 -0.003991 -0.544449 -21.533213
-0.542889 0.013076 0.839630 79.423542 -0.000890 0.999807 -0.016145 -2.047985 -0.839732 -0.009512 -0.542804 -22.030528
-0.540766 0.013922 0.840986 80.219858 0.002522 0.999823 -0.014928 -2.081431 -0.841098 -0.005952 -0.540737 -22.542121
-0.537521 0.017229 0.843000 81.010817 0.006539 0.999782 -0.016263 -2.116933 -0.843151 -0.003229 -0.537549 -23.049519
-0.532152 0.020471 0.846320 81.802751 0.008790 0.999717 -0.018654 -2.147664 -0.846522 -0.002487 -0.532217 -23.543769
-0.524237 0.022771 0.851178 82.595945 0.013928 0.999660 -0.018165 -2.181092 -0.851369 0.002333 -0.524414 -24.037443
-0.515973 0.026125 0.856114 83.392648 0.021472 0.999535 -0.017560 -2.219331 -0.856244 0.009323 -0.516333 -24.525329
-0.506070 0.025067 0.862035 84.198545 0.018724 0.999580 -0.018074 -2.249443 -0.862197 0.006995 -0.506365 -24.992047
-0.495121 0.022876 0.868431 85.009065 0.016748 0.999637 -0.016783 -2.279296 -0.868571 0.006236 -0.495363 -25.443450
-0.483435 0.019665 0.875061 85.823290 0.017098 0.999681 -0.013019 -2.311345 -0.875115 0.008669 -0.483657 -25.889198
-0.472305 0.018941 0.881133 86.642946 0.016747 0.999692 -0.012513 -2.342761 -0.881177 0.008847 -0.472517 -26.321473
-0.460439 0.018204 0.887400 87.462970 0.017331 0.999689 -0.011515 -2.368328 -0.887418 0.010079 -0.460652 -26.739481
-0.448355 0.019292 0.893545 88.286318 0.018853 0.999655 -0.012122 -2.397654 -0.893555 0.011413 -0.448603 -27.149953
-0.436265 0.023240 0.899416 89.114373 0.018759 0.999590 -0.016728 -2.434595 -0.899521 0.009575 -0.436560 -27.545568
-0.424552 0.032673 0.904715 89.939849 0.021622 0.999338 -0.025943 -2.464870 -0.905047 0.008549 -0.425014 -27.929884
-0.411862 0.037379 0.910381 90.767541 0.021332 0.999188 -0.031374 -2.499148 -0.910898 0.006500 -0.412361 -28.299469
-0.400410 0.033943 0.915606 91.614851 0.019940 0.999305 -0.028326 -2.541947 -0.916018 0.006916 -0.400844 -28.659565
-0.388657 0.030294 0.920783 92.462399 0.018541 0.999418 -0.025054 -2.585206 -0.921094 0.007336 -0.389027 -29.009387
-0.378934 0.031095 0.924801 93.304651 0.015772 0.999413 -0.027141 -2.628755 -0.925190 0.004303 -0.379235 -29.345071
-0.372052 0.035565 0.927444 94.148572 0.010990 0.999282 -0.033911 -2.674231 -0.928060 -0.002424 -0.372204 -29.669341
-0.367152 0.040619 0.929182 94.991417 0.005430 0.999036 -0.041526 -2.719690 -0.930054 -0.010202 -0.367048 -29.987243
-0.363645 0.042724 0.930463 95.835216 0.003139 0.998908 -0.044640 -2.772718 -0.931438 -0.013314 -0.363412 -30.305825
-0.359904 0.042478 0.931922 96.682414 0.001772 0.998897 -0.044846 -2.828307 -0.932890 -0.014490 -0.359613 -30.625192
-0.354836 0.042649 0.933861 97.523429 0.001344 0.998890 -0.045108 -2.882575 -0.934835 -0.014751 -0.354528 -30.938182
-0.349231 0.038279 0.936159 98.368998 -0.001789 0.999044 -0.041517 -2.934793 -0.936941 -0.016175 -0.348858 -31.243999
-0.343936 0.034636 0.938257 99.221784 -0.001944 0.999197 -0.037598 -2.987923 -0.938896 -0.014756 -0.343622 -31.548267
-0.338156 0.031569 0.940461 100.071373 -0.003711 0.999288 -0.034878 -3.041303 -0.940985 -0.015285 -0.337827 -31.845920
-0.332527 0.029889 0.942524 100.925158 -0.012061 0.999188 -0.035941 -3.088021 -0.942922 -0.023321 -0.331924 -32.127923
-0.326438 0.030010 0.944646 101.777431 -0.019288 0.998982 -0.038401 -3.134725 -0.944927 -0.030759 -0.325554 -32.399642
-0.319679 0.034281 0.946816 102.622568 -0.017516 0.998873 -0.042080 -3.185203 -0.947276 -0.030039 -0.318743 -32.677543
-0.312612 0.037656 0.949040 103.468349 -0.015618 0.998782 -0.044773 -3.235816 -0.949661 -0.028821 -0.311668 -32.953199
-0.306083 0.035801 0.951242 104.327492 -0.016943 0.998842 -0.043044 -3.284642 -0.951767 -0.029295 -0.305145 -33.220736
-0.299066 0.030935 0.953643 105.189725 -0.017518 0.999041 -0.037901 -3.337282 -0.953986 -0.028043 -0.298259 -33.483867
-0.292056 0.028189 0.955900 106.053165 -0.018985 0.999113 -0.035264 -3.387581 -0.956130 -0.028449 -0.291283 -33.739672
-0.285682 0.031510 0.957716 106.913569 -0.020877 0.998928 -0.039093 -3.433946 -0.958009 -0.031165 -0.284740 -33.986859
-0.279258 0.034348 0.959514 107.769912 -0.020093 0.998845 -0.041604 -3.482936 -0.959921 -0.030900 -0.278266 -34.227766
-0.272575 0.034910 0.961409 108.627675 -0.022545 0.998744 -0.042657 -3.532094 -0.961780 -0.033305 -0.271467 -34.459319
-0.265485 0.034383 0.963406 109.490003 -0.022654 0.998770 -0.041888 -3.583616 -0.963755 -0.032948 -0.264401 -34.689524
-0.257353 0.034279 0.965611 110.348216 -0.018606 0.998912 -0.040420 -3.634178 -0.966043 -0.028371 -0.256456 -34.917430
-0.249645 0.035409 0.967588 111.204971 -0.016080 0.998941 -0.040705 -3.684967 -0.968105 -0.025723 -0.248833 -35.136443
-0.242994 0.036034 0.969257 112.069747 -0.014891 0.998953 -0.040871 -3.735527 -0.969815 -0.024367 -0.242223 -35.347423
-0.236301 0.034799 0.970966 112.935503 -0.021150 0.998847 -0.040945 -3.785642 -0.971362 -0.030214 -0.235310 -35.542822
-0.230626 0.033047 0.972387 113.801631 -0.025277 0.998789 -0.039939 -3.835788 -0.972623 -0.033793 -0.229529 -35.732798
-0.226050 0.033121 0.973457 114.673575 -0.022579 0.998880 -0.039228 -3.886524 -0.973762 -0.030850 -0.225067 -35.928569
-0.221302 0.033459 0.974534 115.549027 -0.020895 0.998921 -0.039041 -3.936877 -0.974887 -0.029005 -0.220381 -36.124016
-0.216527 0.034788 0.975560 116.419181 -0.019976 0.998900 -0.040054 -3.985668 -0.975978 -0.028163 -0.215611 -36.309835
-0.210591 0.034045 0.976886 117.295132 -0.013858 0.999092 -0.037806 -4.032508 -0.977383 -0.021501 -0.209945 -36.500476
-0.205038 0.032893 0.978108 118.172506 -0.006557 0.999272 -0.034979 -4.079006 -0.978641 -0.013586 -0.204688 -36.691014
-0.200194 0.032018 0.979158 119.044670 -0.004825 0.999344 -0.033665 -4.127681 -0.979671 -0.011465 -0.199920 -36.868578
-0.196005 0.033721 0.979949 119.920747 -0.006700 0.999263 -0.035726 -4.171768 -0.980508 -0.013568 -0.195646 -37.035954
-0.192347 0.035659 0.980606 120.791055 -0.008227 0.999171 -0.037947 -4.215287 -0.981221 -0.015368 -0.191905 -37.199905
-0.190547 0.034976 0.980978 121.662694 -0.010695 0.999153 -0.037701 -4.263942 -0.981545 -0.017676 -0.190022 -37.361273
-0.189417 0.033937 0.981231 122.538785 -0.011128 0.999183 -0.036706 -4.309744 -0.981756 -0.017873 -0.188896 -37.524535
-0.188156 0.029636 0.981610 123.415586 -0.009636 0.999357 -0.032019 -4.351696 -0.982012 -0.015484 -0.187761 -37.693199
-0.186997 0.024460 0.981974 124.290373 -0.010674 0.999497 -0.026929 -4.396440 -0.982222 -0.015518 -0.186654 -37.854759
-0.186075 0.022713 0.982190 125.161580 -0.009992 0.999552 -0.025008 -4.437921 -0.982403 -0.014468 -0.185777 -38.015188
-0.184815 0.027476 0.982308 126.018380 -0.010246 0.999418 -0.029882 -4.477050 -0.982639 -0.015588 -0.184437 -38.171824
-0.184741 0.031286 0.982200 126.872247 -0.010185 0.999287 -0.033745 -4.516725 -0.982645 -0.016239 -0.184304 -38.328063
-0.184780 0.030476 0.982218 127.729791 -0.013325 0.999258 -0.033511 -4.557656 -0.982600 -0.019281 -0.184250 -38.479509
-0.184124 0.029695 0.982366 128.587984 -0.014961 0.999253 -0.033009 -4.604597 -0.982702 -0.020777 -0.183555 -38.632971
-0.183411 0.030602 0.982472 129.435378 -0.010570 0.999306 -0.033099 -4.648030 -0.982892 -0.016457 -0.182973 -38.791688
-0.182641 0.033132 0.982532 130.273216 -0.012580 0.999180 -0.036032 -4.687539 -0.983011 -0.018942 -0.182087 -38.942157
-0.183075 0.034150 0.982423 131.112584 -0.020898 0.998950 -0.038619 -4.735656 -0.982794 -0.027603 -0.182181 -39.078508
-0.182668 0.035642 0.982445 131.945841 -0.026682 0.998709 -0.041192 -4.784238 -0.982730 -0.033741 -0.181493 -39.217019
-0.182294 0.039341 0.982378 132.772261 -0.023578 0.998655 -0.044368 -4.833696 -0.982883 -0.031253 -0.181133 -39.366377
-0.181724 0.040437 0.982432 133.595865 -0.021969 0.998650 -0.045168 -4.885855 -0.983020 -0.029794 -0.180602 -39.513957
-0.180123 0.041540 0.982673 134.416745 -0.023124 0.998557 -0.046450 -4.936962 -0.983280 -0.031092 -0.178916 -39.654799
-0.178182 0.040945 0.983050 135.236108 -0.015049 0.998806 -0.044328 -4.986165 -0.983788 -0.022694 -0.177367 -39.806036
-0.174631 0.037810 0.983820 136.056855 -0.010146 0.999050 -0.040196 -5.036299 -0.984495 -0.017002 -0.174093 -39.959287
-0.172680 0.032893 0.984338 136.871600 -0.006507 0.999289 -0.034534 -5.085708 -0.984867 -0.012369 -0.172355 -40.103247
-0.168922 0.032621 0.984996 137.687252 -0.005378 0.999309 -0.034017 -5.129399 -0.985521 -0.011044 -0.168642 -40.241786
-0.163768 0.037676 0.985680 138.485354 -0.004109 0.999133 -0.038873 -5.178730 -0.986391 -0.010416 -0.163485 -40.372734
-0.157151 0.040968 0.986618 139.282845 -0.002852 0.999005 -0.041936 -5.222601 -0.987464 -0.009404 -0.156892 -40.497082
-0.148945 0.041778 0.987845 140.084661 -0.003055 0.998963 -0.042708 -5.263389 -0.988725 -0.009380 -0.148677 -40.611683
-0.139371 0.037297 0.989410 140.884740 -0.001580 0.999150 -0.037887 -5.311976 -0.990113 -0.006843 -0.139208 -40.719011
-0.127281 0.035953 0.991087 141.681439 0.002090 0.999219 -0.035979 -5.358250 -0.991738 -0.002508 -0.127270 -40.821472
-0.113322 0.038687 0.992674 142.468846 0.006184 0.999116 -0.038232 -5.400326 -0.993409 0.001807 -0.113472 -40.912521
-0.099115 0.039818 0.994159 143.257545 0.005483 0.999082 -0.039468 -5.442577 -0.994942 0.001540 -0.099251 -40.984655
-0.085372 0.039837 0.995439 144.047136 0.007019 0.999082 -0.039381 -5.487286 -0.996215 0.003626 -0.085579 -41.047292
-0.071826 0.041438 0.996440 144.832744 0.007596 0.999008 -0.040997 -5.535441 -0.997275 0.004625 -0.072074 -41.099315
-0.058116 0.047953 0.997043 145.605618 0.004733 0.998727 -0.047758 -5.587033 -0.998187 0.001944 -0.058271 -41.133030
-0.045640 0.057047 0.997211 146.368964 -0.002579 0.998236 -0.057224 -5.638413 -0.998841 -0.005184 -0.045414 -41.147991
-0.031947 0.065118 0.997248 147.129922 -0.006762 0.997713 -0.065364 -5.690985 -0.999353 -0.008832 -0.031433 -41.157106
-0.018839 0.065813 0.997532 147.893745 -0.007423 0.997667 -0.065962 -5.746138 -0.999678 -0.008647 -0.018304 -41.162902
-0.007117 0.061909 0.997932 148.661949 -0.011490 0.997880 -0.061987 -5.807075 -0.999789 -0.011909 -0.006387 -41.154947
0.003507 0.059585 0.998094 149.427185 -0.015552 0.997977 -0.059523 -5.870832 -0.999755 -0.015315 0.004432 -41.137078
0.012489 0.066105 0.997611 150.181251 -0.019302 0.997513 -0.065856 -5.934799 -0.999618 -0.018435 0.013740 -41.113555
0.019067 0.074073 0.996940 150.927989 -0.022362 0.996898 -0.073642 -5.994580 -0.999443 -0.020892 0.020671 -41.087733
0.022040 0.077114 0.996645 151.677976 -0.025275 0.996606 -0.076552 -6.052716 -0.999310 -0.023506 0.023922 -41.059583
0.021970 0.072492 0.996983 152.432557 -0.027555 0.996884 -0.071877 -6.118197 -0.999241 -0.025896 0.023907 -41.033568
0.020271 0.068073 0.997327 153.184488 -0.028918 0.997149 -0.067473 -6.189910 -0.999234 -0.027477 0.022190 -41.011438
0.017387 0.065202 0.997571 153.934092 -0.027290 0.997375 -0.064713 -6.250799 -0.999332 -0.026102 0.019129 -40.994904
0.014646 0.065622 0.997587 154.680027 -0.025247 0.997395 -0.065238 -6.307005 -0.999430 -0.024234 0.016271 -40.983267
0.011011 0.065538 0.997636 155.424956 -0.023548 0.997432 -0.065264 -6.369546 -0.999515 -0.022777 0.012533 -40.973077
0.006247 0.063995 0.997778 156.166214 -0.024365 0.997506 -0.063824 -6.432578 -0.999537 -0.023916 0.007796 -40.962650
0.000892 0.064384 0.997772 156.909437 -0.025046 0.997455 -0.064340 -6.486931 -0.999539 -0.024937 0.002507 -40.957148
-0.005021 0.062488 0.997879 157.650683 -0.026240 0.997534 -0.062598 -6.544460 -0.999495 -0.026502 -0.003365 -40.954896
-0.010750 0.059765 0.998000 158.391527 -0.023774 0.997755 -0.060006 -6.606907 -0.999511 -0.024375 -0.009302 -40.963405
-0.016038 0.059687 0.997935 159.124290 -0.024407 0.997738 -0.060067 -6.662560 -0.999427 -0.025323 -0.014543 -40.972113
-0.021535 0.061010 0.997748 159.850374 -0.026012 0.997602 -0.061562 -6.717614 -0.999279 -0.027283 -0.019895 -40.980451
-0.025569 0.063295 0.997502 160.574090 -0.026345 0.997434 -0.063966 -6.777701 -0.999167 -0.027919 -0.023835 -40.993156
-0.028077 0.065537 0.997301 161.292539 -0.026212 0.997298 -0.066274 -6.836982 -0.999114 -0.028006 -0.026283 -41.009099
-0.029786 0.067083 0.997149 162.005390 -0.023390 0.997266 -0.067789 -6.892343 -0.999135 -0.025346 -0.028135 -41.027851
-0.029069 0.065518 0.997274 162.717330 -0.019978 0.997453 -0.066111 -6.949995 -0.999230 -0.021848 -0.027686 -41.047285
-0.025104 0.061807 0.997619 163.427060 -0.017530 0.997747 -0.062256 -7.010548 -0.999384 -0.019053 -0.023964 -41.063165
-0.017653 0.061635 0.997786 164.129081 -0.016529 0.997781 -0.061927 -7.070040 -0.999556 -0.017588 -0.016593 -41.069749
-0.006277 0.062372 0.997876 164.825265 -0.013982 0.997787 -0.062454 -7.126089 -0.999731 -0.014346 -0.005388 -41.070417
0.008329 0.062667 0.997842 165.519053 -0.011487 0.997811 -0.062569 -7.179582 -0.999747 -0.010943 0.009037 -41.061809
0.023572 0.060294 0.997742 166.207841 -0.012594 0.997952 -0.060009 -7.230734 -0.999489 -0.011153 0.024291 -41.034860
0.039643 0.055578 0.997506 166.891205 -0.017702 0.998168 -0.054911 -7.282340 -0.998902 -0.015483 0.040566 -40.990790
0.056071 0.049010 0.997062 167.573329 -0.019163 0.998497 -0.048003 -7.329883 -0.998088 -0.016417 0.056940 -40.939282
0.073278 0.041683 0.996278 168.250446 -0.019483 0.998827 -0.040356 -7.371936 -0.996964 -0.016455 0.074022 -40.880029
0.090846 0.034295 0.995110 168.923307 -0.020169 0.999096 -0.032591 -7.410280 -0.995502 -0.017112 0.091476 -40.807292
0.108028 0.028413 0.993577 169.590633 -0.021908 0.999247 -0.026193 -7.447012 -0.993747 -0.018940 0.108593 -40.720710
0.125990 0.026164 0.991522 170.243578 -0.022869 0.999294 -0.023462 -7.480231 -0.991609 -0.019722 0.126526 -40.625164
0.144064 0.024820 0.989096 170.891207 -0.021525 0.999362 -0.021942 -7.507339 -0.989178 -0.018132 0.144535 -40.521422
0.161548 0.024272 0.986402 171.531039 -0.022770 0.999355 -0.020861 -7.531354 -0.986443 -0.019093 0.162029 -40.403839
0.177548 0.023341 0.983670 172.162154 -0.027619 0.999274 -0.018726 -7.554423 -0.983564 -0.023847 0.178100 -40.271545
0.191975 0.019831 0.981031 172.788838 -0.029778 0.999282 -0.014373 -7.578152 -0.980784 -0.026458 0.192466 -40.134384
0.204414 0.015898 0.978585 173.412938 -0.026350 0.999423 -0.010732 -7.599234 -0.978365 -0.023596 0.204756 -40.000281
0.215378 0.014779 0.976247 174.029369 -0.024155 0.999487 -0.009802 -7.619130 -0.976066 -0.021474 0.215667 -39.860938
0.225267 0.018529 0.973949 174.630080 -0.028464 0.999344 -0.012428 -7.642030 -0.973715 -0.024927 0.225691 -39.708257
0.234290 0.025691 0.971654 175.220135 -0.032599 0.999121 -0.018556 -7.665635 -0.971452 -0.027331 0.234969 -39.549621
0.243559 0.035499 0.969062 175.806192 -0.032465 0.998893 -0.028432 -7.687936 -0.969173 -0.024540 0.244491 -39.395900
0.251991 0.041210 0.966677 176.396199 -0.026729 0.998833 -0.035613 -7.708744 -0.967191 -0.016867 0.252848 -39.245826
0.258614 0.039359 0.965002 176.996011 -0.026098 0.998912 -0.033748 -7.730197 -0.965456 -0.016459 0.259411 -39.081575
0.264452 0.031971 0.963700 177.597956 -0.028906 0.999094 -0.025212 -7.753392 -0.963802 -0.021192 0.265187 -38.903506
0.268765 0.021581 0.962794 178.205251 -0.033541 0.999182 -0.013034 -7.779576 -0.962456 -0.028795 0.269321 -38.720953
0.270850 0.013544 0.962355 178.808929 -0.033886 0.999244 -0.004526 -7.805032 -0.961859 -0.031389 0.271157 -38.545008
0.272001 0.012777 0.962039 179.411958 -0.030418 0.999352 -0.004672 -7.824257 -0.961648 -0.027997 0.272266 -38.375594
0.273338 0.014696 0.961631 180.008044 -0.026922 0.999433 -0.007621 -7.839447 -0.961371 -0.023810 0.273632 -38.207631
0.275172 0.014159 0.961114 180.610984 -0.023634 0.999512 -0.007959 -7.850908 -0.960933 -0.020528 0.275426 -38.038825
0.276988 0.011931 0.960622 181.218597 -0.025495 0.999485 -0.005062 -7.860912 -0.960363 -0.023092 0.277204 -37.857409
0.279929 0.008231 0.959806 181.830677 -0.025760 0.999489 -0.001059 -7.874495 -0.959500 -0.024432 0.280053 -37.674978
0.283185 0.002934 0.958879 182.447355 -0.024912 0.999500 0.004299 -7.888581 -0.958565 -0.025109 0.283173 -37.490522
0.287734 0.000137 0.957526 183.060776 -0.023655 0.999513 0.006966 -7.896641 -0.957238 -0.024659 0.287656 -37.303256
0.294181 -0.002167 0.955552 183.678797 -0.021702 0.999532 0.008948 -7.900200 -0.955313 -0.023374 0.294059 -37.112120
0.302249 -0.005444 0.953020 184.295151 -0.019988 0.999535 0.012049 -7.906069 -0.952831 -0.022695 0.302063 -36.913538
0.312106 -0.007412 0.949822 184.914769 -0.017403 0.999562 0.013519 -7.912743 -0.949697 -0.020753 0.311907 -36.707119
0.323280 -0.005326 0.946091 185.529105 -0.018886 0.999553 0.012081 -7.918060 -0.945922 -0.021777 0.323104 -36.487756
0.334733 -0.001587 0.942112 186.139950 -0.020060 0.999564 0.008811 -7.922043 -0.941905 -0.021852 0.334626 -36.257582
0.346535 0.001570 0.937838 186.753562 -0.021166 0.999563 0.006148 -7.923354 -0.937605 -0.021984 0.346490 -36.021759
0.358425 0.001785 0.933363 187.372777 -0.019730 0.999600 0.005665 -7.925109 -0.933160 -0.020449 0.358391 -35.778783
0.369781 -0.001302 0.928927 187.994180 -0.018863 0.999596 0.008910 -7.928888 -0.928741 -0.020821 0.369682 -35.526297
0.381112 -0.002735 0.924330 188.617428 -0.019881 0.999552 0.011154 -7.934677 -0.924125 -0.022631 0.380964 -35.260121
0.392599 -0.003327 0.919506 189.240722 -0.021407 0.999499 0.012757 -7.936830 -0.919267 -0.024696 0.392412 -34.986188
0.401955 -0.004390 0.915448 189.862522 -0.025290 0.999361 0.015897 -7.935867 -0.915113 -0.029547 0.401671 -34.697276
0.409220 -0.003154 0.912227 190.491091 -0.028888 0.999253 0.016414 -7.933538 -0.911779 -0.033076 0.408909 -34.404125
0.413716 -0.006086 0.910178 191.126060 -0.028775 0.999192 0.019761 -7.932254 -0.909747 -0.034372 0.413295 -34.110145
0.416097 -0.009910 0.909056 191.766950 -0.025796 0.999209 0.022701 -7.928418 -0.908748 -0.032902 0.415602 -33.817705
0.416506 -0.009200 0.908879 192.414716 -0.021322 0.999377 0.019887 -7.923111 -0.908679 -0.027667 0.416139 -33.525995
0.415608 -0.008888 0.909291 193.071395 -0.019917 0.999424 0.018873 -7.922481 -0.909120 -0.025959 0.415281 -33.226609
0.415009 -0.007751 0.909572 193.732491 -0.016421 0.999535 0.016010 -7.917947 -0.909461 -0.021584 0.414779 -32.927266
0.415023 -0.009698 0.909560 194.409406 -0.013090 0.999586 0.016631 -7.910779 -0.909522 -0.018812 0.414809 -32.625296
0.414567 -0.015637 0.909685 195.091208 -0.009518 0.999533 0.021519 -7.907326 -0.909775 -0.017583 0.414310 -32.321768
0.413610 -0.018579 0.910067 195.772650 -0.009005 0.999471 0.024496 -7.903824 -0.910217 -0.018330 0.413308 -32.013358
0.412163 -0.021094 0.910671 196.455128 -0.008069 0.999422 0.026802 -7.900321 -0.910883 -0.018398 0.411838 -31.704726
0.410919 -0.021161 0.911232 197.131613 -0.008870 0.999405 0.027209 -7.890104 -0.911438 -0.019267 0.410569 -31.397345
0.409098 -0.021399 0.912049 197.811229 -0.010357 0.999370 0.028094 -7.881298 -0.912245 -0.020942 0.408699 -31.087517
0.407455 -0.020404 0.912806 198.490667 -0.011058 0.999384 0.027276 -7.879060 -0.912972 -0.021211 0.407059 -30.780417
0.406419 -0.017169 0.913333 199.174874 -0.010113 0.999494 0.023289 -7.876842 -0.913443 -0.018705 0.406121 -30.477582
0.405874 -0.011224 0.913665 199.854288 -0.010296 0.999618 0.016854 -7.869612 -0.913680 -0.016251 0.405685 -30.176359
0.404926 -0.008399 0.914113 200.535603 -0.012416 0.999626 0.014685 -7.865340 -0.914071 -0.017298 0.404754 -29.871209
0.403516 -0.011070 0.914708 201.218444 -0.013650 0.999554 0.018119 -7.865030 -0.914677 -0.019801 0.403268 -29.565677
0.402293 -0.013949 0.915207 201.902537 -0.015825 0.999438 0.022189 -7.865874 -0.915177 -0.023413 0.401931 -29.257151
0.399762 -0.013061 0.916326 202.583346 -0.019870 0.999348 0.022914 -7.866081 -0.916205 -0.027372 0.399326 -28.951114
0.395024 -0.012898 0.918377 203.265612 -0.022785 0.999261 0.023835 -7.862408 -0.918187 -0.030346 0.394523 -28.650440
0.388468 -0.014122 0.921150 203.952591 -0.022464 0.999243 0.024793 -7.854908 -0.920986 -0.030330 0.387941 -28.362783
0.379721 -0.014522 0.924783 204.639834 -0.022017 0.999253 0.024732 -7.853739 -0.924636 -0.029758 0.379201 -28.083312
0.369831 -0.013529 0.928796 205.325161 -0.019435 0.999363 0.022296 -7.854711 -0.928693 -0.026302 0.369414 -27.815660
0.359358 -0.010181 0.932939 206.012049 -0.020448 0.999414 0.018783 -7.851169 -0.932772 -0.025831 0.359019 -27.554737
0.347883 -0.010081 0.937278 206.703258 -0.023375 0.999336 0.019425 -7.842709 -0.937042 -0.028672 0.347494 -27.295348
0.337121 -0.018098 0.941079 207.408458 -0.018202 0.999297 0.025738 -7.837813 -0.941078 -0.025811 0.336632 -27.050255
0.328795 -0.026759 0.943804 208.115555 -0.014033 0.999133 0.033217 -7.833906 -0.944080 -0.024171 0.328213 -26.816070
0.321765 -0.032145 0.946058 208.819580 -0.013525 0.998951 0.038542 -7.822498 -0.946508 -0.025202 0.321069 -26.578450
0.317591 -0.032841 0.947439 209.520714 -0.019133 0.998756 0.041033 -7.805647 -0.947817 -0.031166 0.316644 -26.334360
0.315175 -0.034655 0.948180 210.225740 -0.018019 0.998715 0.042492 -7.788685 -0.948644 -0.030484 0.314222 -26.101411
0.313717 -0.035734 0.948627 210.933760 -0.016972 0.998705 0.043233 -7.771949 -0.949150 -0.029669 0.312779 -25.868638
0.312884 -0.033734 0.948973 211.639461 -0.017161 0.998788 0.041164 -7.753590 -0.949420 -0.029171 0.312001 -25.632796
0.312505 -0.031620 0.949170 212.353206 -0.020567 0.998768 0.040044 -7.733805 -0.949476 -0.032042 0.311545 -25.388998
0.313115 -0.032227 0.948950 213.069251 -0.021304 0.998717 0.040947 -7.715197 -0.949260 -0.033044 0.312102 -25.148177
0.314901 -0.033519 0.948313 213.784974 -0.021998 0.998632 0.042603 -7.697733 -0.948653 -0.034284 0.313809 -24.907741
0.316390 -0.035473 0.947746 214.503259 -0.020543 0.998592 0.044234 -7.681448 -0.948190 -0.033472 0.315292 -24.668397
0.318215 -0.036561 0.947086 215.230286 -0.016896 0.998653 0.044229 -7.661778 -0.947643 -0.030083 0.317247 -24.427698
0.321411 -0.037930 0.945951 215.958780 -0.015900 0.998614 0.045444 -7.638390 -0.946580 -0.029653 0.320443 -24.179547
0.325692 -0.039306 0.944426 216.690449 -0.017722 0.998477 0.047667 -7.617327 -0.945080 -0.032269 0.324581 -23.920019
0.330858 -0.043172 0.942459 217.421361 -0.019434 0.998199 0.052548 -7.593152 -0.943250 -0.035710 0.329506 -23.655762
0.335829 -0.046729 0.940528 218.151491 -0.020217 0.997950 0.056800 -7.564803 -0.941474 -0.038099 0.334280 -23.388097
0.340115 -0.046757 0.938981 218.883272 -0.021484 0.997881 0.057472 -7.538617 -0.939902 -0.039730 0.338476 -23.117049
0.344587 -0.041990 0.937574 219.614011 -0.026763 0.997918 0.054529 -7.513618 -0.938134 -0.043893 0.342833 -22.836933
0.349097 -0.035920 0.936159 220.342101 -0.031528 0.998016 0.050051 -7.479716 -0.936320 -0.046999 0.347359 -22.552039
0.353750 -0.032671 0.934533 221.071929 -0.035417 0.997976 0.048295 -7.449582 -0.934437 -0.050194 0.351965 -22.264641
0.358071 -0.032900 0.932880 221.803998 -0.037278 0.997850 0.049500 -7.427694 -0.932718 -0.052512 0.356163 -21.975248
0.361952 -0.030502 0.931463 222.533879 -0.039036 0.997864 0.047845 -7.405757 -0.931148 -0.053691 0.360077 -21.681754
0.365894 -0.027640 0.930008 223.264545 -0.039406 0.997971 0.045163 -7.380237 -0.929586 -0.053185 0.364153 -21.386813
0.370487 -0.027269 0.928197 223.994256 -0.039561 0.997966 0.045109 -7.356787 -0.927757 -0.053446 0.368747 -21.090093
0.375016 -0.028674 0.926335 224.727872 -0.039398 0.997894 0.046839 -7.336913 -0.925944 -0.054073 0.373190 -20.787915
0.379401 -0.029239 0.924544 225.459622 -0.035422 0.998091 0.046101 -7.316921 -0.924333 -0.050251 0.377730 -20.487442
0.383743 -0.029196 0.922752 226.188872 -0.032297 0.998246 0.045016 -7.296336 -0.922653 -0.047087 0.382217 -20.184829
0.387854 -0.026962 0.921088 226.916113 -0.033316 0.998280 0.043251 -7.273522 -0.920884 -0.047473 0.386384 -19.871957
0.392248 -0.027138 0.919221 227.640986 -0.038001 0.998006 0.045680 -7.251641 -0.918840 -0.052861 0.390530 -19.550486
0.396844 -0.027268 0.917244 228.367014 -0.040934 0.997811 0.047373 -7.230656 -0.916739 -0.056359 0.394956 -19.226490
0.400912 -0.024905 0.915539 229.089302 -0.038051 0.998087 0.043813 -7.215099 -0.915090 -0.052414 0.399295 -18.907484
0.404868 -0.018345 0.913950 229.804736 -0.037230 0.998409 0.036533 -7.198360 -0.913378 -0.048828 0.403641 -18.586753
0.408079 -0.011606 0.912635 230.516896 -0.043406 0.998315 0.032104 -7.175832 -0.911679 -0.052726 0.406987 -18.252114
0.411010 -0.012530 0.911306 231.237038 -0.049408 0.997903 0.036004 -7.155979 -0.910055 -0.059838 0.409628 -17.910665
0.413654 -0.022658 0.909912 231.969583 -0.048552 0.997491 0.046911 -7.137646 -0.908902 -0.063597 0.411617 -17.574083
0.415537 -0.034782 0.908670 232.700926 -0.044880 0.997039 0.058689 -7.109419 -0.908231 -0.065183 0.412847 -17.242993
0.417400 -0.042525 0.907486 233.425004 -0.045921 0.996412 0.067813 -7.079061 -0.907324 -0.069994 0.414051 -16.906121
0.419515 -0.044130 0.906433 234.145614 -0.047674 0.996139 0.070562 -7.048251 -0.906257 -0.072832 0.415893 -16.563675
0.422294 -0.039621 0.905347 234.861323 -0.047391 0.996481 0.065715 -7.011469 -0.904977 -0.070673 0.419034 -16.223488
0.426407 -0.033866 0.903651 235.572407 -0.046163 0.996950 0.059145 -6.972865 -0.903110 -0.066951 0.423648 -15.885498
0.430785 -0.029402 0.901729 236.283186 -0.046091 0.997216 0.054535 -6.940228 -0.901033 -0.065069 0.428337 -15.540673
0.434915 -0.027749 0.899796 236.998879 -0.044083 0.997439 0.052068 -6.912988 -0.899148 -0.062326 0.432685 -15.190736
0.438953 -0.025655 0.897896 237.709231 -0.043416 0.997588 0.049728 -6.884452 -0.897216 -0.060825 0.436888 -14.837855
0.442813 -0.026999 0.895970 238.421884 -0.042249 0.997586 0.050941 -6.854805 -0.895384 -0.060425 0.440708 -14.481696
0.446230 -0.032133 0.894106 239.135855 -0.040500 0.997387 0.056057 -6.825784 -0.893769 -0.061239 0.443867 -14.120649
0.449175 -0.037935 0.892400 239.853041 -0.038578 0.997122 0.061805 -6.794239 -0.892376 -0.062202 0.446524 -13.758102
0.451588 -0.043279 0.890936 240.572149 -0.037458 0.996799 0.067408 -6.758599 -0.891203 -0.063828 0.448629 -13.390234
0.453595 -0.048408 0.889649 241.289644 -0.035642 0.996513 0.072395 -6.716947 -0.890255 -0.064562 0.450397 -13.022407
0.455109 -0.055111 0.888478 242.014131 -0.034254 0.996028 0.079328 -6.673569 -0.889529 -0.066552 0.451525 -12.649973
0.456797 -0.055588 0.887583 242.732170 -0.034604 0.995948 0.080184 -6.629725 -0.888651 -0.067357 0.453134 -12.277057
0.458559 -0.044073 0.887322 243.437558 -0.043536 0.996227 0.071981 -6.591209 -0.887352 -0.071655 0.455021 -11.894945
0.459277 -0.030613 0.887509 244.139246 -0.045175 0.997072 0.057770 -6.550842 -0.886891 -0.066641 0.456664 -11.521477
0.460150 -0.022982 0.887288 244.846381 -0.045136 0.997531 0.049245 -6.508556 -0.886440 -0.062723 0.458092 -11.149720
