1.000000 0.000000 0.000000 0.000000 0.000000 1.000000 0.000000 0.000000 0.000000 0.000000 1.000000 0.000000
0.999990 -0.002683 -0.003352 -0.003073 0.002676 0.999994 -0.002129 -0.005219 0.003358 0.002120 0.999991 0.674092
0.999970 -0.001324 -0.007393 -0.015844 0.001296 0.999991 -0.003758 -0.007269 0.007398 0.003749 0.999964 1.367079
0.999932 -0.001388 -0.011371 -0.030569 0.001328 0.999983 -0.005237 -0.010814 0.011378 0.005221 0.999919 2.079183
0.999863 -0.000023 -0.016288 -0.049451 -0.000072 0.999979 -0.005842 -0.017259 0.016288 0.005843 0.999846 2.807846
0.999780 -0.001122 -0.020754 -0.068234 0.000997 0.999977 -0.006065 -0.026221 0.020760 0.006043 0.999762 3.550404
0.999673 0.000645 -0.025388 -0.093730 -0.000832 0.999969 -0.007357 -0.034298 0.025382 0.007376 0.999647 4.310990
0.999528 0.003311 -0.030410 -0.124705 -0.003557 0.999958 -0.008040 -0.042175 0.030383 0.008145 0.999502 5.087443
0.999380 0.003695 -0.034871 -0.156387 -0.003924 0.999967 -0.006509 -0.050044 0.034846 0.006641 0.999366 5.877775
0.999211 0.002899 -0.039482 -0.188732 -0.003055 0.999983 -0.003895 -0.058129 0.039470 0.004013 0.999208 6.681615
0.999061 0.002559 -0.043129 -0.225605 -0.002614 0.999991 -0.001232 -0.067776 0.043126 0.001344 0.999064 7.496416
0.998927 0.004068 -0.045960 -0.268105 -0.004158 0.999982 -0.001878 -0.077123 0.045952 0.002067 0.998934 8.315444
0.998816 0.003536 -0.048341 -0.310228 -0.003643 0.999983 -0.002141 -0.083696 0.048333 0.002315 0.998820 9.139529
0.998731 0.000616 -0.050173 -0.353122 -0.000757 0.999987 -0.002788 -0.090022 0.050171 0.002823 0.998727 9.970741
0.998621 0.000583 -0.052326 -0.398833 -0.000690 0.999989 -0.002022 -0.098079 0.052325 0.002055 0.998619 10.811189
0.998539 -0.000835 -0.053820 -0.446549 0.000713 0.999987 -0.002289 -0.108078 0.053821 0.002247 0.998537 11.663509
0.998434 0.001540 -0.055695 -0.501429 -0.001798 0.999976 -0.004578 -0.119811 0.055688 0.004671 0.998425 12.519095
0.998351 0.002053 -0.057126 -0.556215 -0.002471 0.999958 -0.007250 -0.130645 0.057109 0.007379 0.998327 13.382106
0.998229 0.006033 -0.058931 -0.617392 -0.006570 0.999924 -0.008924 -0.142500 0.058874 0.009295 0.998207 14.256546
0.998158 0.007042 -0.059965 -0.679048 -0.007570 0.999917 -0.008571 -0.157334 0.059901 0.009009 0.998146 15.142495
0.998073 0.006173 -0.061414 -0.737356 -0.006621 0.999933 -0.007107 -0.172634 0.061367 0.007500 0.998067 16.031880
0.997978 0.006774 -0.062933 -0.797873 -0.007143 0.999942 -0.005640 -0.186270 0.062893 0.006078 0.997984 16.929041
0.997918 0.006303 -0.063958 -0.860923 -0.006673 0.999947 -0.005560 -0.201196 0.063920 0.005976 0.997921 17.830692
0.997802 0.006113 -0.065747 -0.923232 -0.006550 0.999942 -0.006422 -0.214953 0.065705 0.006839 0.997799 18.737415
0.997730 0.004609 -0.066929 -0.984819 -0.005102 0.999944 -0.007202 -0.228147 0.066894 0.007528 0.997714 19.651162
0.997688 0.004645 -0.067553 -1.051098 -0.005031 0.999955 -0.005543 -0.240355 0.067525 0.005870 0.997683 20.579954
0.997685 0.006050 -0.067493 -1.120859 -0.006209 0.999963 -0.002147 -0.253885 0.067478 0.002561 0.997701 21.514613
0.997726 0.007023 -0.066751 -1.188426 -0.006935 0.999957 0.001555 -0.264395 0.066760 -0.001089 0.997750 22.453710
0.997830 0.005861 -0.065283 -1.251966 -0.005588 0.999956 0.004351 -0.271249 0.065307 -0.003977 0.997837 23.394736
0.997919 0.006038 -0.063789 -1.315522 -0.005725 0.999945 0.005096 -0.277706 0.063818 -0.004721 0.997925 24.336146
0.998000 0.006340 -0.062462 -1.378378 -0.006213 0.999952 0.002230 -0.285219 0.062475 -0.001838 0.998018 25.278764
0.998043 0.007191 -0.061647 -1.441701 -0.007368 0.999942 -0.002632 -0.292772 0.061626 0.003081 0.998066 26.223275
0.998122 0.006306 -0.060494 -1.502713 -0.006654 0.999937 -0.005554 -0.302904 0.060457 0.005946 0.998126 27.173235
0.998175 0.003800 -0.059832 -1.560914 -0.004080 0.999956 -0.004562 -0.314660 0.059814 0.004798 0.998172 28.135177
0.998165 0.001980 -0.060097 -1.620219 -0.001960 0.999974 0.000387 -0.326459 0.060098 -0.000268 0.998167 29.110340
0.998111 -0.001838 -0.060985 -1.678091 0.002076 0.999966 0.003837 -0.338357 0.060977 -0.003956 0.998106 30.089788
0.997997 -0.009194 -0.062142 -1.729789 0.009410 0.999925 0.003188 -0.347946 0.062110 -0.003766 0.998034 31.066228
0.997877 -0.011353 -0.063697 -1.788568 0.011329 0.999909 -0.000737 -0.355328 0.063701 0.000014 0.997941 32.049513
0.997785 -0.011127 -0.065171 -1.856237 0.010846 0.999904 -0.004660 -0.366396 0.065218 0.003943 0.997836 33.031180
0.997653 -0.009747 -0.067356 -1.926513 0.009403 0.999915 -0.005420 -0.379248 0.067404 0.004775 0.997686 34.011258
0.997595 -0.009663 -0.068218 -1.997849 0.009409 0.999920 -0.004041 -0.393701 0.068254 0.003390 0.997633 34.996656
0.997536 -0.006410 -0.069456 -2.074150 0.006338 0.999952 -0.001255 -0.408979 0.069463 0.000812 0.997556 35.984243
0.997449 -0.006332 -0.070749 -2.150554 0.006348 0.999956 0.000012 -0.421446 0.070747 -0.000461 0.997469 36.988429
0.997390 -0.004917 -0.071697 -2.228722 0.005113 0.999962 0.002547 -0.430919 0.071684 -0.002907 0.997399 37.995446
0.997391 -0.004944 -0.071629 -2.302927 0.005360 0.999945 0.005614 -0.441855 0.071599 -0.005983 0.997388 38.995201
0.997359 0.000908 -0.072251 -2.385110 -0.000338 0.999944 0.007897 -0.449016 0.072255 -0.007852 0.997329 39.982642
0.997347 0.000854 -0.072436 -2.463033 -0.000322 0.999949 0.007358 -0.457511 0.072441 -0.007315 0.997320 40.964981
0.997353 0.000962 -0.072359 -2.538683 -0.000556 0.999960 0.005634 -0.462437 0.072363 -0.005579 0.997338 41.960146
0.997349 0.003107 -0.072330 -2.619552 -0.002866 0.999965 0.003429 -0.469899 0.072340 -0.003212 0.997348 42.948585
0.997275 0.002722 -0.073305 -2.696405 -0.002470 0.999962 0.003527 -0.480734 0.073314 -0.003337 0.997273 43.938300
0.997174 0.000683 -0.074687 -2.767965 -0.000337 0.999959 0.004643 -0.488105 0.074689 -0.004605 0.997163 44.924715
0.997106 0.001083 -0.075591 -2.846083 -0.000656 0.999954 0.005673 -0.496962 0.075596 -0.005607 0.997090 45.911873
0.997080 0.003394 -0.075892 -2.928852 -0.003246 0.999965 0.002085 -0.508190 0.075898 -0.001832 0.997084 46.885686
0.997021 0.003899 -0.076669 -3.013398 -0.004072 0.999964 -0.002091 -0.518500 0.076660 0.002397 0.997026 47.858525
0.996964 0.004767 -0.077349 -3.093183 -0.005041 0.999956 -0.003353 -0.530896 0.077332 0.003732 0.996970 48.825497
0.996948 0.003593 -0.077516 -3.171241 -0.003587 0.999960 0.000222 -0.546616 0.077516 0.000057 0.996955 49.802390
0.996931 0.001679 -0.077760 -3.248354 -0.001425 0.999957 0.003324 -0.559825 0.077765 -0.003203 0.996928 50.776207
0.996911 -0.000122 -0.078036 -3.325195 0.000432 0.999955 0.003953 -0.571704 0.078035 -0.003975 0.996904 51.738056
0.996888 -0.003273 -0.078258 -3.399929 0.003496 0.999953 0.002718 -0.583293 0.078249 -0.002983 0.996890 52.696731
0.996836 -0.006034 -0.078761 -3.474571 0.006168 0.999943 0.001462 -0.595394 0.078751 -0.001943 0.996853 53.651620
0.996738 -0.007523 -0.079856 -3.551843 0.007760 0.999929 0.002659 -0.606148 0.079833 -0.003271 0.996763 54.602644
0.996616 -0.010496 -0.081039 -3.627394 0.011080 0.999878 0.006763 -0.615198 0.080962 -0.007638 0.996648 55.553526
0.996554 -0.011327 -0.081677 -3.704413 0.012324 0.999817 0.011705 -0.621216 0.081533 -0.012671 0.996550 56.501846
0.996523 -0.009609 -0.082270 -3.787322 0.010795 0.999805 0.013978 -0.626040 0.082123 -0.014818 0.996471 57.444308
0.996408 -0.008516 -0.083742 -3.870725 0.009385 0.999865 0.009995 -0.631371 0.083649 -0.010746 0.996395 58.377810
0.996299 -0.007081 -0.085141 -3.953863 0.007294 0.999928 0.002187 -0.637017 0.085123 -0.002800 0.996322 59.296022
0.996229 -0.005429 -0.086062 -4.037704 0.005221 0.999938 -0.002640 -0.646986 0.086075 0.002180 0.996240 60.207114
0.996148 -0.000471 -0.087174 -4.126885 0.000320 0.999955 -0.001753 -0.660138 0.087174 0.001718 0.996146 61.114511
0.996068 0.002242 -0.088075 -4.216160 -0.002202 0.999956 0.000554 -0.675857 0.088076 -0.000358 0.996070 62.005996
0.995957 0.004769 -0.089223 -4.302713 -0.004597 0.999946 0.002128 -0.691394 0.089232 -0.001709 0.995966 62.898770
0.995853 0.005411 -0.090338 -4.387697 -0.005267 0.999942 0.001837 -0.701372 0.090347 -0.001354 0.995865 63.764376
0.995689 0.007076 -0.092005 -4.471911 -0.006855 0.999930 0.002719 -0.713428 0.092022 -0.002076 0.995710 64.614201
0.995557 0.007896 -0.093378 -4.556347 -0.007618 0.999925 0.003326 -0.727150 0.093401 -0.002600 0.995583 65.452513
0.995406 0.007868 -0.094937 -4.637420 -0.007538 0.999920 0.003833 -0.740298 0.094964 -0.003100 0.995430 66.277412
0.995272 0.007692 -0.096274 -4.719580 -0.007257 0.999911 0.004873 -0.748683 0.096308 -0.004151 0.995290 67.094055
0.995108 0.010461 -0.097651 -4.805050 -0.009770 0.999868 0.007548 -0.756717 0.097722 -0.006557 0.995135 67.889404
0.994964 0.011948 -0.098927 -4.890442 -0.010845 0.999816 0.011672 -0.763839 0.099054 -0.010541 0.994968 68.678906
0.994752 0.015045 -0.100610 -4.976876 -0.013765 0.999757 0.013410 -0.769573 0.100794 -0.011956 0.994776 69.449088
0.994566 0.017816 -0.101983 -5.064017 -0.016953 0.999755 0.009327 -0.778789 0.102130 -0.007548 0.994683 70.200356
0.994426 0.017727 -0.103349 -5.146878 -0.017607 0.999786 0.002073 -0.788902 0.103370 -0.000241 0.994584 70.927473
0.994279 0.016770 -0.104907 -5.223775 -0.017261 0.999786 -0.003775 -0.797210 0.104827 0.005565 0.994416 71.637028
0.994213 0.017523 -0.105402 -5.304406 -0.018154 0.999764 -0.005033 -0.803719 0.105295 0.006917 0.994357 72.332588
0.994087 0.020351 -0.106070 -5.388696 -0.020625 0.999727 -0.001481 -0.816605 0.106017 0.003660 0.994296 73.010962
0.993943 0.020582 -0.107367 -5.465446 -0.020609 0.999727 0.000860 -0.834928 0.107362 0.001358 0.994157 73.666824
0.993890 0.017422 -0.108389 -5.537238 -0.017782 0.999777 -0.002360 -0.849442 0.108330 0.004274 0.994042 74.298689
0.994022 0.009324 -0.108344 -5.598975 -0.010200 0.999875 -0.007537 -0.863928 0.108265 0.008597 0.994039 74.911868
0.994172 0.005264 -0.107282 -5.662610 -0.006627 0.999862 -0.012353 -0.876593 0.107206 0.012993 0.994111 75.507504
0.994484 0.007757 -0.104193 -5.729493 -0.009118 0.999840 -0.012592 -0.889389 0.104082 0.013473 0.994437 76.093727
0.994858 0.012754 -0.100055 -5.798721 -0.013789 0.999819 -0.009655 -0.902235 0.099917 0.010986 0.994895 76.666230
0.995325 0.011201 -0.095482 -5.850139 -0.011891 0.999867 -0.006660 -0.914027 0.095398 0.007765 0.995368 77.223814
0.995884 0.007559 -0.089836 -5.890735 -0.007809 0.999926 -0.002430 -0.927214 0.089814 0.003122 0.995912 77.769929
0.996602 0.003200 -0.081767 -5.923040 -0.003122 0.999953 0.001075 -0.942681 0.081769 -0.000816 0.996609 78.299271
0.997400 0.006839 -0.071018 -5.960035 -0.006789 0.999928 0.000936 -0.952920 0.071022 -0.000451 0.997425 78.812424
0.998312 0.012041 -0.055893 -5.991909 -0.012037 0.999878 0.000411 -0.961461 0.055894 0.000262 0.998386 79.318581
0.999081 0.017132 -0.037893 -6.007860 -0.017110 0.999802 0.000915 -0.967760 0.037903 -0.000266 0.999229 79.813742
0.999698 0.015541 -0.015894 -6.000081 -0.015521 0.999827 0.001384 -0.973957 0.015913 -0.001137 0.999820 80.297772
0.999819 0.012078 0.010258 -5.972846 -0.012102 0.999871 0.002332 -0.982761 -0.010230 -0.002456 0.999891 80.769174
0.999093 0.011037 0.039808 -5.933886 -0.011200 0.999878 0.003889 -0.991534 -0.039763 -0.004332 0.999148 81.228448
0.997234 0.010642 0.072851 -5.878278 -0.011057 0.999875 0.005302 -0.999182 -0.072790 -0.006093 0.997278 81.680450
0.993795 0.010553 0.110257 -5.803313 -0.011260 0.999870 0.005791 -1.006099 -0.110187 -0.006997 0.993836 82.123369
0.988247 0.010800 0.152081 -5.712174 -0.011806 0.999856 0.005710 -1.011200 -0.152007 -0.007439 0.988291 82.558825
0.980202 0.010570 0.197371 -5.600898 -0.011913 0.999848 0.005616 -1.017849 -0.197295 -0.007857 0.980244 82.979557
0.968950 0.012787 0.246646 -5.472616 -0.014093 0.999829 0.003530 -1.027700 -0.246575 -0.006897 0.969030 83.384985
0.953777 0.013727 0.299974 -5.321756 -0.014584 0.999828 0.000617 -1.037393 -0.299935 -0.004964 0.953877 83.771248
0.934242 0.013997 0.356171 -5.149219 -0.014371 0.999830 -0.001597 -1.045239 -0.356157 -0.003627 0.934347 84.141702
0.910219 0.014603 0.413702 -4.955183 -0.014426 0.999824 -0.003553 -1.051742 -0.413709 -0.002734 0.910331 84.492987
0.881403 0.014744 0.471991 -4.739300 -0.013705 0.999822 -0.005639 -1.057723 -0.472024 -0.001498 0.881510 84.825192
0.848188 0.013114 0.529408 -4.500684 -0.010628 0.999847 -0.007740 -1.067106 -0.529466 0.000938 0.848255 85.134397
0.811439 0.012698 0.584188 -4.244871 -0.009287 0.999851 -0.008834 -1.079207 -0.584254 0.001743 0.811491 85.426122
0.771576 0.011323 0.635933 -3.970986 -0.008251 0.999868 -0.007792 -1.090290 -0.635982 0.000765 0.771620 85.701142
0.728821 0.010988 0.684514 -3.680491 -0.009594 0.999866 -0.005836 -1.097183 -0.684537 -0.002314 0.728880 85.959054
0.683631 0.009958 0.729667 -3.374007 -0.008553 0.999879 -0.005632 -1.103361 -0.729687 -0.002391 0.683680 86.193850
0.637158 0.008553 0.770602 -3.055520 -0.005120 0.999897 -0.006864 -1.112225 -0.770634 0.000428 0.637178 86.401356
0.590329 0.005888 0.807062 -2.722598 0.000734 0.999904 -0.007832 -1.120023 -0.807085 0.005216 0.590306 86.588720
0.543509 0.007927 0.839283 -2.388405 -0.000997 0.999890 -0.008798 -1.129847 -0.839322 0.003946 0.543495 86.764232
0.496113 0.010817 0.868104 -2.050273 -0.004691 0.999865 -0.009778 -1.139376 -0.868160 0.000779 0.496134 86.926794
0.450547 0.012966 0.892571 -1.703850 -0.005273 0.999837 -0.011863 -1.148507 -0.892651 0.000639 0.450577 87.068453
0.408286 0.010402 0.912709 -1.346676 0.002163 0.999842 -0.012363 -1.154810 -0.912768 0.007023 0.408231 87.182393
0.368925 0.002876 0.929371 -0.978020 0.017364 0.999720 -0.009986 -1.158059 -0.929215 0.019823 0.368800 87.273354
0.333681 -0.000736 0.942602 -0.608679 0.021706 0.999661 -0.006904 -1.161526 -0.942354 0.022765 0.333610 87.366009
0.300579 0.003424 0.953667 -0.241212 0.019219 0.999687 -0.009647 -1.168733 -0.953481 0.021230 0.300442 87.464080
0.269529 0.011112 0.962843 0.129345 0.008645 0.999782 -0.013959 -1.183499 -0.962870 0.012087 0.269396 87.566434
0.241167 0.015405 0.970278 0.512583 0.003986 0.999768 -0.016865 -1.201813 -0.970393 0.007936 0.241069 87.653947
0.215581 0.017107 0.976254 0.907872 0.005386 0.999729 -0.018708 -1.216917 -0.976391 0.009292 0.215448 87.722233
0.192247 0.018435 0.981091 1.315979 0.012840 0.999609 -0.021299 -1.227987 -0.981182 0.016693 0.191950 87.776433
0.172265 0.024739 0.984657 1.729302 0.019845 0.999312 -0.028579 -1.228707 -0.984769 0.024466 0.171669 87.821278
0.152568 0.031525 0.987702 2.153365 0.021981 0.999049 -0.035282 -1.229687 -0.987961 0.027096 0.151743 87.873159
0.134956 0.032323 0.990234 2.590825 0.019534 0.999098 -0.035274 -1.244003 -0.990570 0.024106 0.134214 87.927927
0.119531 0.027958 0.992346 3.045681 0.017675 0.999296 -0.030283 -1.266819 -0.992584 0.021161 0.118962 87.976986
0.105033 0.024714 0.994072 3.515858 0.017999 0.999392 -0.026748 -1.288056 -0.994217 0.020704 0.104533 88.019681
0.091867 0.022248 0.995433 3.998781 0.020325 0.999412 -0.024213 -1.305546 -0.995475 0.022459 0.091368 88.053268
0.080330 0.021432 0.996448 4.495995 0.024116 0.999346 -0.023439 -1.320349 -0.996388 0.025916 0.079767 88.082005
0.070255 0.022092 0.997195 5.007832 0.027300 0.999250 -0.024060 -1.335009 -0.997067 0.028916 0.069604 88.108085
0.062441 0.022633 0.997703 5.536490 0.029382 0.999180 -0.024505 -1.350310 -0.997527 0.030848 0.061729 88.134935
0.056871 0.022973 0.998027 6.083314 0.031093 0.999121 -0.024770 -1.366352 -0.997808 0.032443 0.056111 88.161185
0.051353 0.024081 0.998294 6.645919 0.032323 0.999051 -0.025762 -1.382663 -0.998062 0.033594 0.050530 88.185876
0.045420 0.024793 0.998557 7.227968 0.032892 0.999011 -0.026300 -1.399500 -0.998323 0.034043 0.044563 88.208775
0.041145 0.024867 0.998734 7.829201 0.035349 0.998920 -0.026328 -1.417519 -0.998418 0.036392 0.040225 88.228521
0.038246 0.024852 0.998846 8.449895 0.036876 0.998864 -0.026264 -1.436378 -0.998475 0.037842 0.037290 88.248944
0.035224 0.024446 0.998967 9.088291 0.037747 0.998843 -0.025774 -1.455657 -0.998553 0.038621 0.034264 88.270304
0.032868 0.023921 0.999051 9.744446 0.039862 0.998766 -0.025225 -1.475445 -0.998542 0.040659 0.031877 88.289212
0.032272 0.023574 0.999068 10.414133 0.044393 0.998570 -0.024996 -1.495643 -0.998360 0.045165 0.031182 88.304324
0.033390 0.023227 0.999042 11.105695 0.047994 0.998411 -0.024817 -1.516642 -0.998159 0.048783 0.032225 88.322064
0.035910 0.023174 0.998955 11.815134 0.049769 0.998319 -0.024948 -1.537800 -0.997983 0.050619 0.034700 88.346575
0.039817 0.023085 0.998806 12.537031 0.052290 0.998183 -0.025155 -1.560004 -0.997704 0.053236 0.038542 88.373892
0.044169 0.022677 0.998637 13.275007 0.052621 0.998173 -0.024994 -1.581006 -0.997508 0.053660 0.042900 88.407512
0.048323 0.021064 0.998478 14.031835 0.054139 0.998121 -0.023677 -1.602406 -0.997232 0.055208 0.047097 88.443865
0.052279 0.019530 0.998308 14.800555 0.053902 0.998162 -0.022350 -1.624706 -0.997042 0.054987 0.051136 88.488363
0.056432 0.017521 0.998124 15.582093 0.050803 0.998372 -0.020397 -1.646967 -0.996984 0.051866 0.055457 88.538916
0.060523 0.016530 0.997903 16.378250 0.049997 0.998430 -0.019571 -1.667939 -0.996786 0.051083 0.059609 88.592722
0.064668 0.017545 0.997633 17.182103 0.047335 0.998540 -0.020629 -1.690757 -0.996655 0.048563 0.063750 88.650866
0.067897 0.021739 0.997336 17.988413 0.045362 0.998536 -0.024854 -1.716371 -0.996532 0.046934 0.066819 88.712098
0.069178 0.027095 0.997121 18.792186 0.039657 0.998645 -0.029888 -1.743050 -0.996691 0.041615 0.068018 88.780610
0.069004 0.030300 0.997041 19.600997 0.036770 0.998660 -0.032894 -1.773618 -0.996813 0.038936 0.067805 88.845421
0.069162 0.029871 0.997042 20.416551 0.034479 0.998761 -0.032315 -1.807784 -0.996885 0.036616 0.068054 88.908337
0.069210 0.028131 0.997088 21.236495 0.031661 0.998913 -0.030381 -1.844792 -0.996973 0.033676 0.068252 88.971775
0.069059 0.026999 0.997128 22.055077 0.032621 0.998913 -0.029307 -1.878301 -0.996951 0.034556 0.068112 89.032452
0.069555 0.026396 0.997109 22.877434 0.030104 0.999014 -0.028546 -1.913289 -0.996995 0.032006 0.068700 89.097140
0.069743 0.026787 0.997089 23.693420 0.028507 0.999056 -0.028834 -1.948554 -0.997033 0.030438 0.068921 89.160855
0.069839 0.027411 0.997074 24.507335 0.025575 0.999132 -0.029259 -1.983799 -0.997114 0.027547 0.069085 89.226095
0.068610 0.028834 0.997117 25.319322 0.022710 0.999163 -0.030456 -2.019122 -0.997266 0.024737 0.067905 89.290141
0.065846 0.028483 0.997313 26.132620 0.019708 0.999246 -0.029840 -2.053707 -0.997517 0.021622 0.065242 89.351332
0.061914 0.027207 0.997606 26.945564 0.017165 0.999342 -0.028320 -2.088609 -0.997820 0.018879 0.061413 89.409746
0.057051 0.024809 0.997957 27.757945 0.015246 0.999442 -0.025717 -2.122434 -0.998140 0.016684 0.056647 89.462181
0.050777 0.022811 0.998342 28.571684 0.013042 0.999527 -0.023502 -2.155614 -0.998509 0.014216 0.050461 89.509669
0.043472 0.023015 0.998681 29.378982 0.012664 0.999528 -0.023586 -2.188157 -0.998858 0.013675 0.043165 89.546779
0.034812 0.024020 0.998998 30.183930 0.012553 0.999509 -0.024470 -2.217730 -0.999199 0.013394 0.034497 89.576636
0.024989 0.024477 0.999279 30.989188 0.012998 0.999494 -0.024808 -2.246145 -0.999486 0.013611 0.024661 89.595786
0.014873 0.023485 0.999504 31.790099 0.014194 0.999503 -0.023696 -2.276640 -0.999670 0.014542 0.014534 89.605914
0.004172 0.022514 0.999622 32.584950 0.013164 0.999537 -0.022567 -2.307586 -0.999780 0.013255 0.003874 89.610163
-0.006808 0.021731 0.999626 33.375834 0.014578 0.999539 -0.021630 -2.335977 -0.999747 0.014427 -0.007122 89.601599
-0.017781 0.022106 0.999476 34.161902 0.014743 0.999527 -0.021845 -2.365344 -0.999604 0.014349 -0.018100 89.587305
-0.028762 0.022694 0.999201 34.939213 0.015198 0.999506 -0.022263 -2.395639 -0.999337 0.014547 -0.029096 89.563720
-0.039292 0.023673 0.998818 35.712037 0.014765 0.999491 -0.023108 -2.427300 -0.998983 0.013841 -0.039626 89.532067
-0.049541 0.024715 0.998338 36.481624 0.015802 0.999457 -0.023958 -2.456472 -0.998513 0.014591 -0.049911 89.492267
-0.058917 0.025344 0.997816 37.239148 0.016566 0.999436 -0.024407 -2.487544 -0.997994 0.015094 -0.059311 89.443925
-0.068449 0.025809 0.997193 37.996277 0.017251 0.999415 -0.024682 -2.518310 -0.997372 0.015515 -0.068862 89.389696
-0.077752 0.026067 0.996503 38.741300 0.017911 0.999401 -0.024746 -2.549569 -0.996677 0.015926 -0.078182 89.329777
-0.086223 0.025551 0.995818 39.477480 0.019121 0.999396 -0.023987 -2.579023 -0.995956 0.016975 -0.086671 89.261858
-0.093496 0.024430 0.995201 40.210542 0.021030 0.999401 -0.022558 -2.607222 -0.995272 0.018823 -0.093964 89.189691
-0.098690 0.022766 0.994736 40.932466 0.023857 0.999379 -0.020506 -2.634734 -0.994704 0.021710 -0.099184 89.114369
-0.102443 0.021115 0.994391 41.643308 0.026797 0.999342 -0.018460 -2.661766 -0.994248 0.024759 -0.102954 89.036258
-0.105132 0.020015 0.994131 42.346376 0.028492 0.999317 -0.017107 -2.685787 -0.993918 0.026530 -0.105643 88.961319
-0.106856 0.019108 0.993962 43.037906 0.028679 0.999325 -0.016128 -2.710151 -0.993726 0.026786 -0.107346 88.888118
-0.107593 0.019528 0.993872 43.709126 0.029471 0.999295 -0.016444 -2.733727 -0.993621 0.027525 -0.108107 88.815460
-0.106602 0.020508 0.993970 44.364214 0.030254 0.999266 -0.017373 -2.758517 -0.993714 0.028223 -0.107157 88.743700
-0.103654 0.022109 0.994252 45.001007 0.031198 0.999212 -0.018967 -2.781864 -0.994002 0.029057 -0.104274 88.679425
-0.098432 0.022556 0.994778 45.617908 0.031206 0.999207 -0.019569 -2.805738 -0.994538 0.029120 -0.099068 88.621012
-0.090419 0.023236 0.995513 46.217860 0.030618 0.999196 -0.020541 -2.829713 -0.995306 0.028627 -0.091068 88.573246
-0.079219 0.023161 0.996457 46.798440 0.029452 0.999212 -0.020884 -2.853703 -0.996284 0.027697 -0.079849 88.535236
-0.065413 0.023436 0.997440 47.360061 0.028627 0.999209 -0.021600 -2.877808 -0.997298 0.027145 -0.066041 88.507880
-0.048188 0.024779 0.998388 47.903240 0.027707 0.999193 -0.023462 -2.900711 -0.998305 0.026536 -0.048843 88.494664
-0.026840 0.027311 0.999122 48.434264 0.026123 0.999156 -0.026610 -2.923683 -0.999148 0.025390 -0.027535 88.494885
-0.002201 0.030293 0.999392 48.963743 0.024026 0.999103 -0.030232 -2.947937 -0.999556 0.023949 -0.002927 88.511224
0.026208 0.032031 0.998994 49.487391 0.021979 0.999072 -0.032611 -2.971517 -0.999259 0.022816 0.025484 88.543167
0.059438 0.031531 0.997589 50.010872 0.019712 0.999120 -0.032754 -2.993275 -0.997887 0.021615 0.058772 88.593931
0.097618 0.029159 0.994655 50.528507 0.018495 0.999199 -0.031107 -3.014264 -0.994904 0.021436 0.097014 88.663507
0.139983 0.025425 0.989680 51.035090 0.016121 0.999328 -0.027953 -3.037273 -0.989869 0.019870 0.139499 88.754824
0.185508 0.021024 0.982265 51.532390 0.013198 0.999472 -0.023885 -3.061102 -0.982395 0.017398 0.185160 88.870224
0.234246 0.017792 0.971860 52.018679 0.008545 0.999601 -0.020360 -3.081579 -0.971979 0.013076 0.234036 89.012776
0.286029 0.016224 0.957918 52.491365 0.004671 0.999658 -0.018326 -3.100866 -0.958038 0.009718 0.285901 89.182153
0.341172 0.015813 0.939698 52.951246 0.003714 0.999663 -0.018170 -3.117930 -0.939818 0.009691 0.341052 89.375766
0.399572 0.016316 0.916382 53.393790 0.005625 0.999614 -0.020251 -3.133650 -0.916504 0.013249 0.399390 89.592923
0.459481 0.019625 0.887786 53.809465 0.006172 0.999493 -0.025289 -3.151476 -0.887976 0.017103 0.459201 89.840276
0.519046 0.022822 0.854248 54.202516 0.007252 0.999320 -0.031104 -3.168754 -0.854518 0.022344 0.518612 90.114424
0.577027 0.027227 0.816066 54.569438 0.002999 0.999195 -0.035457 -3.182169 -0.816511 0.022911 0.576576 90.420032
0.632683 0.030232 0.773603 54.911534 -0.001025 0.999097 -0.038206 -3.195971 -0.774188 0.023384 0.632248 90.748938
0.685284 0.031374 0.727373 55.232451 -0.002996 0.999014 -0.040268 -3.210133 -0.728038 0.025420 0.684815 91.098205
0.733752 0.030166 0.678520 55.523143 -0.004150 0.999035 -0.039927 -3.223954 -0.679173 0.026485 0.733282 91.467525
0.778558 0.026988 0.626744 55.793439 -0.006757 0.999218 -0.034633 -3.240974 -0.627284 0.022733 0.778252 91.859273
0.819299 0.022048 0.572668 56.035249 -0.007647 0.999431 -0.027538 -3.257004 -0.573037 0.018186 0.819128 92.271004
0.855065 0.019915 0.517828 56.248798 -0.010470 0.999551 -0.021154 -3.269844 -0.518105 0.012668 0.855027 92.701104
0.885464 0.016563 0.464059 56.432111 -0.011498 0.999665 -0.013741 -3.282819 -0.464212 0.006833 0.885503 93.137759
0.910265 0.017408 0.413260 56.583687 -0.015433 0.999673 -0.008118 -3.297700 -0.413340 0.001012 0.910386 93.577553
0.929715 0.019589 0.367311 56.716008 -0.019315 0.999630 -0.004424 -3.311478 -0.367326 -0.002982 0.929903 94.021637
0.944355 0.025593 0.327436 56.828244 -0.026541 0.999475 -0.001573 -3.321031 -0.327362 -0.007206 0.944692 94.479531
0.955710 0.029974 0.292222 56.932141 -0.030586 0.999356 -0.002479 -3.324218 -0.292160 -0.006570 0.956168 94.943841
0.964544 0.031953 0.261354 57.035348 -0.032519 0.999295 -0.002163 -3.327333 -0.261286 -0.006414 0.965062 95.417214
0.970410 0.026494 0.239311 57.143932 -0.026794 0.999463 -0.002001 -3.333031 -0.239280 -0.004471 0.970761 95.895431
0.974186 0.023533 0.223759 57.244935 -0.023857 0.999535 -0.001260 -3.341929 -0.223727 -0.004112 0.974461 96.383253
0.976889 0.027728 0.211128 57.333303 -0.028029 0.999424 -0.001565 -3.346123 -0.211091 -0.004390 0.977273 96.883361
0.978742 0.033194 0.201526 57.418668 -0.033670 0.999248 -0.001070 -3.346568 -0.201450 -0.005739 0.979295 97.389528
0.979652 0.040882 0.195583 57.500665 -0.041200 0.998959 -0.002446 -3.348323 -0.195519 -0.005663 0.980493 97.902602
0.979983 0.046685 0.192598 57.588728 -0.046402 0.998715 -0.005985 -3.356025 -0.192670 -0.003072 0.981067 98.424909
0.980069 0.047945 0.191842 57.686326 -0.047201 0.998658 -0.008444 -3.368744 -0.192029 -0.000779 0.981195 98.959273
0.979677 0.046450 0.194206 57.795745 -0.044965 0.998726 -0.012047 -3.379678 -0.194558 0.003070 0.980694 99.500490
0.978974 0.044899 0.198088 57.910640 -0.042054 0.998755 -0.018545 -3.387068 -0.198714 0.009826 0.979818 100.048519
0.978142 0.045089 0.202115 58.027910 -0.041207 0.998689 -0.023372 -3.395953 -0.202945 0.014535 0.978892 100.610841
0.976996 0.049940 0.206474 58.142569 -0.046189 0.998482 -0.022950 -3.409336 -0.207348 0.012887 0.977992 101.189275
0.975591 0.053078 0.212247 58.260095 -0.050174 0.998371 -0.019045 -3.423241 -0.212955 0.007933 0.976838 101.790099
0.974675 0.050272 0.217081 58.394202 -0.048293 0.998540 -0.014413 -3.439309 -0.217533 0.003566 0.975854 102.390508
0.974020 0.046001 0.220931 58.538399 -0.045155 0.998751 -0.008885 -3.453453 -0.221108 -0.001322 0.975055 103.013935
0.973291 0.043533 0.224611 58.683943 -0.043687 0.998846 -0.004289 -3.465406 -0.224584 -0.005639 0.974245 103.639186
0.972801 0.038973 0.227544 58.833671 -0.039163 0.999034 -0.003682 -3.474180 -0.227514 -0.005330 0.973564 104.275346
0.972861 0.035508 0.227851 58.987219 -0.034877 0.999175 -0.006797 -3.485492 -0.227951 -0.001335 0.973475 104.918064
0.973001 0.034715 0.227370 59.138461 -0.032424 0.999185 -0.013802 -3.498336 -0.227711 0.006058 0.973512 105.571817
0.973126 0.036944 0.226481 59.286073 -0.033176 0.999046 -0.020420 -3.511156 -0.227066 0.012360 0.973603 106.236172
0.973639 0.039827 0.223757 59.434152 -0.035299 0.998886 -0.024199 -3.522701 -0.224519 0.015666 0.974143 106.914224
0.974254 0.038199 0.221356 59.588932 -0.034645 0.999004 -0.019912 -3.537096 -0.221943 0.011733 0.974789 107.612267
0.974696 0.034187 0.220064 59.747017 -0.032282 0.999207 -0.012248 -3.554936 -0.220354 0.004835 0.975208 108.320955
0.975226 0.034651 0.217637 59.902242 -0.034073 0.999203 -0.006410 -3.573497 -0.217731 -0.001164 0.975810 109.042510
0.975495 0.038014 0.215850 60.051721 -0.037358 0.999078 -0.007121 -3.588199 -0.215967 -0.001118 0.976199 109.771590
0.975740 0.043570 0.213655 60.198196 -0.042028 0.998844 -0.011759 -3.600248 -0.213967 0.002495 0.976631 110.510700
0.976557 0.044319 0.209705 60.350937 -0.041659 0.998776 -0.017088 -3.612719 -0.210253 0.007953 0.977402 111.254977
0.977475 0.042998 0.205663 60.506681 -0.039736 0.998801 -0.019962 -3.628266 -0.206321 0.011343 0.978205 112.014222
0.978387 0.040750 0.201800 60.662812 -0.037813 0.998917 -0.018384 -3.647566 -0.202374 0.010358 0.979052 112.787770
0.979232 0.036849 0.198444 60.820380 -0.034295 0.999085 -0.016289 -3.667957 -0.198904 0.009146 0.979780 113.571916
0.979634 0.035866 0.196631 60.976220 -0.033879 0.999141 -0.013460 -3.688358 -0.196986 0.006526 0.980188 114.367459
0.980011 0.032624 0.195366 61.135251 -0.031041 0.999272 -0.011161 -3.704684 -0.195627 0.004874 0.980480 115.170447
0.980256 0.027514 0.194948 61.296554 -0.026066 0.999432 -0.009986 -3.720489 -0.195150 0.004708 0.980580 115.976837
0.980362 0.028325 0.194302 61.451016 -0.027219 0.999416 -0.008360 -3.736632 -0.194463 0.002908 0.980724 116.785584
0.980097 0.033765 0.194759 61.599655 -0.032379 0.999242 -0.010299 -3.752545 -0.194997 0.003789 0.980613 117.603707
0.979794 0.039294 0.195241 61.748826 -0.037348 0.999028 -0.013637 -3.768754 -0.195626 0.006071 0.980475 118.424503
0.979231 0.048119 0.196074 61.897654 -0.046005 0.998640 -0.015325 -3.783533 -0.196584 0.005987 0.980281 119.259520
0.978318 0.054090 0.199053 62.049316 -0.052183 0.998343 -0.014817 -3.802045 -0.199565 0.004109 0.979688 120.094528
0.977552 0.056623 0.202088 62.207809 -0.055178 0.998209 -0.012785 -3.824692 -0.202490 0.001348 0.979095 120.932165
0.976992 0.057195 0.204619 62.375635 -0.055567 0.998175 -0.013697 -3.844733 -0.205070 0.002012 0.978557 121.776835
0.976667 0.055742 0.206549 62.545598 -0.053485 0.998244 -0.016499 -3.864472 -0.207148 0.005067 0.978105 122.616278
0.976753 0.049462 0.207719 62.728743 -0.047365 0.998573 -0.015059 -3.887462 -0.208211 0.004871 0.977877 123.453861
0.977007 0.042817 0.207997 62.912295 -0.040253 0.998861 -0.016545 -3.913042 -0.208511 0.007794 0.977793 124.288667
0.976754 0.042206 0.209295 63.090270 -0.039633 0.998884 -0.016476 -3.939300 -0.209801 0.007800 0.977515 125.131773
0.976289 0.044902 0.210884 63.266680 -0.043002 0.998786 -0.013592 -3.961668 -0.211283 0.004203 0.977215 125.972333
0.975911 0.047126 0.212151 63.439978 -0.046498 0.998691 -0.007954 -3.979997 -0.212293 -0.002103 0.977004 126.818158
0.975477 0.050756 0.213291 63.608510 -0.051124 0.998485 -0.003795 -4.001653 -0.213206 -0.007204 0.976776 127.647491
0.975273 0.050091 0.214357 63.780161 -0.049032 0.998540 -0.010259 -4.023783 -0.214605 -0.000505 0.976492 128.463982
0.975592 0.045746 0.213878 63.961207 -0.041444 0.998635 -0.024557 -4.048910 -0.214757 0.015096 0.976342 129.276310
0.975898 0.043494 0.212955 64.143352 -0.037197 0.998544 -0.033484 -4.074898 -0.214148 0.024761 0.976279 130.090009
0.976117 0.040828 0.212484 64.317405 -0.036460 0.998835 -0.024432 -4.098119 -0.213280 0.016105 0.976652 130.913537
0.976490 0.034715 0.211869 64.492162 -0.034741 0.999191 -0.003603 -4.123963 -0.211868 -0.003843 0.977086 131.748748
0.976742 0.031591 0.211193 64.668261 -0.034809 0.999130 0.011534 -4.148674 -0.210690 -0.018621 0.977173 132.586088
0.976736 0.036211 0.210452 64.830915 -0.038310 0.999047 0.005900 -4.162767 -0.210083 -0.013828 0.977379 133.407030
0.976809 0.044346 0.208509 64.986118 -0.043180 0.998804 -0.010140 -4.171824 -0.208756 0.000902 0.977751 134.215614
0.977095 0.044363 0.207160 65.152152 -0.041534 0.998764 -0.017985 -4.183243 -0.207748 0.008970 0.977925 135.031220
0.977730 0.040336 0.205001 65.323215 -0.037305 0.998924 -0.018628 -4.209306 -0.205577 0.010568 0.978372 135.840776
0.978311 0.040053 0.202266 65.485434 -0.037399 0.998950 -0.016927 -4.239763 -0.202777 0.008997 0.978972 136.656572
0.979082 0.039483 0.198614 65.640521 -0.036589 0.998958 -0.018223 -4.259618 -0.199171 0.010577 0.979696 137.471263
0.980016 0.040528 0.193728 65.792894 -0.037396 0.998895 -0.019800 -4.283816 -0.194360 0.012162 0.980641 138.277351
0.980372 0.045612 0.190775 65.935504 -0.042630 0.998688 -0.019702 -4.313349 -0.191467 0.011185 0.981223 139.088534
0.980488 0.051662 0.188636 66.073542 -0.048770 0.998404 -0.019944 -4.336878 -0.189407 0.010357 0.981634 139.898282
0.980777 0.053075 0.186747 66.216556 -0.050601 0.998353 -0.017992 -4.362562 -0.187436 0.008198 0.982036 140.700383
0.981115 0.051044 0.185541 66.363967 -0.049473 0.998487 -0.013089 -4.387281 -0.185970 0.003663 0.982343 141.506454
0.981476 0.049611 0.184024 66.508174 -0.048031 0.998560 -0.013035 -4.411106 -0.184446 0.003956 0.982630 142.305441
0.982084 0.047933 0.181204 66.652919 -0.045801 0.998622 -0.015937 -4.435598 -0.181758 0.007354 0.983111 143.102816
0.983227 0.043141 0.176125 66.797875 -0.040308 0.998792 -0.019635 -4.459547 -0.176799 0.012209 0.983965 143.893375
0.984515 0.040286 0.169474 66.934758 -0.037330 0.998886 -0.020589 -4.480845 -0.170154 0.013947 0.985111 144.685720
0.985671 0.038536 0.163019 67.062192 -0.036549 0.999009 -0.015175 -4.502525 -0.163480 0.009001 0.986295 145.483145
0.986742 0.036030 0.157027 67.182342 -0.035413 0.999145 -0.006724 -4.522652 -0.157171 0.001074 0.987364 146.278546
0.987419 0.033082 0.153402 67.302101 -0.033894 0.999221 0.002676 -4.536512 -0.153229 -0.007843 0.987956 147.093298
0.987790 0.039778 0.149357 67.404733 -0.041035 0.998941 0.005342 -4.547705 -0.149020 -0.011408 0.988563 147.885385
0.988396 0.042571 0.144477 67.505959 -0.043145 0.998863 0.000833 -4.559763 -0.144311 -0.007058 0.989299 148.666805
0.989481 0.043011 0.136762 67.610550 -0.042132 0.998870 -0.009317 -4.570938 -0.137039 0.003457 0.990359 149.446836
0.990506 0.039726 0.130170 67.713075 -0.038128 0.998965 -0.014742 -4.579713 -0.130652 0.009641 0.991180 150.245284
0.991375 0.038996 0.123610 67.806227 -0.037598 0.999000 -0.013627 -4.595913 -0.124047 0.008864 0.992035 151.052927
0.992008 0.045716 0.116002 67.884000 -0.044845 0.998744 -0.010108 -4.616694 -0.116346 0.004826 0.992996 151.870650
0.992652 0.051174 0.107895 67.953079 -0.050229 0.998469 -0.011460 -4.636047 -0.108343 0.005957 0.993892 152.685324
0.993575 0.053759 0.097635 68.022015 -0.052332 0.998278 -0.017115 -4.654425 -0.098412 0.011898 0.994869 153.497452
0.994459 0.052340 0.089045 68.089261 -0.050809 0.998317 -0.019375 -4.672677 -0.089932 0.014747 0.995634 154.314229
0.995141 0.052467 0.080940 68.147499 -0.051299 0.998341 -0.016436 -4.691880 -0.081690 0.012207 0.996375 155.136420
0.995571 0.055258 0.073394 68.191444 -0.054730 0.998248 -0.009188 -4.712636 -0.073793 0.005132 0.997048 155.964430
0.995935 0.058743 0.065311 68.229125 -0.058652 0.998062 -0.003321 -4.728206 -0.065398 -0.000524 0.997647 156.790838
0.996453 0.057769 0.057812 68.267748 -0.057872 0.998110 0.000114 -4.740502 -0.057714 -0.003460 0.998112 157.614987
0.996735 0.058684 0.051665 68.299680 -0.058882 0.998046 0.002300 -4.750617 -0.051445 -0.005336 0.998445 158.437756
0.996997 0.057860 0.047405 68.331080 -0.057953 0.998105 0.000590 -4.762889 -0.047297 -0.003337 0.998661 159.264018
0.996916 0.062738 0.042688 68.351518 -0.062590 0.997815 -0.004807 -4.775233 -0.042911 0.002121 0.998863 160.081391
0.996687 0.068636 0.038816 68.365235 -0.068241 0.997392 -0.011396 -4.789882 -0.039510 0.008711 0.998969 160.898111
0.996710 0.069933 0.035751 68.382454 -0.069483 0.997276 -0.013676 -4.802778 -0.036624 0.011149 0.999053 161.716928
0.996684 0.071721 0.032797 68.400179 -0.071509 0.997197 -0.007584 -4.816811 -0.033262 0.005214 0.999219 162.544016
0.996569 0.074065 0.031119 68.411579 -0.074189 0.997029 0.002846 -4.827540 -0.030828 -0.005146 0.999300 163.378226
0.996560 0.075431 0.028041 68.423405 -0.075742 0.996866 0.010195 -4.839066 -0.027196 -0.012286 0.999346 164.208446
0.996946 0.072006 0.022850 68.438857 -0.072185 0.997157 0.007110 -4.849132 -0.022284 -0.008740 0.999505 165.020197
0.997882 0.059657 0.016732 68.460808 -0.059620 0.998008 -0.002723 -4.857713 -0.016870 0.001720 0.999647 165.833348
0.998116 0.057280 0.009355 68.470370 -0.057213 0.998125 -0.007276 -4.861054 -0.009762 0.006728 0.999719 166.645836
0.997926 0.061188 0.002648 68.457003 -0.061172 0.997901 -0.005855 -4.870971 -0.003007 0.005682 0.999770 167.477988
0.998027 0.059358 -0.004838 68.444936 -0.059356 0.998026 0.000655 -4.885282 0.004862 -0.000367 0.999778 168.313334
0.998265 0.054062 -0.012230 68.434634 -0.054012 0.998319 0.004366 -4.895111 0.012441 -0.003699 0.999705 169.152275
0.998609 0.045437 -0.017884 68.422078 -0.045290 0.998726 0.008538 -4.896625 0.018247 -0.007717 0.999594 169.985714
0.998652 0.041325 -0.024235 68.402188 -0.041127 0.998904 0.008631 -4.904667 0.024564 -0.007624 0.999457 170.816689
0.998603 0.038133 -0.030748 68.373727 -0.038093 0.999063 0.001904 -4.916085 0.030792 -0.000730 0.999317 171.643974
0.998646 0.028933 -0.038513 68.349145 -0.029266 0.999333 -0.008111 -4.924233 0.038254 0.009229 0.999020 172.465815
0.998597 0.018728 -0.045316 68.324793 -0.019294 0.999528 -0.012070 -4.933315 0.045071 0.012930 0.998687 173.297261
0.998190 0.022704 -0.051830 68.276795 -0.022971 0.999505 -0.004555 -4.944660 0.051705 0.005738 0.998425 174.131900
0.997616 0.033693 -0.056637 68.208797 -0.033249 0.999185 0.008758 -4.952885 0.056892 -0.006856 0.998134 174.972910
0.997155 0.038907 -0.061225 68.142435 -0.037963 0.998919 0.016498 -4.961931 0.061807 -0.014130 0.997765 175.821437
0.996935 0.038255 -0.065090 68.081073 -0.037448 0.998982 0.013581 -4.965044 0.065551 -0.011104 0.997564 176.659616
0.996711 0.039616 -0.067454 68.015443 -0.039514 0.998977 0.002843 -4.966882 0.067507 -0.000168 0.997481 177.493102
0.996015 0.050034 -0.070590 67.936190 -0.050600 0.998452 -0.006242 -4.972285 0.070179 0.009791 0.997239 178.323004
0.995931 0.048336 -0.072903 67.867874 -0.049179 0.998493 -0.009802 -4.983009 0.072331 0.013351 0.997042 179.163790
0.996004 0.043137 -0.075247 67.809386 -0.043628 0.998796 -0.004888 -4.996416 0.074956 0.008154 0.996913 180.022498
0.996015 0.043470 -0.074928 67.739387 -0.043300 0.998816 0.003889 -5.006136 0.075019 -0.000629 0.996943 180.885468
0.995960 0.045369 -0.074533 67.666244 -0.044793 0.998714 0.009387 -5.013439 0.074874 -0.006011 0.996936 181.737988
0.995830 0.045216 -0.076330 67.596342 -0.044690 0.998724 0.008586 -5.020403 0.076632 -0.005140 0.996806 182.588627
0.995790 0.041733 -0.078796 67.527371 -0.041902 0.998882 -0.000490 -5.029088 0.078700 0.003791 0.996650 183.431514
0.995984 0.030821 -0.081329 67.467906 -0.031905 0.999179 -0.012056 -5.042338 0.080903 0.014605 0.996374 184.275371
0.996070 0.020342 -0.083552 67.409025 -0.021765 0.999394 -0.016145 -5.056320 0.083186 0.017904 0.996133 185.125196
0.995925 0.023110 -0.084543 67.330560 -0.024175 0.999401 -0.011589 -5.072322 0.084238 0.013589 0.996112 185.978406
0.995676 0.029382 -0.085434 67.245817 -0.029556 0.999317 -0.000766 -5.090805 0.085367 0.003289 0.996096 186.827795
0.995514 0.030598 -0.086893 67.165740 -0.030469 0.999285 0.002808 -5.109201 0.086931 -0.000148 0.995966 187.673004
0.995458 0.029530 -0.087896 67.089058 -0.029727 0.999311 -0.000933 -5.121726 0.087823 0.003543 0.995882 188.515941
0.995459 0.029642 -0.087842 67.009456 -0.030389 0.999266 -0.007178 -5.132231 0.087579 0.009817 0.995861 189.351920
0.995194 0.036359 -0.088304 66.920602 -0.037174 0.999032 -0.007589 -5.144747 0.087957 0.010838 0.995815 190.189462
0.995056 0.039224 -0.088567 66.836000 -0.039779 0.998945 -0.004504 -5.161368 0.088312 0.008007 0.995806 191.027073
0.994829 0.043212 -0.089241 66.751087 -0.043499 0.998797 -0.001273 -5.177350 0.089094 0.005150 0.995753 191.858416
0.994661 0.046846 -0.089251 66.666789 -0.046899 0.998640 0.001509 -5.188698 0.089216 0.002686 0.995749 192.689557
0.994452 0.049942 -0.089898 66.581474 -0.050052 0.998488 0.001041 -5.200438 0.089830 0.003465 0.995692 193.510149
0.994500 0.047718 -0.090530 66.503635 -0.048142 0.998575 -0.002499 -5.218487 0.090299 0.006845 0.995627 194.323984
0.994297 0.049635 -0.091693 66.420492 -0.050562 0.998425 -0.007804 -5.231362 0.091179 0.012399 0.995491 195.126034
0.994106 0.050941 -0.093043 66.337348 -0.051865 0.998361 -0.007538 -5.242254 0.092523 0.012322 0.995368 195.927134
0.993914 0.051713 -0.094637 66.255242 -0.051727 0.998392 0.002313 -5.253854 0.094622 0.002597 0.995242 196.723917
0.993865 0.050251 -0.095917 66.177656 -0.049379 0.998447 0.011441 -5.267442 0.096361 -0.006637 0.995056 197.521787
0.994107 0.044413 -0.096303 66.103763 -0.043339 0.998707 0.013219 -5.278130 0.096784 -0.008969 0.994997 198.298048
