1.000000 0.000000 0.000000 0.000000 0.000000 1.000000 0.000000 0.000000 0.000000 0.000000 1.000000 0.000000
0.999998 0.000720 0.001401 -0.004630 -0.000714 0.999988 -0.004630 -0.002446 -0.001404 0.004629 0.999988 0.961204
0.999993 -0.001583 0.002050 -0.002368 0.001594 0.999980 -0.005467 -0.001366 -0.002042 0.005470 0.999980 1.920117
0.999988 -0.003230 0.001961 -0.000436 0.003233 0.999988 -0.001467 -0.001895 -0.001956 0.001473 0.999992 2.879357
0.999979 -0.005660 0.001182 0.001682 0.005655 0.999969 0.004555 -0.004033 -0.001208 -0.004548 0.999985 3.838109
0.999946 -0.009369 -0.000286 0.004445 0.009370 0.999935 0.004521 -0.001210 0.000244 -0.004523 0.999979 4.781952
0.999915 -0.011993 -0.001366 0.003649 0.011995 0.999914 0.001682 0.001698 0.001346 -0.001698 0.999986 5.718114
0.999903 -0.012664 -0.002195 -0.000029 0.012660 0.999903 -0.001795 0.002985 0.002217 0.001767 0.999981 6.650652
0.999903 -0.012411 -0.003100 -0.006372 0.012404 0.999904 -0.002387 0.002863 0.003130 0.002348 0.999977 7.584480
0.999903 -0.012042 -0.004126 -0.014738 0.012040 0.999911 -0.000566 0.002458 0.004132 0.000516 0.999975 8.515289
0.999888 -0.011920 -0.005009 -0.021947 0.011932 0.999898 0.002391 0.002106 0.004980 -0.002451 0.999957 9.444795
0.999879 -0.012163 -0.006015 -0.029599 0.012186 0.999889 0.003841 0.003653 0.005968 -0.003914 0.999946 10.368218
0.999853 -0.013569 -0.006666 -0.037126 0.013600 0.999864 0.004626 0.007335 0.006602 -0.004717 0.999934 11.287999
0.999834 -0.013793 -0.007614 -0.045234 0.013829 0.999852 0.004599 0.010288 0.007550 -0.004704 0.999919 12.201105
0.999811 -0.014153 -0.008328 -0.057250 0.014179 0.999843 0.003165 0.012824 0.008283 -0.003283 0.999908 13.115307
0.999786 -0.014646 -0.009768 -0.070137 0.014657 0.999836 0.001124 0.015862 0.009750 -0.001267 0.999894 14.027346
0.999747 -0.016021 -0.011354 -0.082416 0.016019 0.999815 -0.000225 0.018020 0.011356 0.000043 0.999877 14.933143
0.999736 -0.015679 -0.013049 -0.097731 0.015669 0.999824 -0.000879 0.017538 0.013061 0.000674 0.999860 15.835728
0.999736 -0.014413 -0.014628 -0.116682 0.014389 0.999844 -0.001743 0.015588 0.014652 0.001532 0.999840 16.736046
0.999723 -0.012989 -0.016295 -0.137605 0.012962 0.999857 -0.001724 0.014305 0.016316 0.001512 0.999808 17.633188
0.999687 -0.013477 -0.017808 -0.157755 0.013463 0.999848 -0.000893 0.013365 0.017818 0.000653 0.999779 18.527246
0.999667 -0.012972 -0.019215 -0.180378 0.012982 0.999853 0.000431 0.012066 0.019208 -0.000680 0.999752 19.416348
0.999642 -0.012637 -0.020626 -0.204080 0.012661 0.999856 0.001052 0.011393 0.020611 -0.001313 0.999723 20.300952
0.999594 -0.013690 -0.022210 -0.226497 0.013713 0.999842 0.000891 0.011597 0.022196 -0.001195 0.999689 21.179982
0.999554 -0.013814 -0.023879 -0.251201 0.013830 0.999841 0.000484 0.011743 0.023870 -0.000814 0.999651 22.052656
0.999538 -0.013693 -0.025097 -0.276037 0.013719 0.999854 0.000870 0.012303 0.025083 -0.001214 0.999633 22.917136
0.999503 -0.013545 -0.026280 -0.301591 0.013623 0.999846 0.002815 0.014226 0.026239 -0.003172 0.999593 23.776797
0.999463 -0.014662 -0.027104 -0.326401 0.014819 0.999815 0.005574 0.016531 0.027019 -0.005973 0.999557 24.626279
0.999445 -0.014495 -0.027842 -0.353220 0.014700 0.999807 0.007163 0.018316 0.027735 -0.007568 0.999526 25.466588
0.999432 -0.013837 -0.028589 -0.381535 0.014015 0.999823 0.006030 0.020965 0.028502 -0.006428 0.999512 26.293652
0.999427 -0.012303 -0.029402 -0.413036 0.012408 0.999856 0.003393 0.024420 0.029358 -0.003756 0.999500 27.110188
0.999405 -0.011955 -0.030269 -0.440532 0.012012 0.999865 0.001676 0.027531 0.030247 -0.002039 0.999478 27.914916
0.999381 -0.011162 -0.031336 -0.469695 0.011209 0.999875 0.001307 0.028883 0.031319 -0.001657 0.999446 28.709516
0.999342 -0.011328 -0.032522 -0.499237 0.011361 0.999874 0.000821 0.027689 0.032511 -0.001190 0.999409 29.497458
0.999274 -0.011054 -0.034595 -0.529545 0.011061 0.999875 0.000016 0.025984 0.034592 -0.000398 0.999339 30.274467
0.999198 -0.010961 -0.036662 -0.560453 0.010964 0.999872 -0.000106 0.027018 0.036661 -0.000296 0.999261 31.044114
0.999119 -0.010870 -0.038743 -0.592540 0.010914 0.999869 0.000908 0.030549 0.038731 -0.001331 0.999180 31.808279
0.999033 -0.011213 -0.040910 -0.624371 0.011353 0.999864 0.003185 0.031888 0.040872 -0.003646 0.999094 32.561116
0.998960 -0.010187 -0.042951 -0.660288 0.010396 0.999870 0.004659 0.033367 0.042901 -0.005101 0.999004 33.304698
0.998881 -0.008919 -0.045036 -0.696621 0.009147 0.999881 0.004853 0.035571 0.044991 -0.005260 0.998911 34.036379
0.998813 -0.006359 -0.046938 -0.737306 0.006555 0.999905 0.004034 0.037532 0.046911 -0.004337 0.998827 34.755453
0.998728 -0.004705 -0.048862 -0.777376 0.004872 0.999916 0.003307 0.040551 0.048846 -0.003541 0.998736 35.464884
0.998646 -0.004384 -0.050561 -0.816167 0.004612 0.999914 0.004383 0.044643 0.050541 -0.004611 0.998648 36.167101
0.998591 -0.003028 -0.051759 -0.856265 0.003353 0.999910 0.006201 0.048667 0.051739 -0.006366 0.998578 36.861892
0.998586 -0.000155 -0.051930 -0.897618 0.000507 0.999912 0.006759 0.050437 0.051928 -0.006776 0.998565 37.542695
0.998633 0.002972 -0.050916 -0.938285 -0.002736 0.999919 0.004721 0.050824 0.050929 -0.004576 0.998628 38.208673
0.998705 0.004605 -0.049359 -0.974182 -0.004534 0.999922 0.001544 0.054088 0.049366 -0.001318 0.998716 38.861616
0.998800 0.005098 -0.047327 -1.005364 -0.005123 0.999920 -0.000402 0.058974 0.047324 0.000644 0.998815 39.507951
0.998931 0.006253 -0.044344 -1.035589 -0.006243 0.999914 0.000354 0.062375 0.044345 -0.000077 0.998953 40.151633
0.999024 0.010972 -0.041226 -1.068427 -0.010853 0.999870 0.003122 0.061500 0.041258 -0.002671 0.999082 40.789369
0.999111 0.015291 -0.037584 -1.097920 -0.015051 0.999798 0.006673 0.061219 0.037681 -0.006102 0.999208 41.414953
0.999167 0.020331 -0.033444 -1.123695 -0.020087 0.999701 0.007625 0.063791 0.033591 -0.006947 0.999346 42.021491
0.999243 0.024075 -0.028223 -1.144914 -0.023862 0.999614 0.007863 0.068509 0.028403 -0.007184 0.999503 42.610957
0.999288 0.027851 -0.022560 -1.161247 -0.027635 0.999499 0.009835 0.073720 0.022825 -0.009205 0.999630 43.183853
0.999269 0.032615 -0.016126 -1.175207 -0.032439 0.999342 0.011057 0.076729 0.016477 -0.010527 0.999742 43.737281
0.999245 0.035869 -0.009186 -1.183414 -0.035770 0.999231 0.010733 0.078235 0.009565 -0.010397 0.999833 44.270817
0.999158 0.039243 -0.001995 -1.187480 -0.039219 0.999101 0.010815 0.079738 0.002418 -0.010729 0.999872 44.784101
0.998961 0.043581 0.005379 -1.187129 -0.043635 0.998918 0.010371 0.082934 -0.004922 -0.010596 0.999859 45.274831
0.998693 0.047863 0.012836 -1.183829 -0.047964 0.998740 0.007645 0.085816 -0.012455 -0.008251 0.999812 45.743068
0.998470 0.049694 0.020713 -1.174466 -0.049797 0.998668 0.004515 0.087791 -0.020462 -0.005540 0.999697 46.187469
0.998256 0.050138 0.028431 -1.158331 -0.050279 0.998644 0.004274 0.089749 -0.028180 -0.005697 0.999507 46.616146
0.998040 0.049403 0.036242 -1.137798 -0.049641 0.998669 0.005692 0.090277 -0.035916 -0.007481 0.999248 47.018107
0.997641 0.051047 0.044098 -1.115999 -0.051378 0.998577 0.006405 0.091336 -0.043712 -0.008656 0.998928 47.398800
0.997047 0.054174 0.052842 -1.099111 -0.054596 0.998402 0.006576 0.092332 -0.052406 -0.009442 0.998499 47.750416
0.996280 0.058895 0.061462 -1.079184 -0.059376 0.998127 0.006027 0.092219 -0.060998 -0.009655 0.998004 48.080106
0.995461 0.062653 0.070353 -1.056236 -0.063235 0.997889 0.006076 0.091815 -0.069830 -0.010498 0.997415 48.384113
0.994803 0.062018 0.079586 -1.026395 -0.062749 0.997913 0.006718 0.090655 -0.079011 -0.011678 0.996714 48.666425
0.993966 0.060843 0.090201 -0.992813 -0.061534 0.997997 0.004896 0.089355 -0.089731 -0.010418 0.995818 48.938332
0.992890 0.059480 0.102111 -0.959221 -0.059832 0.998105 0.000385 0.089646 -0.101905 -0.006493 0.994674 49.206046
0.990626 0.058537 0.122551 -1.202991 -0.058171 0.998176 -0.006564 0.188418 -0.122725 -0.000627 0.992336 49.800540
0.988471 0.060230 0.138103 -1.163216 -0.059581 0.998070 -0.008832 0.188382 -0.138385 0.000502 0.990269 50.067546
0.985968 0.061790 0.154314 -1.116037 -0.060954 0.997969 -0.010149 0.187135 -0.154646 0.000601 0.987856 50.328065
0.983125 0.062328 0.171281 -1.063388 -0.061278 0.997932 -0.011411 0.186515 -0.171660 0.000723 0.985038 50.588550
0.979873 0.061381 0.189268 -1.000481 -0.060093 0.997982 -0.012540 0.184833 -0.189681 0.000914 0.981718 50.842725
0.976005 0.060323 0.208584 -0.932378 -0.058933 0.998043 -0.012879 0.182754 -0.208982 0.000278 0.977788 51.094163
0.971444 0.060553 0.228811 -0.862093 -0.058885 0.998025 -0.014115 0.181087 -0.229247 0.000238 0.973233 51.346718
0.966100 0.062648 0.249871 -0.784630 -0.060506 0.997888 -0.016251 0.177946 -0.250399 0.000581 0.967998 51.595942
0.959845 0.063937 0.272615 -0.699903 -0.061259 0.997806 -0.018334 0.175440 -0.273230 0.000898 0.961803 51.846157
0.952496 0.065076 0.297033 -0.606086 -0.062107 0.997734 -0.019433 0.171341 -0.297669 0.000062 0.954524 52.097798
0.943918 0.067889 0.322679 -0.506136 -0.064812 0.997546 -0.020285 0.165881 -0.323312 -0.001766 0.946145 52.347399
0.934003 0.069925 0.349947 -0.397686 -0.066683 0.997403 -0.021321 0.158586 -0.350580 -0.003422 0.936381 52.593121
0.922764 0.070612 0.378468 -0.277726 -0.067077 0.997351 -0.022533 0.149579 -0.379111 -0.004594 0.925194 52.833296
0.910050 0.068795 0.408405 -0.141423 -0.064400 0.997481 -0.024520 0.140810 -0.409122 -0.003987 0.912324 53.066595
0.895156 0.066018 0.440519 0.007333 -0.060260 0.997675 -0.027066 0.132465 -0.441346 -0.002318 0.897186 53.291721
0.877857 0.065356 0.474174 0.165981 -0.057446 0.997733 -0.031167 0.124184 -0.475199 0.000121 0.879741 53.512467
0.858290 0.067227 0.508496 0.333669 -0.056746 0.997609 -0.036110 0.115899 -0.509774 0.002138 0.860168 53.735625
0.836484 0.069208 0.543376 0.518870 -0.056234 0.997473 -0.040476 0.107229 -0.544874 0.003301 0.838373 53.959825
0.811980 0.072128 0.579004 0.719955 -0.057237 0.997271 -0.043964 0.096807 -0.580668 0.002558 0.813997 54.185923
0.784589 0.076040 0.615138 0.935151 -0.059983 0.996982 -0.046734 0.083520 -0.616914 -0.000231 0.786885 54.416871
0.754652 0.080293 0.651005 1.166625 -0.063461 0.996639 -0.049357 0.068006 -0.652864 -0.004067 0.757311 54.649054
0.721687 0.081431 0.687231 1.425089 -0.063152 0.996535 -0.051763 0.051657 -0.689155 -0.006044 0.724426 54.876755
0.685110 0.078936 0.723976 1.711951 -0.059411 0.996728 -0.052453 0.032436 -0.725843 -0.007077 0.687651 55.102197
0.645989 0.077528 0.759232 2.019435 -0.056472 0.996829 -0.053741 0.013077 -0.761092 -0.008160 0.648408 55.321216
0.603593 0.077110 0.793389 2.353453 -0.054434 0.996844 -0.055471 -0.005041 -0.795271 -0.009707 0.605970 55.537387
0.557555 0.076791 0.826421 2.710262 -0.050733 0.996871 -0.058401 -0.025015 -0.828434 -0.009366 0.559785 55.741762
0.509378 0.075711 0.857050 3.097187 -0.047581 0.996943 -0.059790 -0.047768 -0.859077 -0.010325 0.511496 55.937334
0.460671 0.073801 0.884345 3.506634 -0.045699 0.997053 -0.059400 -0.070861 -0.886248 -0.013052 0.462752 56.119583
0.410908 0.071673 0.908704 3.940673 -0.045500 0.997138 -0.058073 -0.092988 -0.910396 -0.017486 0.413054 56.290525
0.360802 0.071424 0.929754 4.390028 -0.048436 0.997014 -0.057795 -0.113669 -0.931241 -0.024184 0.363239 56.444429
0.311478 0.071762 0.947387 4.856089 -0.046249 0.996962 -0.060311 -0.134283 -0.948981 -0.025034 0.313900 56.574737
0.264519 0.068478 0.961792 5.344510 -0.035179 0.997348 -0.061334 -0.163585 -0.963591 -0.017613 0.266270 56.670130
0.220568 0.062571 0.973209 5.853408 -0.022003 0.997856 -0.059168 -0.192373 -0.974976 -0.008364 0.221508 56.741940
0.178454 0.061675 0.981861 6.377390 -0.012973 0.997944 -0.060327 -0.217853 -0.983717 -0.001973 0.178917 56.802831
0.139931 0.063238 0.987988 6.909043 -0.009695 0.997847 -0.062496 -0.240221 -0.989968 -0.000834 0.140266 56.858342
0.107322 0.063987 0.992011 7.456805 -0.000871 0.997781 -0.064264 -0.271747 -0.994078 0.006034 0.107158 56.892583
0.078333 0.062253 0.994823 8.014584 0.006306 0.997839 -0.062938 -0.306858 -0.996755 0.011205 0.077785 56.914618
0.053265 0.060591 0.996581 8.587308 0.013246 0.997867 -0.061377 -0.337989 -0.998340 0.016472 0.052359 56.928562
0.033347 0.059718 0.997499 9.171460 0.017837 0.997859 -0.060335 -0.363512 -0.999132 0.019808 0.032217 56.933543
0.017494 0.061529 0.997792 9.764330 0.020534 0.997713 -0.061884 -0.391714 -0.999483 0.021574 0.016195 56.934949
0.004047 0.061210 0.997954 10.365359 0.021278 0.997731 -0.061283 -0.424382 -0.999609 0.021487 0.002737 56.932365
-0.007664 0.062091 0.997873 10.975872 0.021923 0.997673 -0.061910 -0.458632 -0.999569 0.021405 -0.009008 56.926420
-0.016697 0.065087 0.997574 11.597307 0.026771 0.997385 -0.064626 -0.490129 -0.999343 0.025632 -0.018397 56.908616
-0.023153 0.067135 0.997311 12.231898 0.031087 0.997145 -0.066402 -0.521912 -0.999091 0.029471 -0.025177 56.886583
-0.027812 0.066469 0.997233 12.875662 0.031579 0.997180 -0.065585 -0.555553 -0.998953 0.029673 -0.029837 56.868782
-0.031412 0.063747 0.997295 13.531798 0.029295 0.997418 -0.062832 -0.589729 -0.998907 0.027247 -0.033203 56.854491
-0.033879 0.056862 0.997630 14.208930 0.027326 0.997883 -0.055949 -0.624056 -0.998882 0.025370 -0.035366 56.836945
-0.035056 0.051197 0.997895 14.895501 0.028609 0.998152 -0.050205 -0.657284 -0.998804 0.026794 -0.036461 56.811814
-0.035444 0.048625 0.998008 15.587831 0.031318 0.998201 -0.047522 -0.690254 -0.998708 0.029577 -0.036909 56.783258
-0.035085 0.050887 0.997907 16.285506 0.034702 0.997983 -0.049670 -0.724071 -0.998608 0.032893 -0.036786 56.754392
-0.034300 0.058296 0.997529 16.985356 0.035760 0.997550 -0.057067 -0.754853 -0.998597 0.033721 -0.036306 56.731426
-0.032029 0.066329 0.997102 17.698114 0.036558 0.997026 -0.065149 -0.786598 -0.998644 0.034372 -0.034364 56.710139
-0.029853 0.067092 0.997118 18.420405 0.037332 0.996943 -0.065962 -0.819799 -0.998682 0.035262 -0.032271 56.690481
-0.027743 0.062714 0.997464 19.157103 0.036750 0.997239 -0.061677 -0.858708 -0.998764 0.034952 -0.029975 56.673857
-0.025155 0.056182 0.997921 19.901777 0.036355 0.997629 -0.055249 -0.902088 -0.998846 0.034896 -0.027141 56.658605
-0.022331 0.054512 0.998077 20.639975 0.034581 0.997771 -0.053721 -0.943625 -0.998972 0.033321 -0.024169 56.648519
-0.018977 0.059951 0.997834 21.370271 0.042428 0.997164 -0.059103 -0.982607 -0.998739 0.041222 -0.021470 56.626564
-0.015573 0.065569 0.997540 22.100576 0.044112 0.996735 -0.064827 -1.020921 -0.998725 0.043002 -0.018417 56.612920
-0.013193 0.066151 0.997536 22.835335 0.038201 0.996928 -0.065605 -1.059844 -0.999003 0.037249 -0.015681 56.615771
-0.009873 0.062645 0.997801 23.572833 0.033813 0.997300 -0.062279 -1.100757 -0.999199 0.033131 -0.011966 56.620681
-0.005071 0.058991 0.998056 24.314259 0.037928 0.997363 -0.058757 -1.148438 -0.999085 0.037563 -0.007295 56.612689
-0.001471 0.060077 0.998003 25.054027 0.042712 0.997098 -0.059959 -1.191974 -0.998903 0.042547 -0.004032 56.605608
0.001421 0.064717 0.997713 25.789733 0.042480 0.996810 -0.064719 -1.232601 -0.998913 0.042483 -0.001332 56.609310
0.005198 0.065494 0.997649 26.525257 0.038938 0.996893 -0.065647 -1.272449 -0.999044 0.039196 0.002634 56.620625
0.008886 0.065033 0.997652 27.261277 0.038237 0.996940 -0.065327 -1.316273 -0.999044 0.038736 0.006374 56.632186
0.012599 0.061865 0.997812 28.009351 0.042398 0.996962 -0.062347 -1.362099 -0.998835 0.043099 0.009941 56.637247
0.016245 0.062438 0.997723 28.756263 0.046987 0.996705 -0.063139 -1.408367 -0.998576 0.047916 0.013261 56.643975
0.019884 0.063308 0.997612 29.503782 0.049903 0.996504 -0.064232 -1.451625 -0.998379 0.051071 0.016660 56.655303
0.022560 0.063238 0.997559 30.254206 0.050399 0.996472 -0.064309 -1.494886 -0.998297 0.051736 0.019298 56.674801
0.026157 0.061767 0.997563 31.007048 0.051866 0.996476 -0.063060 -1.538911 -0.998134 0.053399 0.022867 56.693482
0.030026 0.060691 0.997519 31.759327 0.053956 0.996415 -0.062248 -1.585558 -0.997913 0.055702 0.026651 56.711465
0.032875 0.061005 0.997407 32.513276 0.052320 0.996473 -0.062673 -1.628029 -0.997907 0.054255 0.029575 56.740123
0.036062 0.062730 0.997189 33.263781 0.049641 0.996493 -0.064482 -1.671459 -0.997933 0.051837 0.032830 56.772079
0.038931 0.062733 0.997080 34.020336 0.051390 0.996390 -0.064696 -1.715944 -0.997736 0.053770 0.035575 56.800807
0.041712 0.062466 0.996983 34.780595 0.049172 0.996514 -0.064494 -1.760594 -0.997735 0.051724 0.038504 56.836407
0.044084 0.062814 0.996860 35.539300 0.047560 0.996567 -0.064898 -1.804560 -0.997711 0.050282 0.040955 56.875223
0.046971 0.062818 0.996726 36.301318 0.044616 0.996700 -0.064919 -1.851513 -0.997714 0.047529 0.044024 56.917264
0.050373 0.064820 0.996430 37.064136 0.043264 0.996619 -0.067019 -1.897398 -0.997606 0.046495 0.047409 56.958764
0.053773 0.068309 0.996019 37.826339 0.042275 0.996413 -0.070619 -1.944651 -0.997471 0.045914 0.050704 57.002948
0.057300 0.070418 0.995672 38.593487 0.042476 0.996236 -0.072902 -1.994924 -0.997262 0.046479 0.054106 57.047644
0.060188 0.072774 0.995327 39.364530 0.036387 0.996313 -0.075046 -2.042756 -0.997328 0.040743 0.057331 57.105115
0.062949 0.071965 0.995214 40.139532 0.032751 0.996507 -0.074130 -2.093513 -0.997283 0.037268 0.060387 57.163052
0.066770 0.072557 0.994922 40.916514 0.034926 0.996368 -0.075006 -2.147629 -0.996960 0.039765 0.064008 57.214708
0.070708 0.073669 0.994568 41.694832 0.034249 0.996298 -0.076232 -2.202928 -0.996712 0.039462 0.067939 57.271455
0.074423 0.074619 0.994226 42.487089 0.030392 0.996360 -0.077053 -2.255067 -0.996567 0.035959 0.071901 57.341331
0.078715 0.072657 0.994041 43.285165 0.029479 0.996531 -0.075173 -2.308275 -0.996264 0.035228 0.076317 57.408860
0.083601 0.072455 0.993656 44.084877 0.030108 0.996511 -0.075196 -2.368022 -0.995847 0.036211 0.081146 57.476323
0.088697 0.076023 0.992947 44.880366 0.026709 0.996339 -0.078668 -2.425680 -0.995502 0.033506 0.086362 57.555136
0.094833 0.084585 0.991699 45.673501 0.025070 0.995673 -0.087321 -2.484906 -0.994991 0.033150 0.092322 57.638846
0.102227 0.089405 0.990543 46.470026 0.023585 0.995265 -0.092265 -2.546058 -0.994297 0.032801 0.099655 57.725704
0.109514 0.092359 0.989493 47.267898 0.019430 0.995094 -0.095032 -2.612102 -0.993611 0.029639 0.107205 57.824462
0.116658 0.090584 0.988842 48.078104 0.015719 0.995351 -0.093034 -2.682698 -0.992865 0.026402 0.114715 57.930305
0.124332 0.088898 0.988072 48.888311 0.015836 0.995498 -0.091558 -2.750997 -0.991944 0.027036 0.122388 58.036955
0.131738 0.085484 0.987411 49.697414 0.015553 0.995796 -0.088285 -2.816932 -0.990990 0.026993 0.129881 58.150232
0.139208 0.080067 0.986838 50.510542 0.013748 0.996294 -0.082773 -2.880317 -0.989993 0.025094 0.137618 58.273335
0.146392 0.072667 0.986369 51.321182 0.011429 0.996925 -0.075140 -2.940406 -0.988983 0.022277 0.145141 58.403689
0.153969 0.069970 0.985409 52.128985 0.011549 0.997111 -0.072605 -3.003188 -0.987830 0.022563 0.152746 58.536616
0.161189 0.071780 0.984136 52.926624 0.011563 0.996975 -0.074610 -3.061428 -0.986690 0.023410 0.159901 58.671372
0.167005 0.078455 0.982658 53.710917 0.012147 0.996421 -0.081618 -3.119058 -0.985717 0.025571 0.165485 58.810664
0.172094 0.081996 0.981488 54.490801 0.010886 0.996141 -0.085129 -3.177698 -0.984855 0.025340 0.170568 58.953917
0.177108 0.084990 0.980341 55.266195 0.009649 0.995897 -0.088082 -3.242790 -0.983978 0.025064 0.175593 59.102014
0.182456 0.084516 0.979401 56.035015 0.007304 0.995985 -0.087307 -3.307705 -0.983021 0.023087 0.181139 59.253158
0.187802 0.081587 0.978637 56.800021 0.011382 0.996125 -0.085229 -3.370409 -0.981973 0.027150 0.186180 59.398523
0.192402 0.074884 0.978278 57.560051 0.012218 0.996652 -0.078693 -3.429052 -0.981071 0.027099 0.190879 59.549505
0.195617 0.068710 0.978093 58.312459 0.010364 0.997170 -0.072123 -3.489124 -0.980456 0.024250 0.194387 59.707354
0.198840 0.065367 0.977672 59.052495 0.006727 0.997487 -0.068060 -3.544251 -0.979839 0.020113 0.197937 59.868706
0.202097 0.065452 0.976995 59.779068 0.005184 0.997504 -0.067898 -3.595973 -0.979179 0.018790 0.201291 60.024848
0.204308 0.067571 0.976388 60.494765 0.003369 0.997382 -0.069728 -3.645739 -0.978725 0.017538 0.203585 60.181322
0.205739 0.071888 0.975779 61.193995 -0.000728 0.997131 -0.073307 -3.697297 -0.978431 0.014374 0.205240 60.340120
0.207752 0.075958 0.975044 61.883791 -0.001884 0.996832 -0.077254 -3.750474 -0.978004 0.014215 0.207277 60.495508
0.209871 0.081386 0.974151 62.566094 -0.002469 0.996391 -0.082711 -3.803407 -0.977549 0.014957 0.209355 60.648461
0.211515 0.083399 0.973623 63.242479 -0.001666 0.996201 -0.084970 -3.856420 -0.977194 0.016354 0.210892 60.799346
0.212898 0.083278 0.973336 63.911252 -0.004104 0.996251 -0.084341 -3.910966 -0.976890 0.013965 0.212482 60.953635
0.213563 0.080273 0.973445 64.572315 -0.003994 0.996507 -0.081298 -3.967065 -0.976748 0.013477 0.213177 61.102358
0.214298 0.077697 0.973494 65.228385 -0.003965 0.996719 -0.078678 -4.022532 -0.976589 0.013003 0.213943 61.250459
0.214148 0.076463 0.973625 65.874354 -0.003024 0.996805 -0.077618 -4.073658 -0.976625 0.013680 0.213736 61.394435
0.212735 0.075740 0.973992 66.511843 -0.003308 0.996869 -0.076796 -4.124370 -0.976933 0.013118 0.212360 61.538376
0.211096 0.076622 0.974279 67.132304 -0.004484 0.996815 -0.077422 -4.174752 -0.977283 0.011977 0.210807 61.677459
0.208877 0.079392 0.974534 67.741242 -0.005291 0.996602 -0.080055 -4.225583 -0.977755 0.011568 0.208627 61.812769
0.206654 0.083209 0.974692 68.342109 -0.003475 0.996262 -0.084314 -4.276416 -0.978238 0.014040 0.206209 61.941579
0.205044 0.083726 0.974992 68.939442 -0.001131 0.996186 -0.085308 -4.323801 -0.978587 0.016392 0.204394 62.064987
0.202839 0.082720 0.975537 69.532951 -0.001877 0.996286 -0.084088 -4.368474 -0.979042 0.015229 0.202278 62.191280
0.200360 0.079786 0.976291 70.118940 -0.002151 0.996539 -0.080999 -4.416471 -0.979550 0.014132 0.199876 62.315100
0.198256 0.075834 0.977038 70.697835 -0.001822 0.996859 -0.077003 -4.467222 -0.979981 0.013489 0.197808 62.435265
0.196399 0.074787 0.977492 71.265514 0.001765 0.996887 -0.076626 -4.516196 -0.980354 0.016778 0.195692 62.548034
0.194693 0.076228 0.977722 71.815089 0.005446 0.996705 -0.078792 -4.558603 -0.980680 0.020669 0.193672 62.651659
0.192217 0.078258 0.978046 72.362616 0.009613 0.996440 -0.081619 -4.599151 -0.981131 0.025095 0.190817 62.754594
0.190573 0.080084 0.978217 72.907007 0.009066 0.996301 -0.083330 -4.641196 -0.981455 0.024754 0.189179 62.860941
0.189312 0.082601 0.978250 73.450473 0.008753 0.996092 -0.085802 -4.685238 -0.981699 0.024811 0.187886 62.968535
0.188028 0.080934 0.978639 73.997906 0.010587 0.996194 -0.084420 -4.731101 -0.981929 0.026239 0.186492 63.074371
0.188804 0.079344 0.978623 74.550772 0.016731 0.996149 -0.083992 -4.773124 -0.981699 0.032237 0.186786 63.173380
0.191198 0.077517 0.978319 75.106803 0.021678 0.996137 -0.083165 -4.812716 -0.981153 0.037115 0.188813 63.272715
0.193175 0.076861 0.977982 75.657994 0.024631 0.996070 -0.083148 -4.854873 -0.980695 0.040158 0.190556 63.380076
0.196569 0.076559 0.977328 76.213500 0.022086 0.996183 -0.082478 -4.901000 -0.980079 0.037805 0.194162 63.498817
0.201977 0.077214 0.976171 76.772477 0.020913 0.996154 -0.083121 -4.945316 -0.979003 0.037209 0.199622 63.620722
0.208595 0.076082 0.974865 77.336589 0.022227 0.996175 -0.082501 -4.986583 -0.977583 0.038884 0.206144 63.743767
0.216237 0.076421 0.973173 77.900728 0.020303 0.996197 -0.082740 -5.026824 -0.975964 0.037656 0.213902 63.875660
0.224611 0.074244 0.971444 78.473700 0.020905 0.996330 -0.080979 -5.069555 -0.974059 0.038503 0.222275 64.016409
0.233572 0.073979 0.969348 79.049178 0.017372 0.996457 -0.080234 -5.116610 -0.972018 0.035586 0.231501 64.165408
0.243234 0.073634 0.966988 79.630204 0.016408 0.996485 -0.080007 -5.160607 -0.969655 0.035333 0.241216 64.321528
0.252826 0.077592 0.964207 80.214002 0.011013 0.996302 -0.083062 -5.203795 -0.967267 0.031625 0.251085 64.488943
0.262273 0.079824 0.961496 80.807146 0.007684 0.996185 -0.084799 -5.247141 -0.964779 0.029634 0.260711 64.664714
0.273033 0.082585 0.958261 81.407672 0.003555 0.996031 -0.086853 -5.294371 -0.961813 0.027125 0.271709 64.849338
0.283324 0.084346 0.955114 82.016889 0.002281 0.995878 -0.088622 -5.343982 -0.958835 0.027293 0.282019 65.039875
0.293158 0.085127 0.952073 82.637003 -0.000820 0.995867 -0.088790 -5.394317 -0.955878 0.025254 0.292073 65.243840
0.303486 0.085463 0.948800 83.265751 -0.001466 0.995826 -0.089229 -5.444203 -0.952647 0.025694 0.302404 65.456941
0.313640 0.086542 0.945392 83.903240 -0.005671 0.995805 -0.089275 -5.492081 -0.949335 0.022644 0.312877 65.683872
0.324221 0.081620 0.942256 84.557366 -0.005139 0.996222 -0.084526 -5.543436 -0.945777 0.022568 0.323479 65.917706
0.335074 0.074548 0.939045 85.219552 -0.001440 0.996724 -0.078613 -5.594428 -0.942005 0.024994 0.334147 66.156174
0.345979 0.070134 0.935428 85.890317 0.000245 0.997019 -0.074842 -5.645833 -0.938061 0.026128 0.344994 66.408782
0.356282 0.066893 0.931784 86.569729 -0.000330 0.997261 -0.071467 -5.692620 -0.934189 0.025160 0.355397 66.676898
0.365786 0.064519 0.928261 87.260301 0.005835 0.997232 -0.071612 -5.736097 -0.930489 0.031618 0.364468 66.948951
0.374399 0.059014 0.925187 87.964365 0.012538 0.997374 -0.068692 -5.776863 -0.926989 0.037326 0.372749 67.229487
0.381441 0.049487 0.922868 88.681386 0.022222 0.997603 -0.062679 -5.819329 -0.923934 0.044424 0.379500 67.516520
0.388536 0.045057 0.920132 89.399124 0.027640 0.997602 -0.060521 -5.863985 -0.920828 0.048957 0.386433 67.815272
0.395658 0.045049 0.917094 90.112177 0.029567 0.997472 -0.061753 -5.913586 -0.917731 0.051558 0.393401 68.124353
0.403167 0.051228 0.913502 90.820935 0.031865 0.996868 -0.069966 -5.957810 -0.914390 0.057327 0.400344 68.435901
0.410366 0.055500 0.910038 91.523809 0.035645 0.996232 -0.076830 -6.002415 -0.911039 0.063978 0.406917 68.748315
0.415728 0.057594 0.907469 92.225390 0.033862 0.996144 -0.078734 -6.055265 -0.908671 0.063473 0.412251 69.074650
0.420156 0.059284 0.905317 92.917324 0.026700 0.996447 -0.077642 -6.113475 -0.906870 0.056805 0.417158 69.410957
0.424056 0.062994 0.903245 93.600933 0.020054 0.996502 -0.078913 -6.173481 -0.905224 0.051587 0.421389 69.749981
0.428094 0.066128 0.901113 94.274506 0.019169 0.996252 -0.082216 -6.232933 -0.903341 0.052480 0.425301 70.076905
0.432146 0.070275 0.898861 94.942733 0.015903 0.996030 -0.085517 -6.293163 -0.901471 0.051261 0.429394 70.406638
0.435623 0.073280 0.896940 95.600986 0.012836 0.995893 -0.087598 -6.354281 -0.899845 0.049682 0.432975 70.737142
0.439522 0.071762 0.895159 96.255862 0.011678 0.996083 -0.085586 -6.415693 -0.897963 0.048079 0.437045 71.067115
0.443623 0.068689 0.893374 96.906592 0.012686 0.996297 -0.082901 -6.475461 -0.895930 0.048120 0.441191 71.392986
0.447095 0.066019 0.891843 97.545208 0.012332 0.996542 -0.079951 -6.534610 -0.894207 0.046752 0.444819 71.718742
0.450639 0.064977 0.890135 98.171040 0.011353 0.996669 -0.078501 -6.593923 -0.892439 0.045490 0.448485 72.044539
0.454083 0.066684 0.888255 98.788740 0.009343 0.996602 -0.079594 -6.648944 -0.890713 0.044449 0.452003 72.368079
0.456901 0.067222 0.886766 99.396836 0.010380 0.996485 -0.080887 -6.701159 -0.889257 0.046171 0.454685 72.685180
0.459096 0.065367 0.885763 99.997566 0.012449 0.996528 -0.079993 -6.752642 -0.888093 0.047761 0.456779 72.995864
0.460865 0.064188 0.884931 100.591307 0.014495 0.996513 -0.079830 -6.804790 -0.887145 0.049628 0.458419 73.305362
0.462738 0.064098 0.883959 101.173408 0.013231 0.996582 -0.079190 -6.857521 -0.886189 0.048349 0.460400 73.615244
0.464735 0.063450 0.882954 101.749039 0.014799 0.996540 -0.079401 -6.907461 -0.885115 0.049977 0.462281 73.920360
0.467379 0.065194 0.881421 102.311598 0.014300 0.996387 -0.081280 -6.956274 -0.883721 0.050603 0.464856 74.221629
0.470294 0.065095 0.879876 102.869087 0.017326 0.996201 -0.082962 -7.007418 -0.882119 0.054273 0.467477 74.517262
0.473339 0.064418 0.878291 103.418311 0.018956 0.996144 -0.083278 -7.060259 -0.880454 0.056079 0.470392 74.813412
0.476563 0.062631 0.876674 103.957217 0.022024 0.996092 -0.083134 -7.109298 -0.878640 0.058939 0.473422 75.104442
0.479901 0.061692 0.874917 104.486587 0.023399 0.996066 -0.083068 -7.158731 -0.876785 0.060350 0.476671 75.396300
0.483169 0.061225 0.873148 105.007493 0.024457 0.996013 -0.083373 -7.207152 -0.874958 0.061651 0.479848 75.687183
0.486568 0.060417 0.871314 105.521912 0.025048 0.996024 -0.083052 -7.256787 -0.873054 0.062248 0.483224 75.978275
0.490022 0.059892 0.869410 106.032394 0.026654 0.995932 -0.083631 -7.303769 -0.871070 0.064168 0.486538 76.267667
0.493968 0.061119 0.867086 106.538104 0.026248 0.995812 -0.085145 -7.351903 -0.868849 0.064833 0.490402 76.562393
0.498257 0.061235 0.864620 107.037139 0.028227 0.995616 -0.086778 -7.400738 -0.866333 0.067658 0.494453 76.851183
0.502956 0.064599 0.861646 107.528213 0.026007 0.995405 -0.089807 -7.450618 -0.863680 0.067593 0.499076 77.145431
0.508346 0.070415 0.858019 108.011727 0.022536 0.995007 -0.095009 -7.501584 -0.860616 0.067648 0.504334 77.444408
0.514160 0.077428 0.853942 108.490162 0.017289 0.994564 -0.100587 -7.552928 -0.857278 0.066496 0.510139 77.746943
0.520226 0.083646 0.849671 108.968275 0.012200 0.994148 -0.105338 -7.605393 -0.853699 0.065180 0.516275 78.056109
0.526564 0.088077 0.845308 109.449278 0.008688 0.993795 -0.108960 -7.658511 -0.849848 0.064732 0.522646 78.370437
0.532088 0.088414 0.841806 109.938373 0.004567 0.994004 -0.107285 -7.712264 -0.846432 0.060943 0.528611 78.694517
0.537551 0.087559 0.838419 110.430453 -0.001881 0.994503 -0.102652 -7.768015 -0.842984 0.053615 0.534878 79.028362
0.543277 0.085195 0.834963 110.926487 -0.008082 0.995108 -0.096276 -7.823288 -0.839267 0.045566 0.541427 79.371658
0.549088 0.083451 0.831332 111.427456 -0.014332 0.995584 -0.090473 -7.878840 -0.835395 0.037771 0.547980 79.723769
0.555223 0.081513 0.827440 111.934907 -0.016923 0.995874 -0.086750 -7.931234 -0.831281 0.034171 0.554434 80.078778
0.561514 0.085133 0.822816 112.444775 -0.022011 0.995665 -0.087995 -7.980452 -0.826924 0.031306 0.561077 80.442968
0.567629 0.089033 0.818195 112.958379 -0.025789 0.995356 -0.090419 -8.030072 -0.822628 0.030231 0.567414 80.817453
0.573661 0.092377 0.813604 113.482498 -0.028623 0.995060 -0.092798 -8.081162 -0.818339 0.029953 0.573598 81.205386
0.579963 0.094527 0.808881 114.014642 -0.030877 0.994873 -0.094123 -8.132517 -0.813808 0.029618 0.580034 81.602197
0.586263 0.095531 0.804213 114.555383 -0.033934 0.994842 -0.093437 -8.184928 -0.809164 0.027495 0.586606 82.014213
0.592435 0.097783 0.799401 115.100268 -0.040158 0.994748 -0.091916 -8.240734 -0.804364 0.022357 0.593379 82.441869
0.599412 0.095729 0.794422 115.657380 -0.040555 0.994962 -0.089294 -8.297359 -0.799148 0.021311 0.600410 82.879417
0.606972 0.093727 0.788897 116.224031 -0.040787 0.995165 -0.086851 -8.352988 -0.793404 0.020544 0.608000 83.326102
0.614397 0.093795 0.783117 116.792196 -0.041440 0.995150 -0.086679 -8.409466 -0.787632 0.020808 0.615447 83.787294
0.621923 0.096189 0.776860 117.360815 -0.046193 0.994980 -0.086215 -8.465953 -0.781435 0.017737 0.623390 84.264825
0.629630 0.096825 0.770546 117.937925 -0.046993 0.994907 -0.086618 -8.520159 -0.775189 0.018331 0.631121 84.755902
0.636482 0.097604 0.764792 118.522078 -0.049020 0.994845 -0.086168 -8.574719 -0.769442 0.017359 0.638137 85.257715
0.641567 0.096508 0.760668 119.115874 -0.048980 0.994951 -0.084921 -8.633359 -0.765207 0.017229 0.643209 85.773656
0.645315 0.095100 0.757666 119.719512 -0.047806 0.995069 -0.084181 -8.693790 -0.762120 0.018106 0.646837 86.301569
0.649056 0.092444 0.754800 120.331257 -0.044243 0.995265 -0.083850 -8.753160 -0.759158 0.021034 0.650228 86.833736
0.652655 0.088592 0.752156 120.952838 -0.038912 0.995520 -0.083492 -8.813799 -0.756362 0.025230 0.653333 87.373536
0.656338 0.082229 0.749670 121.583567 -0.031143 0.995919 -0.081974 -8.875036 -0.753529 0.030463 0.656376 87.924600
0.660187 0.076371 0.746891 122.222516 -0.025321 0.996276 -0.079490 -8.935312 -0.750365 0.033575 0.659825 88.486779
0.663401 0.070938 0.744573 122.862839 -0.019858 0.996574 -0.077254 -8.995572 -0.747687 0.036473 0.662702 89.056751
0.666765 0.069404 0.741705 123.500879 -0.019606 0.996700 -0.075640 -9.055549 -0.744693 0.035901 0.666093 89.638039
0.669670 0.070925 0.738938 124.136479 -0.020309 0.996562 -0.077247 -9.114894 -0.742063 0.036732 0.668976 90.228114
0.672880 0.075656 0.735547 124.766334 -0.025872 0.996312 -0.078810 -9.172530 -0.738982 0.034008 0.672524 90.824017
0.675679 0.079341 0.732589 125.396836 -0.032233 0.996180 -0.078160 -9.229819 -0.736174 0.029205 0.675823 91.428274
0.678585 0.076114 0.730246 126.042761 -0.032315 0.996510 -0.073837 -9.289044 -0.733497 0.026513 0.678843 92.043540
0.681987 0.073539 0.727337 126.690905 -0.035607 0.996856 -0.067403 -9.344791 -0.730184 0.020074 0.682628 92.670906
0.685475 0.067920 0.724604 127.341049 -0.034864 0.997328 -0.060502 -9.397780 -0.726951 0.016214 0.686176 93.299927
0.689997 0.063892 0.720667 127.993539 -0.032791 0.997601 -0.057048 -9.447943 -0.722756 0.015735 0.690603 93.932918
0.694665 0.060720 0.716455 128.645499 -0.026939 0.997703 -0.058436 -9.495855 -0.718524 0.021298 0.694868 94.562906
0.699845 0.057447 0.711670 129.295347 -0.016424 0.997568 -0.064374 -9.545093 -0.713802 0.033371 0.699248 95.191733
0.705126 0.058978 0.706307 129.934184 -0.010774 0.997083 -0.072503 -9.598357 -0.708689 0.043524 0.703870 95.823905
0.710724 0.059249 0.700647 130.573253 -0.007764 0.996816 -0.076419 -9.654071 -0.703111 0.048884 0.709090 96.471226
0.716546 0.054879 0.695049 131.215046 -0.005445 0.997078 -0.073112 -9.712844 -0.697196 0.048615 0.714923 97.136090
0.722393 0.049388 0.689385 131.859850 -0.001026 0.997290 -0.070372 -9.776543 -0.691157 0.050141 0.720658 97.808593
0.727725 0.046155 0.683978 132.495325 0.003450 0.997242 -0.070964 -9.836808 -0.685531 0.054015 0.725733 98.481828
0.732277 0.048098 0.678967 133.121103 0.005714 0.996799 -0.076776 -9.896126 -0.680650 0.060115 0.729835 99.158775
0.735921 0.049430 0.674909 133.746973 0.005007 0.996666 -0.078455 -9.956752 -0.676704 0.061131 0.733402 99.848301
0.739063 0.046517 0.671671 134.375055 0.007462 0.996742 -0.077240 -10.022864 -0.673244 0.062112 0.736494 100.541699
0.741564 0.040861 0.669275 135.005496 0.010901 0.997031 -0.072951 -10.088747 -0.670438 0.061409 0.739104 101.235012
0.742958 0.036512 0.667978 135.639711 0.014174 0.997182 -0.070273 -10.151393 -0.668830 0.061693 0.740535 101.935473
0.743594 0.031854 0.667504 136.269339 0.017708 0.997326 -0.067320 -10.210960 -0.668034 0.061895 0.741232 102.633937
0.743886 0.030894 0.667220 136.897677 0.017908 0.997399 -0.066147 -10.269195 -0.667700 0.061170 0.741590 103.339574
0.743810 0.031237 0.667288 137.526081 0.016766 0.997468 -0.065382 -10.325998 -0.667814 0.059835 0.741596 104.048276
0.743347 0.033301 0.667701 138.150559 0.015459 0.997383 -0.066954 -10.382910 -0.668357 0.060108 0.741081 104.751417
0.742169 0.037189 0.668802 138.771619 0.011481 0.997351 -0.068198 -10.441343 -0.669742 0.058308 0.739971 105.454446
0.740319 0.040913 0.670631 139.400116 0.008221 0.997263 -0.069914 -10.501369 -0.671833 0.057287 0.738152 106.161195
0.738352 0.043657 0.672621 140.025742 0.004181 0.997328 -0.069322 -10.561434 -0.674030 0.054010 0.736393 106.863461
0.736061 0.045064 0.675036 140.654976 0.002041 0.997370 -0.068807 -10.622204 -0.676541 0.052037 0.734228 107.561908
0.733844 0.044280 0.677493 141.290661 0.001501 0.997504 -0.066820 -10.681819 -0.678942 0.050066 0.732143 108.258608
0.731400 0.042959 0.680212 141.927401 0.000542 0.997714 -0.063594 -10.739751 -0.681573 0.046894 0.729902 108.952814
0.728780 0.038925 0.683249 142.565269 0.004623 0.997810 -0.061777 -10.798394 -0.684348 0.048194 0.727207 109.632035
0.726065 0.042978 0.685893 143.199281 0.004179 0.997481 -0.066926 -10.860007 -0.687232 0.051473 0.724257 110.307048
0.722624 0.053137 0.688817 143.825466 -0.001262 0.996875 -0.075578 -10.919953 -0.690868 0.053760 0.720629 110.980037
0.719322 0.059657 0.691748 144.456558 -0.003598 0.996357 -0.082185 -10.981645 -0.694313 0.056643 0.717104 111.646318
0.715858 0.058015 0.695462 145.090028 -0.004884 0.996672 -0.078114 -11.046478 -0.697866 0.052536 0.713951 112.305281
0.712131 0.056319 0.699413 145.724523 -0.007776 0.997085 -0.072371 -11.115531 -0.701640 0.046111 0.710686 112.965230
0.708700 0.054491 0.703032 146.360099 -0.009574 0.997399 -0.067656 -11.176366 -0.705082 0.041227 0.707571 113.617102
0.705448 0.054529 0.706290 146.996452 -0.009072 0.997383 -0.067942 -11.235056 -0.708340 0.041533 0.704289 114.259226
0.702482 0.052838 0.709367 147.645216 -0.007132 0.997446 -0.067234 -11.293951 -0.711302 0.042183 0.701257 114.902210
0.699640 0.051933 0.712236 148.300400 -0.003134 0.997301 -0.069640 -11.353985 -0.714126 0.046503 0.698106 115.539054
0.696276 0.051102 0.715582 148.947220 0.000475 0.997160 -0.071672 -11.413477 -0.717411 0.050257 0.694466 116.164006
0.692538 0.051696 0.719157 149.593379 0.003439 0.996911 -0.074974 -11.473165 -0.721011 0.054410 0.690413 116.784150
0.688691 0.052050 0.722817 150.242584 0.003124 0.996928 -0.074766 -11.534383 -0.724689 0.053763 0.686602 117.404587
0.684704 0.053705 0.726474 150.894336 0.001044 0.996938 -0.074683 -11.597736 -0.728462 0.051909 0.682741 118.024339
0.679868 0.053277 0.731032 151.554619 0.002048 0.996945 -0.074561 -11.659073 -0.732974 0.052203 0.677870 118.641608
0.674341 0.056070 0.735925 152.217371 -0.000557 0.996880 -0.075442 -11.721258 -0.738063 0.050478 0.672456 119.256145
0.668184 0.063362 0.740934 152.878906 -0.004517 0.996424 -0.081138 -11.787388 -0.743630 0.050882 0.666266 119.866378
0.662119 0.068973 0.745859 153.553155 -0.007193 0.996023 -0.085721 -11.853006 -0.749013 0.051407 0.660166 120.475266
0.655883 0.071350 0.751125 154.238721 -0.006884 0.995773 -0.088578 -11.920079 -0.754481 0.052941 0.653786 121.079125
0.649432 0.065834 0.757204 154.945202 -0.007360 0.996465 -0.080325 -11.987527 -0.760031 0.046606 0.647806 121.688208
0.642539 0.062038 0.763379 155.653723 -0.013124 0.997185 -0.069993 -12.053555 -0.765790 0.034964 0.641728 122.300754
0.635512 0.057287 0.769607 156.370342 -0.012343 0.997593 -0.064066 -12.115454 -0.771644 0.031224 0.634870 122.899133
0.628467 0.058398 0.775287 157.095398 -0.016857 0.997688 -0.061486 -12.166880 -0.777307 0.025580 0.628179 123.497268
0.620550 0.059758 0.781537 157.828311 -0.015282 0.997548 -0.064140 -12.218819 -0.783676 0.027867 0.620118 124.087349
0.614142 0.059557 0.786600 158.574706 -0.009457 0.997357 -0.068130 -12.278660 -0.788802 0.034412 0.613256 124.666185
0.607302 0.067876 0.791223 159.313154 -0.008186 0.996550 -0.079207 -12.338850 -0.794094 0.041637 0.605934 125.233328
0.600057 0.068846 0.796656 160.065014 -0.004140 0.996274 -0.082979 -12.402014 -0.799622 0.046507 0.598271 125.797674
0.593185 0.064555 0.802148 160.827355 -0.001195 0.996584 -0.079319 -12.472619 -0.804748 0.046105 0.591397 126.358849
0.586144 0.058618 0.807762 161.600712 0.003114 0.996945 -0.074606 -12.543945 -0.809887 0.046258 0.584329 126.914210
0.579242 0.057888 0.812795 162.361192 0.003671 0.997031 -0.073625 -12.610893 -0.814852 0.045642 0.577458 127.458609
0.572265 0.059597 0.817619 163.119166 0.002170 0.997009 -0.074192 -12.675742 -0.819792 0.044242 0.570561 127.995967
0.566318 0.057099 0.821922 163.869650 0.007191 0.996980 -0.074215 -12.739483 -0.823879 0.047951 0.564335 128.512414
0.561262 0.051039 0.825777 164.627378 0.012360 0.997230 -0.070037 -12.804167 -0.827268 0.049528 0.559214 129.022182
0.556438 0.048450 0.829189 165.380182 0.012781 0.997441 -0.066858 -12.867896 -0.830512 0.047812 0.554532 129.528855
0.552115 0.047404 0.832132 166.120804 0.011313 0.997623 -0.064337 -12.926657 -0.833412 0.044946 0.550404 130.025938
0.547411 0.049689 0.835096 166.857773 0.011008 0.997476 -0.066566 -12.982713 -0.836508 0.045643 0.545621 130.513073
0.543861 0.052229 0.837251 167.594356 0.012258 0.997208 -0.070171 -13.043320 -0.838796 0.048439 0.541844 130.992698
0.540762 0.058047 0.838869 168.316749 0.011694 0.996745 -0.076510 -13.101829 -0.840801 0.051196 0.538465 131.462553
0.537417 0.060743 0.840825 169.034057 0.009559 0.996644 -0.078110 -13.161413 -0.842970 0.050028 0.535174 131.929438
