1.000000 0.000000 0.000000 0.000000 0.000000 1.000000 0.000000 0.000000 0.000000 0.000000 1.000000 0.000000
1.000000 0.000718 0.001644 -0.006812 -0.000717 1.000001 -0.000904 -0.020651 -0.001645 0.000903 1.000000 1.212895
0.999999 0.001087 0.002991 -0.010842 -0.001086 1.000003 -0.000341 -0.042441 -0.002991 0.000338 0.999999 2.421890
0.999993 0.000452 0.003912 -0.012277 -0.000452 1.000000 0.000072 -0.064456 -0.003912 -0.000074 0.999992 3.631810
0.999989 0.000182 0.004675 -0.013517 -0.000182 0.999999 0.000151 -0.085073 -0.004675 -0.000152 0.999988 4.835017
0.999985 -0.000165 0.005486 -0.013598 0.000163 0.999999 0.000270 -0.106259 -0.005486 -0.000269 0.999984 6.034552
0.999980 0.000156 0.006157 -0.013234 -0.000152 0.999999 -0.000597 -0.128477 -0.006157 0.000596 0.999979 7.234629
0.999976 -0.000199 0.006744 -0.010714 0.000205 0.999998 -0.000906 -0.150311 -0.006744 0.000907 0.999975 8.434231
0.999976 -0.000690 0.006770 -0.008870 0.000686 0.999998 0.000650 -0.171802 -0.006771 -0.000645 0.999976 9.633843
0.999980 -0.001367 0.005401 -0.007638 0.001358 0.999994 0.001596 -0.192967 -0.005403 -0.001588 0.999980 10.831362
0.999988 -0.002504 0.002897 -0.008754 0.002500 0.999992 0.001145 -0.213183 -0.002900 -0.001138 0.999991 12.028089
0.999993 -0.002250 0.000766 -0.015650 0.002249 0.999993 0.000713 -0.233387 -0.000768 -0.000711 0.999996 13.229061
0.999993 -0.001979 -0.000526 -0.025144 0.001980 0.999994 0.000629 -0.254862 0.000524 -0.000630 0.999996 14.430127
0.999994 -0.000492 -0.001388 -0.037012 0.000492 0.999996 0.000527 -0.275995 0.001388 -0.000527 0.999995 15.631815
0.999992 -0.000822 -0.001923 -0.047799 0.000824 0.999994 0.000634 -0.297041 0.001922 -0.000636 0.999993 16.834957
0.999990 -0.001405 -0.002438 -0.059161 0.001408 0.999993 0.001115 -0.317366 0.002436 -0.001118 0.999991 18.037473
0.999984 -0.001839 -0.002927 -0.071429 0.001843 0.999988 0.001351 -0.338311 0.002925 -0.001356 0.999986 19.242692
0.999982 -0.001576 -0.003632 -0.084251 0.001578 0.999990 0.000418 -0.359040 0.003632 -0.000424 0.999984 20.446521
0.999981 -0.001931 -0.004191 -0.097836 0.001930 0.999990 -0.000427 -0.378853 0.004191 0.000419 0.999984 21.648412
0.999980 -0.001176 -0.004925 -0.114887 0.001177 0.999994 0.000143 -0.400530 0.004925 -0.000149 0.999982 22.856595
0.999975 -0.001327 -0.005739 -0.128825 0.001327 0.999993 0.000022 -0.422549 0.005739 -0.000030 0.999977 24.066465
0.999966 -0.001504 -0.006701 -0.142773 0.001500 0.999989 -0.000651 -0.444343 0.006702 0.000641 0.999967 25.273121
0.999957 -0.001163 -0.007638 -0.158714 0.001164 0.999988 0.000037 -0.464988 0.007638 -0.000046 0.999959 26.483980
0.999951 -0.002567 -0.008484 -0.174125 0.002582 0.999987 0.001822 -0.486118 0.008479 -0.001844 0.999954 27.694008
0.999940 -0.002950 -0.009441 -0.191167 0.002968 0.999985 0.001924 -0.505990 0.009435 -0.001952 0.999944 28.896606
0.999926 -0.003746 -0.010297 -0.208698 0.003757 0.999981 0.001080 -0.525556 0.010293 -0.001118 0.999934 30.099698
0.999906 -0.004225 -0.011289 -0.227292 0.004226 0.999972 0.000109 -0.546995 0.011289 -0.000156 0.999917 31.301283
0.999901 -0.003746 -0.012120 -0.249130 0.003748 0.999977 0.000199 -0.568237 0.012120 -0.000244 0.999910 32.503081
0.999887 -0.004435 -0.012823 -0.271355 0.004445 0.999971 0.000757 -0.589612 0.012820 -0.000813 0.999899 33.705523
0.999874 -0.004870 -0.013477 -0.294957 0.004884 0.999967 0.001039 -0.610285 0.013472 -0.001104 0.999888 34.908206
0.999858 -0.005441 -0.014177 -0.317107 0.005455 0.999961 0.000940 -0.630351 0.014172 -0.001017 0.999875 36.110090
0.999847 -0.005679 -0.014833 -0.338616 0.005694 0.999959 0.000917 -0.649982 0.014828 -0.001001 0.999865 37.310730
0.999839 -0.006611 -0.015014 -0.363053 0.006633 0.999953 0.001460 -0.668459 0.015004 -0.001560 0.999862 38.526222
0.999840 -0.006416 -0.014919 -0.389494 0.006458 0.999951 0.002736 -0.687087 0.014901 -0.002832 0.999860 39.734902
0.999844 -0.005984 -0.014893 -0.416664 0.006037 0.999950 0.003542 -0.705579 0.014871 -0.003631 0.999858 40.944095
0.999851 -0.005346 -0.014639 -0.449536 0.005391 0.999956 0.003045 -0.723213 0.014622 -0.003124 0.999863 42.155197
0.999861 -0.004377 -0.014293 -0.481394 0.004421 0.999960 0.003043 -0.740400 0.014280 -0.003106 0.999868 43.370229
0.999876 -0.001769 -0.013636 -0.512539 0.001836 0.999959 0.004878 -0.757178 0.013627 -0.004903 0.999868 44.581929
0.999897 -0.001782 -0.012019 -0.537440 0.001877 0.999940 0.007934 -0.771885 0.012004 -0.007956 0.999869 45.797373
0.999918 -0.001269 -0.010162 -0.561237 0.001378 0.999914 0.010742 -0.783087 0.010147 -0.010756 0.999863 47.007043
0.999932 -0.000897 -0.008521 -0.582434 0.001016 0.999873 0.014052 -0.789328 0.008507 -0.014060 0.999836 48.222140
0.999942 -0.001605 -0.007145 -0.600277 0.001715 0.999852 0.015346 -0.794742 0.007119 -0.015358 0.999828 49.436606
0.999950 -0.003483 -0.005585 -0.614206 0.003560 0.999873 0.013749 -0.796210 0.005536 -0.013769 0.999864 50.649022
0.999952 -0.002576 -0.004434 -0.628599 0.002628 0.999894 0.011951 -0.799587 0.004403 -0.011962 0.999887 51.859394
0.999955 -0.002232 -0.003655 -0.641439 0.002273 0.999899 0.011433 -0.804518 0.003629 -0.011441 0.999895 53.073501
0.999954 -0.002675 -0.003571 -0.653065 0.002713 0.999903 0.010888 -0.811166 0.003541 -0.010897 0.999900 54.284205
0.999945 -0.003532 -0.004382 -0.664740 0.003575 0.999909 0.009762 -0.819185 0.004347 -0.009778 0.999906 55.492776
0.999937 -0.003232 -0.006034 -0.679627 0.003293 0.999906 0.010118 -0.826556 0.006001 -0.010138 0.999894 56.706679
0.999922 -0.003374 -0.007445 -0.695460 0.003458 0.999887 0.011345 -0.835514 0.007406 -0.011371 0.999866 57.918451
0.999912 -0.003520 -0.008480 -0.714082 0.003619 0.999882 0.011624 -0.843402 0.008438 -0.011654 0.999853 59.133959
0.999911 -0.002554 -0.009329 -0.734824 0.002660 0.999892 0.011346 -0.851268 0.009299 -0.011371 0.999852 60.343714
0.999900 -0.002267 -0.010025 -0.753583 0.002379 0.999889 0.011183 -0.859593 0.009999 -0.011207 0.999843 61.549145
0.999892 -0.003233 -0.010296 -0.772244 0.003343 0.999891 0.010666 -0.868975 0.010261 -0.010700 0.999843 62.757113
0.999885 -0.004377 -0.010562 -0.791396 0.004479 0.999895 0.009690 -0.878680 0.010519 -0.009737 0.999850 63.965588
0.999879 -0.004717 -0.010990 -0.810899 0.004837 0.999881 0.010970 -0.887894 0.010938 -0.011022 0.999833 65.173171
0.999874 -0.005003 -0.011358 -0.829771 0.005145 0.999861 0.012518 -0.898257 0.011294 -0.012575 0.999810 66.382273
0.999870 -0.004539 -0.011589 -0.851679 0.004665 0.999879 0.010887 -0.907742 0.011539 -0.010940 0.999823 67.586435
0.999874 -0.002848 -0.011634 -0.876379 0.002960 0.999898 0.009643 -0.915031 0.011606 -0.009677 0.999834 68.787285
0.999878 -0.000709 -0.011738 -0.901970 0.000827 0.999899 0.010001 -0.925689 0.011731 -0.010010 0.999830 69.988274
0.999874 0.001067 -0.011656 -0.927286 -0.000949 0.999892 0.010178 -0.935845 0.011666 -0.010167 0.999825 71.184103
0.999863 0.002590 -0.011427 -0.952080 -0.002469 0.999874 0.010599 -0.944882 0.011454 -0.010570 0.999812 72.374691
0.999877 0.003039 -0.010495 -0.973282 -0.002917 0.999867 0.011598 -0.954648 0.010530 -0.011567 0.999816 73.568699
0.999890 0.004776 -0.008459 -0.994375 -0.004672 0.999852 0.012331 -0.962862 0.008517 -0.012291 0.999826 74.753296
0.999915 0.003245 -0.005895 -1.008237 -0.003185 0.999882 0.010214 -0.974273 0.005928 -0.010195 0.999869 75.939558
0.999931 0.000403 -0.003454 -1.016430 -0.000385 0.999925 0.005149 -0.984873 0.003456 -0.005148 0.999919 77.121325
0.999934 0.001317 -0.001048 -1.024533 -0.001312 0.999925 0.004683 -0.996735 0.001054 -0.004682 0.999925 78.300918
0.999933 0.000341 0.001783 -1.028092 -0.000355 0.999901 0.008248 -1.012246 -0.001780 -0.008249 0.999899 79.480439
0.999915 0.000775 0.005128 -1.029591 -0.000824 0.999884 0.009543 -1.024882 -0.005120 -0.009547 0.999870 80.658449
0.999882 0.001117 0.009304 -1.028510 -0.001188 0.999896 0.007671 -1.035438 -0.009295 -0.007681 0.999853 81.830690
0.999851 0.000388 0.012780 -1.021068 -0.000447 0.999923 0.004689 -1.051099 -0.012778 -0.004694 0.999841 82.996452
0.999797 -0.000930 0.016178 -1.007718 0.000909 0.999929 0.001295 -1.068972 -0.016179 -0.001280 0.999799 84.154674
0.999739 -0.001532 0.019563 -0.991279 0.001526 0.999931 0.000341 -1.088726 -0.019563 -0.000311 0.999742 85.319513
0.999656 -0.001810 0.023288 -0.974392 0.001761 0.999925 0.002153 -1.109948 -0.023291 -0.002111 0.999654 86.492736
0.999561 -0.000789 0.026979 -0.951199 0.000718 0.999922 0.002644 -1.130977 -0.026981 -0.002624 0.999557 87.645276
0.999452 -0.001147 0.030675 -0.923556 0.001132 0.999922 0.000510 -1.151611 -0.030675 -0.000475 0.999451 88.801439
0.999345 -0.001280 0.033998 -0.892312 0.001342 0.999921 -0.001794 -1.172398 -0.033995 0.001838 0.999343 89.954429
0.999236 -0.001232 0.037138 -0.856474 0.001312 0.999922 -0.002135 -1.193609 -0.037135 0.002183 0.999233 91.113103
0.999119 -0.002638 0.040018 -0.816817 0.002676 0.999918 -0.000906 -1.215640 -0.040016 0.001012 0.999120 92.275695
0.999007 -0.003353 0.042658 -0.771868 0.003331 0.999917 0.000574 -1.235647 -0.042660 -0.000431 0.999011 93.438415
0.998891 -0.004118 0.045190 -0.722470 0.004016 0.999910 0.002353 -1.253981 -0.045199 -0.002169 0.998895 94.605982
0.998771 -0.005684 0.047543 -0.670508 0.005531 0.999896 0.003364 -1.271901 -0.047562 -0.003097 0.998780 95.767184
0.998646 -0.006688 0.049846 -0.622870 0.006643 0.999888 0.001069 -1.290203 -0.049852 -0.000737 0.998666 96.923232
0.998519 -0.008071 0.052021 -0.567237 0.008213 0.999868 -0.002505 -1.308819 -0.051999 0.002929 0.998547 98.089441
0.998417 -0.007398 0.054007 -0.510713 0.007696 0.999859 -0.005305 -1.330574 -0.053965 0.005713 0.998428 99.257188
0.998324 -0.007370 0.055635 -0.450528 0.007726 0.999850 -0.006203 -1.354576 -0.055587 0.006623 0.998330 100.431246
0.998309 -0.007256 0.055904 -0.389199 0.007581 0.999855 -0.005601 -1.378858 -0.055861 0.006016 0.998319 101.618630
0.998361 -0.007055 0.055041 -0.324728 0.007275 0.999867 -0.003811 -1.402116 -0.055012 0.004205 0.998377 102.826602
0.998435 -0.007734 0.053611 -0.262284 0.007874 0.999870 -0.002397 -1.424941 -0.053591 0.002815 0.998462 104.038978
0.998550 -0.007293 0.051504 -0.201152 0.007382 0.999877 -0.001537 -1.445384 -0.051492 0.001916 0.998575 105.258625
0.998684 -0.007013 0.048902 -0.146061 0.007074 0.999879 -0.001092 -1.465134 -0.048893 0.001436 0.998708 106.474273
0.998834 -0.006463 0.045822 -0.096798 0.006524 0.999883 -0.001169 -1.485656 -0.045814 0.001467 0.998854 107.690372
0.999002 -0.005075 0.041983 -0.053810 0.005148 0.999881 -0.001633 -1.505911 -0.041974 0.001848 0.999013 108.903962
0.999166 -0.004950 0.037966 -0.013215 0.005000 0.999885 -0.001229 -1.526483 -0.037959 0.001418 0.999177 110.120555
0.999316 -0.004375 0.033959 0.018827 0.004385 0.999892 -0.000237 -1.547419 -0.033957 0.000386 0.999325 111.336111
0.999455 -0.004123 0.029620 0.049955 0.004107 0.999893 0.000593 -1.567531 -0.029623 -0.000471 0.999463 112.558904
0.999581 -0.004188 0.025091 0.074935 0.004161 0.999893 0.001138 -1.586448 -0.025096 -0.001033 0.999588 113.787425
0.999698 -0.003597 0.020252 0.093122 0.003573 0.999899 0.001243 -1.606326 -0.020256 -0.001170 0.999702 115.005814
0.999782 -0.002783 0.015229 0.104657 0.002767 0.999895 0.001086 -1.624399 -0.015232 -0.001044 0.999784 116.234870
0.999847 -0.002314 0.010228 0.111660 0.002307 0.999897 0.000731 -1.643128 -0.010230 -0.000707 0.999849 117.472439
0.999886 -0.001212 0.005549 0.110212 0.001211 0.999899 0.000135 -1.663495 -0.005549 -0.000128 0.999886 118.711662
0.999901 0.000740 0.002000 0.103080 -0.000741 0.999901 0.000114 -1.683297 -0.002000 -0.000116 0.999900 119.951763
0.999900 0.002752 -0.000115 0.093241 -0.002752 0.999897 0.000208 -1.704123 0.000115 -0.000207 0.999902 121.187117
0.999896 0.003852 -0.001217 0.082289 -0.003852 0.999894 -0.000092 -1.724942 0.001216 0.000097 0.999902 122.415465
0.999881 0.005972 -0.002362 0.069754 -0.005972 0.999881 0.000124 -1.744827 0.002363 -0.000110 0.999897 123.661480
0.999869 0.007185 -0.003393 0.056145 -0.007182 0.999871 0.000969 -1.764452 0.003399 -0.000945 0.999892 124.907724
0.999866 0.006999 -0.004032 0.042393 -0.006994 0.999870 0.001366 -1.784703 0.004041 -0.001337 0.999887 126.150236
0.999820 0.010779 -0.005004 0.024147 -0.010762 0.999825 0.003357 -1.800578 0.005039 -0.003303 0.999871 127.399783
0.999806 0.011820 -0.005663 0.005449 -0.011783 0.999799 0.006570 -1.815152 0.005740 -0.006502 0.999853 128.656772
0.999819 0.010666 -0.006145 -0.013379 -0.010628 0.999817 0.006150 -1.828007 0.006210 -0.006085 0.999855 129.918528
0.999811 0.010630 -0.006692 -0.031756 -0.010599 0.999821 0.004565 -1.838482 0.006740 -0.004494 0.999855 131.179290
0.999832 0.007758 -0.007517 -0.047466 -0.007716 0.999843 0.005542 -1.850909 0.007560 -0.005484 0.999844 132.440574
0.999839 0.005632 -0.008386 -0.064043 -0.005570 0.999845 0.007424 -1.864807 0.008428 -0.007377 0.999825 133.704954
0.999850 0.002260 -0.008692 -0.080932 -0.002180 0.999843 0.009271 -1.875984 0.008712 -0.009252 0.999808 134.980005
0.999847 0.000446 -0.009009 -0.099342 -0.000353 0.999832 0.010355 -1.887261 0.009013 -0.010351 0.999792 136.253502
0.999839 -0.003822 -0.008928 -0.112077 0.003898 0.999840 0.008491 -1.896392 0.008895 -0.008525 0.999808 137.529191
0.999825 -0.006364 -0.008912 -0.127316 0.006431 0.999834 0.007501 -1.906210 0.008864 -0.007558 0.999815 138.800173
0.999816 -0.007772 -0.008788 -0.142785 0.007835 0.999827 0.007180 -1.917918 0.008732 -0.007249 0.999818 140.076128
0.999816 -0.008031 -0.008480 -0.158190 0.008096 0.999822 0.007578 -1.929681 0.008419 -0.007646 0.999818 141.355527
0.999824 -0.007500 -0.007932 -0.175892 0.007575 0.999808 0.009517 -1.940092 0.007860 -0.009576 0.999805 142.636321
0.999844 -0.005214 -0.007254 -0.195316 0.005294 0.999808 0.011049 -1.951280 0.007196 -0.011087 0.999795 143.920694
0.999848 -0.005336 -0.006680 -0.212327 0.005398 0.999824 0.009358 -1.962601 0.006630 -0.009394 0.999816 145.200857
0.999851 -0.004799 -0.006263 -0.228828 0.004846 0.999840 0.007493 -1.973362 0.006227 -0.007523 0.999832 146.482215
0.999852 -0.004859 -0.005785 -0.243419 0.004889 0.999854 0.005100 -1.989995 0.005760 -0.005128 0.999849 147.759049
0.999842 -0.006026 -0.005436 -0.257554 0.006032 0.999854 0.001030 -2.008771 0.005429 -0.001062 0.999855 149.037112
0.999841 -0.006084 -0.005046 -0.272776 0.006072 0.999849 -0.002443 -2.031274 0.005060 0.002413 0.999852 150.317984
0.999828 -0.006332 -0.004890 -0.285733 0.006316 0.999833 -0.003348 -2.057328 0.004912 0.003317 0.999838 151.592485
0.999826 -0.006544 -0.005020 -0.300319 0.006529 0.999832 -0.003046 -2.085168 0.005040 0.003013 0.999838 152.869628
0.999825 -0.005868 -0.005185 -0.315103 0.005855 0.999833 -0.002561 -2.111791 0.005200 0.002531 0.999834 154.139997
0.999829 -0.005042 -0.005337 -0.331052 0.005034 0.999840 -0.001497 -2.137826 0.005344 0.001470 0.999836 155.412971
0.999829 -0.004594 -0.005674 -0.348198 0.004589 0.999843 -0.000966 -2.162614 0.005678 0.000940 0.999834 156.688242
0.999826 -0.004372 -0.006207 -0.364935 0.004364 0.999843 -0.001342 -2.187199 0.006212 0.001315 0.999830 157.958100
0.999822 -0.004016 -0.006889 -0.383146 0.004009 0.999844 -0.001073 -2.211620 0.006893 0.001046 0.999824 159.227139
0.999813 -0.004518 -0.007591 -0.400541 0.004518 0.999841 0.000095 -2.235186 0.007590 -0.000130 0.999819 160.501326
0.999814 -0.003603 -0.008211 -0.420505 0.003606 0.999847 0.000406 -2.258595 0.008210 -0.000436 0.999815 161.767000
0.999812 -0.003206 -0.008845 -0.441696 0.003201 0.999850 -0.000513 -2.282641 0.008847 0.000485 0.999812 163.036088
0.999806 -0.002849 -0.009673 -0.462744 0.002832 0.999851 -0.001780 -2.305838 0.009678 0.001753 0.999804 164.306994
0.999801 -0.002088 -0.010345 -0.486107 0.002070 0.999852 -0.001781 -2.329923 0.010349 0.001759 0.999797 165.571962
0.999792 -0.002621 -0.011001 -0.508558 0.002592 0.999850 -0.002691 -2.356314 0.011008 0.002662 0.999786 166.843490
0.999783 -0.002179 -0.011775 -0.533786 0.002135 0.999847 -0.003700 -2.382344 0.011783 0.003674 0.999772 168.121280
0.999776 -0.001938 -0.012415 -0.559915 0.001896 0.999849 -0.003404 -2.408388 0.012422 0.003381 0.999767 169.395710
0.999769 -0.001670 -0.013153 -0.585351 0.001643 0.999854 -0.002110 -2.433327 0.013156 0.002088 0.999762 170.673860
0.999756 -0.001713 -0.013912 -0.611972 0.001689 0.999853 -0.001771 -2.457610 0.013915 0.001748 0.999751 171.947955
0.999741 -0.001350 -0.014664 -0.640214 0.001329 0.999849 -0.001463 -2.481274 0.014666 0.001443 0.999736 173.220421
0.999729 -0.000993 -0.015444 -0.667518 0.000975 0.999849 -0.001183 -2.505592 0.015445 0.001168 0.999724 174.495808
0.999721 -0.000766 -0.016084 -0.696211 0.000734 0.999850 -0.002007 -2.531167 0.016086 0.001995 0.999714 175.776384
0.999704 0.000187 -0.016728 -0.725342 -0.000229 0.999842 -0.002508 -2.555671 0.016727 0.002512 0.999696 177.047847
0.999696 0.000279 -0.017130 -0.755336 -0.000315 0.999841 -0.002114 -2.582049 0.017129 0.002119 0.999688 178.318570
0.999690 0.000037 -0.017400 -0.786528 -0.000093 0.999838 -0.003205 -2.609076 0.017399 0.003206 0.999679 179.592005
0.999686 -0.001444 -0.017525 -0.815950 0.001361 0.999830 -0.004782 -2.635654 0.017532 0.004758 0.999671 180.860423
0.999671 -0.004610 -0.017780 -0.842437 0.004528 0.999820 -0.004661 -2.663415 0.017801 0.004580 0.999666 182.129199
0.999667 -0.004336 -0.018201 -0.872516 0.004319 0.999834 -0.000985 -2.688381 0.018205 0.000906 0.999671 183.399995
0.999659 -0.005234 -0.018332 -0.901669 0.005296 0.999823 0.003319 -2.712712 0.018314 -0.003415 0.999662 184.670541
0.999663 -0.004058 -0.018422 -0.933210 0.004108 0.999831 0.002651 -2.732181 0.018411 -0.002726 0.999662 185.929733
0.999665 -0.002456 -0.018259 -0.966180 0.002447 0.999833 -0.000504 -2.752064 0.018260 0.000459 0.999662 187.175584
0.999662 -0.002120 -0.018518 -0.997625 0.002076 0.999832 -0.002422 -2.774940 0.018523 0.002383 0.999655 188.420602
0.999659 -0.002396 -0.018692 -1.027744 0.002357 0.999834 -0.002153 -2.800648 0.018697 0.002109 0.999655 189.669542
0.999659 -0.002594 -0.018708 -1.057675 0.002577 0.999835 -0.000965 -2.826719 0.018710 0.000917 0.999656 190.917302
0.999660 -0.002353 -0.018579 -1.089443 0.002375 0.999833 0.001162 -2.851571 0.018577 -0.001206 0.999656 192.162794
0.999671 -0.003016 -0.017902 -1.120548 0.003052 0.999831 0.002010 -2.875249 0.017896 -0.002064 0.999668 193.409874
0.999696 -0.003003 -0.016505 -1.149996 0.003027 0.999831 0.001439 -2.898534 0.016500 -0.001488 0.999694 194.652022
0.999726 -0.004148 -0.015082 -1.176827 0.004147 0.999840 -0.000040 -2.921507 0.015082 -0.000022 0.999729 195.892418
0.999741 -0.004440 -0.013982 -1.200145 0.004419 0.999838 -0.001506 -2.946255 0.013988 0.001444 0.999744 197.122965
0.999754 -0.005183 -0.012679 -1.221288 0.005157 0.999832 -0.002058 -2.971701 0.012689 0.001993 0.999760 198.348653
0.999767 -0.004928 -0.011510 -1.242661 0.004913 0.999833 -0.001319 -2.997390 0.011516 0.001262 0.999773 199.569114
0.999777 -0.005389 -0.010264 -1.260915 0.005396 0.999829 0.000612 -3.023046 0.010261 -0.000668 0.999786 200.788583
0.999791 -0.004330 -0.009222 -1.281249 0.004340 0.999833 0.001035 -3.047392 0.009217 -0.001075 0.999794 202.000153
0.999797 -0.004583 -0.008187 -1.299393 0.004592 0.999830 0.001085 -3.069475 0.008181 -0.001122 0.999802 203.212139
0.999806 -0.004163 -0.007243 -1.316339 0.004172 0.999832 0.001193 -3.091528 0.007238 -0.001223 0.999808 204.418405
0.999810 -0.004308 -0.006234 -1.331220 0.004317 0.999830 0.001425 -3.114713 0.006228 -0.001452 0.999813 205.623420
0.999816 -0.003980 -0.005478 -1.346110 0.003987 0.999831 0.001290 -3.136637 0.005473 -0.001312 0.999817 206.823971
0.999818 -0.004177 -0.004768 -1.358783 0.004184 0.999829 0.001438 -3.160453 0.004762 -0.001458 0.999820 208.008964
0.999814 -0.005256 -0.004316 -1.370105 0.005263 0.999823 0.001478 -3.183639 0.004309 -0.001500 0.999820 209.180036
0.999817 -0.005458 -0.004243 -1.382572 0.005468 0.999824 0.002292 -3.206427 0.004231 -0.002315 0.999823 210.342881
0.999811 -0.005947 -0.004669 -1.393759 0.005963 0.999817 0.003353 -3.230317 0.004649 -0.003381 0.999817 211.477944
0.999807 -0.005781 -0.005486 -1.405309 0.005800 0.999818 0.003352 -3.252804 0.005466 -0.003384 0.999812 212.593238
0.999806 -0.005458 -0.006036 -1.417610 0.005473 0.999823 0.002387 -3.274551 0.006023 -0.002420 0.999813 213.690267
0.999805 -0.005345 -0.006587 -1.430857 0.005356 0.999826 0.001651 -3.296459 0.006578 -0.001686 0.999812 214.773669
0.999798 -0.005520 -0.007389 -1.444490 0.005532 0.999826 0.001551 -3.318297 0.007380 -0.001592 0.999807 215.848712
0.999783 -0.005982 -0.008783 -1.459027 0.005996 0.999822 0.001539 -3.340065 0.008773 -0.001592 0.999794 216.908907
0.999763 -0.006494 -0.010397 -1.476892 0.006519 0.999816 0.002321 -3.361400 0.010381 -0.002388 0.999776 217.963240
0.999730 -0.007538 -0.012466 -1.495833 0.007588 0.999801 0.003971 -3.380719 0.012435 -0.004065 0.999745 219.010288
0.999695 -0.007205 -0.014776 -1.516784 0.007290 0.999790 0.005676 -3.399844 0.014735 -0.005783 0.999700 220.044745
0.999658 -0.006894 -0.017272 -1.540396 0.006994 0.999791 0.005760 -3.418311 0.017232 -0.005880 0.999660 221.062634
0.999608 -0.006684 -0.020022 -1.565381 0.006791 0.999795 0.005282 -3.435294 0.019986 -0.005416 0.999611 222.056910
0.999548 -0.006631 -0.023002 -1.592788 0.006758 0.999799 0.005447 -3.452366 0.022965 -0.005601 0.999550 223.027103
0.999477 -0.006154 -0.026094 -1.622691 0.006313 0.999799 0.005994 -3.470940 0.026056 -0.006156 0.999473 223.977864
0.999400 -0.005913 -0.029057 -1.656803 0.006082 0.999805 0.005718 -3.489376 0.029022 -0.005892 0.999396 224.905161
0.999297 -0.006104 -0.032317 -1.690279 0.006275 0.999806 0.005183 -3.506042 0.032284 -0.005383 0.999298 225.807062
0.999179 -0.006233 -0.035751 -1.725843 0.006401 0.999807 0.004570 -3.523023 0.035722 -0.004796 0.999184 226.687802
0.999063 -0.005150 -0.038944 -1.765771 0.005322 0.999812 0.004302 -3.539857 0.038921 -0.004506 0.999063 227.543998
0.998936 -0.004815 -0.042083 -1.806453 0.004971 0.999815 0.003617 -3.557154 0.042065 -0.003823 0.998936 228.380106
0.998835 -0.003054 -0.044538 -1.850346 0.003217 0.999821 0.003598 -3.573420 0.044527 -0.003738 0.998829 229.196470
0.998804 -0.002290 -0.045252 -1.894256 0.002477 0.999819 0.004092 -3.588419 0.045242 -0.004200 0.998793 229.995461
0.998808 -0.002310 -0.045108 -1.934333 0.002539 0.999812 0.005035 -3.603321 0.045096 -0.005144 0.998793 230.776883
0.998825 -0.002241 -0.044736 -1.972991 0.002503 0.999809 0.005798 -3.617931 0.044721 -0.005904 0.998805 231.539798
0.998839 -0.002429 -0.044409 -2.010461 0.002668 0.999811 0.005327 -3.632082 0.044395 -0.005440 0.998823 232.284058
0.998853 -0.001921 -0.044147 -2.047464 0.002072 0.999822 0.003391 -3.645112 0.044140 -0.003479 0.998844 233.019815
0.998886 -0.002020 -0.043375 -2.081908 0.002077 0.999826 0.001268 -3.658452 0.043372 -0.001357 0.998882 233.751115
0.998931 -0.002027 -0.042282 -2.114716 0.002024 0.999826 -0.000102 -3.671802 0.042282 0.000017 0.998928 234.481176
0.998980 -0.001544 -0.041081 -2.146191 0.001520 0.999824 -0.000636 -3.685686 0.041081 0.000573 0.998976 235.206650
0.999043 -0.002209 -0.039535 -2.174727 0.002179 0.999825 -0.000826 -3.699587 0.039537 0.000739 0.999041 235.930523
0.999114 -0.002354 -0.037760 -2.204036 0.002323 0.999827 -0.000855 -3.713841 0.037762 0.000767 0.999112 236.653730
0.999177 -0.002334 -0.036048 -2.229757 0.002297 0.999827 -0.001052 -3.727835 0.036050 0.000969 0.999175 237.369815
0.999240 -0.002603 -0.034154 -2.253650 0.002557 0.999823 -0.001371 -3.742993 0.034157 0.001283 0.999238 238.083787
0.999318 -0.002517 -0.031424 -2.277079 0.002489 0.999812 -0.000939 -3.757304 0.031426 0.000860 0.999317 238.792237
0.999398 -0.003624 -0.028594 -2.294403 0.003618 0.999806 -0.000268 -3.770773 0.028595 0.000164 0.999400 239.498535
0.999468 -0.004566 -0.025890 -2.311939 0.004568 0.999802 0.000041 -3.785289 0.025889 -0.000160 0.999474 240.202913
0.999537 -0.004848 -0.022978 -2.328529 0.004854 0.999800 0.000189 -3.800416 0.022977 -0.000300 0.999545 240.902752
0.999598 -0.005211 -0.020228 -2.342537 0.005209 0.999801 -0.000167 -3.813691 0.020229 0.000061 0.999607 241.597468
0.999655 -0.005342 -0.017187 -2.357630 0.005335 0.999800 -0.000429 -3.825915 0.017189 0.000337 0.999665 242.288760
0.999704 -0.004446 -0.014400 -2.370503 0.004428 0.999805 -0.001325 -3.838580 0.014406 0.001261 0.999709 242.983104
0.999742 -0.004400 -0.011482 -2.381244 0.004379 0.999804 -0.001870 -3.852255 0.011490 0.001819 0.999745 243.679929
0.999770 -0.004269 -0.008647 -2.391023 0.004261 0.999805 -0.000914 -3.865552 0.008651 0.000877 0.999775 244.382855
0.999788 -0.003995 -0.006190 -2.398215 0.003992 0.999805 -0.000375 -3.878236 0.006191 0.000350 0.999792 245.086086
0.999797 -0.004217 -0.003938 -2.403660 0.004215 0.999803 -0.000532 -3.891446 0.003940 0.000515 0.999802 245.789883
0.999802 -0.004250 -0.001596 -2.408778 0.004246 0.999799 -0.002106 -3.905070 0.001605 0.002099 0.999805 246.495968
0.999806 -0.003960 0.000110 -2.411888 0.003960 0.999793 -0.004516 -3.917282 -0.000092 0.004517 0.999799 247.204763
0.999797 -0.005221 0.001032 -2.413931 0.005228 0.999777 -0.006149 -3.929256 -0.001000 0.006155 0.999788 247.926567
0.999804 -0.005136 0.001066 -2.414884 0.005143 0.999780 -0.006578 -3.943971 -0.001033 0.006584 0.999793 248.653544
0.999819 -0.005894 0.001140 -2.415907 0.005902 0.999793 -0.007096 -3.960686 -0.001098 0.007102 0.999809 249.388274
0.999841 -0.004815 0.001044 -2.417085 0.004823 0.999813 -0.007337 -3.977457 -0.001009 0.007342 0.999824 250.132134
0.999843 -0.003900 0.001255 -2.420990 0.003910 0.999812 -0.007839 -3.994493 -0.001224 0.007844 0.999818 250.883165
0.999836 -0.004799 0.001518 -2.424100 0.004814 0.999789 -0.009734 -4.012753 -0.001471 0.009741 0.999798 251.629915
0.999803 -0.008574 0.001928 -2.422285 0.008596 0.999734 -0.011837 -4.032967 -0.001826 0.011853 0.999769 252.383124
0.999766 -0.011866 0.002416 -2.419582 0.011896 0.999680 -0.012759 -4.049154 -0.002264 0.012787 0.999751 253.150323
0.999789 -0.009376 0.002910 -2.424834 0.009402 0.999746 -0.008846 -4.063555 -0.002827 0.008873 0.999790 253.927142
0.999819 -0.005419 0.003408 -2.432394 0.005428 0.999813 -0.002788 -4.078896 -0.003393 0.002806 0.999826 254.710296
0.999815 -0.006178 0.004246 -2.432282 0.006175 0.999816 0.000739 -4.095829 -0.004250 -0.000712 0.999830 255.500156
0.999799 -0.007206 0.006349 -2.425071 0.007216 0.999810 -0.001501 -4.108590 -0.006338 0.001546 0.999820 256.292676
0.999771 -0.006201 0.010399 -2.422022 0.006282 0.999787 -0.007738 -4.119686 -0.010351 0.007803 0.999757 257.087304
0.999734 -0.004254 0.014082 -2.416970 0.004414 0.999760 -0.011353 -4.134198 -0.014032 0.011414 0.999674 257.890425
0.999688 -0.002740 0.017180 -2.407925 0.002933 0.999764 -0.011217 -4.150850 -0.017148 0.011266 0.999624 258.708376
0.999621 -0.004403 0.020334 -2.393337 0.004585 0.999779 -0.008920 -4.170289 -0.020294 0.009011 0.999587 259.540369
0.999541 -0.007543 0.023184 -2.372378 0.007678 0.999785 -0.005716 -4.188828 -0.023140 0.005893 0.999548 260.378889
0.999453 -0.010074 0.025842 -2.348633 0.010185 0.999769 -0.004181 -4.205813 -0.025798 0.004443 0.999489 261.219026
0.999377 -0.009782 0.028668 -2.325470 0.009892 0.999772 -0.003702 -4.222712 -0.028630 0.003984 0.999411 262.062287
0.999322 -0.007580 0.031113 -2.305173 0.007766 0.999780 -0.005842 -4.240403 -0.031067 0.006081 0.999327 262.905251
0.999253 -0.006980 0.033367 -2.281286 0.007252 0.999767 -0.008057 -4.259391 -0.033309 0.008295 0.999238 263.745216
0.999171 -0.006649 0.035816 -2.252988 0.006945 0.999768 -0.008149 -4.277168 -0.035760 0.008393 0.999153 264.591885
0.999071 -0.005796 0.038650 -2.224701 0.006036 0.999789 -0.006091 -4.297473 -0.038613 0.006320 0.999063 265.440047
0.998962 -0.004377 0.041595 -2.194680 0.004567 0.999808 -0.004469 -4.318478 -0.041574 0.004655 0.998955 266.285668
0.998847 -0.003836 0.044321 -2.161819 0.004043 0.999808 -0.004593 -4.337246 -0.044302 0.004768 0.998837 267.133888
0.998729 -0.003872 0.046831 -2.125730 0.004116 0.999802 -0.005097 -4.354945 -0.046810 0.005284 0.998717 267.979672
0.998613 -0.005684 0.049265 -2.084547 0.005961 0.999801 -0.005480 -4.373399 -0.049232 0.005767 0.998608 268.826378
0.998506 -0.008870 0.050947 -2.040019 0.009128 0.999780 -0.004815 -4.391243 -0.050902 0.005273 0.998525 269.676313
0.998457 -0.009856 0.051715 -1.998403 0.010123 0.999769 -0.004906 -4.409938 -0.051663 0.005423 0.998485 270.530046
0.998420 -0.010665 0.052283 -1.957912 0.010940 0.999762 -0.004960 -4.427802 -0.052226 0.005525 0.998457 271.384381
0.998404 -0.010688 0.052593 -1.917087 0.010963 0.999762 -0.004953 -4.445111 -0.052536 0.005523 0.998441 272.239606
0.998427 -0.010396 0.052207 -1.875100 0.010645 0.999767 -0.004483 -4.461774 -0.052157 0.005032 0.998463 273.094100
0.998460 -0.009918 0.051665 -1.837084 0.010145 0.999774 -0.004134 -4.480288 -0.051621 0.004652 0.998493 273.954651
0.998524 -0.010223 0.050324 -1.796974 0.010488 0.999766 -0.004999 -4.499449 -0.050269 0.005521 0.998556 274.814528
0.998609 -0.010086 0.048596 -1.758729 0.010390 0.999759 -0.006014 -4.517856 -0.048532 0.006512 0.998633 275.671896
0.998694 -0.009143 0.046974 -1.723380 0.009474 0.999761 -0.006825 -4.536366 -0.046909 0.007262 0.998704 276.530257
0.998780 -0.008207 0.045254 -1.689026 0.008541 0.999766 -0.007183 -4.557522 -0.045192 0.007562 0.998777 277.384027
0.998858 -0.007038 0.043467 -1.658639 0.007367 0.999763 -0.007397 -4.579726 -0.043413 0.007710 0.998845 278.238808
0.998954 -0.006603 0.041240 -1.629193 0.006893 0.999768 -0.006889 -4.600418 -0.041193 0.007167 0.998941 279.094079
0.999068 -0.006967 0.038305 -1.602337 0.007182 0.999775 -0.005475 -4.620998 -0.038266 0.005746 0.999067 279.943305
0.999217 -0.008306 0.033914 -1.576543 0.008418 0.999775 -0.003164 -4.640749 -0.033886 0.003447 0.999236 280.788563
0.999344 -0.009512 0.028984 -1.555468 0.009560 0.999751 -0.001520 -4.660759 -0.028968 0.001796 0.999377 281.635218
0.999454 -0.009997 0.024099 -1.540183 0.010006 0.999733 -0.000231 -4.679657 -0.024096 0.000472 0.999492 282.476331
0.999560 -0.010268 0.019120 -1.528712 0.010264 0.999731 0.000351 -4.695906 -0.019123 -0.000155 0.999601 283.302452
0.999634 -0.010867 0.014360 -1.520859 0.010858 0.999726 0.000698 -4.712085 -0.014367 -0.000542 0.999681 284.120688
0.999683 -0.011783 0.009524 -1.516018 0.011775 0.999717 0.000894 -4.728287 -0.009534 -0.000781 0.999740 284.926262
0.999712 -0.012150 0.005269 -1.515010 0.012148 0.999714 0.000466 -4.744874 -0.005275 -0.000402 0.999773 285.715016
0.999718 -0.011763 0.001205 -1.517980 0.011763 0.999706 0.000270 -4.761004 -0.001209 -0.000256 0.999776 286.486903
0.999703 -0.011594 -0.002811 -1.522407 0.011594 0.999696 0.000176 -4.777487 0.002808 -0.000209 0.999759 287.240494
0.999679 -0.012227 -0.006747 -1.530400 0.012230 0.999692 0.000306 -4.795051 0.006742 -0.000389 0.999743 287.972675
0.999622 -0.013255 -0.011181 -1.539152 0.013249 0.999675 -0.000539 -4.811366 0.011187 0.000390 0.999699 288.683134
0.999563 -0.011927 -0.016107 -1.558405 0.011896 0.999681 -0.002023 -4.829473 0.016129 0.001830 0.999621 289.373453
0.999446 -0.010455 -0.022759 -1.578042 0.010364 0.999688 -0.004077 -4.845708 0.022799 0.003840 0.999481 290.046561
0.999228 -0.009931 -0.031371 -1.601665 0.009751 0.999695 -0.005858 -4.861591 0.031426 0.005548 0.999249 290.701213
0.998773 -0.009323 -0.043474 -1.567724 0.009058 0.999693 -0.006287 -4.901510 0.043529 0.005887 0.998786 291.268628
0.998085 -0.009127 -0.057128 -1.611085 0.008760 0.999690 -0.006663 -4.919837 0.057184 0.006152 0.998094 291.895748
0.996977 -0.008039 -0.074123 -1.667751 0.007606 0.999702 -0.006119 -4.938098 0.074167 0.005538 0.996979 292.515394
0.995313 -0.005591 -0.094034 -1.743422 0.005091 0.999722 -0.005563 -4.954975 0.094060 0.005059 0.995301 293.130007
0.992909 -0.004010 -0.116805 -1.831458 0.003360 0.999731 -0.005755 -4.971774 0.116824 0.005323 0.992888 293.733469
0.989578 -0.002721 -0.142319 -1.932925 0.001880 0.999733 -0.006040 -4.985410 0.142331 0.005710 0.989552 294.323258
0.985164 -0.001503 -0.170242 -2.047301 0.000504 0.999735 -0.005911 -4.998576 0.170246 0.005738 0.985136 294.891534
0.979350 -0.000435 -0.201023 -2.178678 -0.000549 0.999742 -0.004839 -5.012435 0.201020 0.004850 0.979326 295.442723
0.971810 -0.000680 -0.234789 -2.325912 -0.000108 0.999751 -0.003343 -5.024647 0.234787 0.003275 0.971792 295.977423
0.962335 -0.000647 -0.270997 -2.487612 0.000141 0.999748 -0.001886 -5.036026 0.270994 0.001777 0.962321 296.498209
0.951003 0.000713 -0.308409 -2.669179 -0.000614 0.999747 0.000419 -5.047833 0.308405 -0.000209 0.950991 296.994418
0.937455 0.002072 -0.347412 -2.868909 -0.001289 0.999743 0.002482 -5.056671 0.347412 -0.001879 0.937442 297.486503
0.921728 0.002456 -0.387200 -3.083598 -0.000879 0.999733 0.004249 -5.065755 0.387201 -0.003577 0.921710 297.951641
0.903557 0.002398 -0.427884 -3.301679 0.000015 0.999723 0.005636 -5.072445 0.427885 -0.005100 0.903531 298.389990
0.882717 0.001938 -0.469374 -3.547105 0.001309 0.999717 0.006590 -5.080246 0.469371 -0.006434 0.882684 298.816624
0.858777 0.001071 -0.511855 -3.812886 0.002959 0.999704 0.007056 -5.084799 0.511841 -0.007576 0.858739 299.230596
0.831917 0.000204 -0.554438 -4.099512 0.004962 0.999686 0.007813 -5.089577 0.554409 -0.009253 0.831870 299.630669
0.801940 0.000296 -0.596973 -4.406165 0.006381 0.999667 0.009067 -5.094626 0.596931 -0.011084 0.801880 300.008361
0.768752 0.001510 -0.639139 -4.730438 0.005695 0.999667 0.009212 -5.098106 0.639107 -0.010725 0.768689 300.361012
0.732243 0.000338 -0.680658 -5.070208 0.007743 0.999654 0.008827 -5.102854 0.680605 -0.011737 0.732182 300.696091
0.691862 -0.000632 -0.721667 -5.419948 0.011714 0.999602 0.010354 -5.106247 0.721562 -0.015621 0.691777 300.996675
0.647133 -0.001273 -0.762037 -5.785942 0.017395 0.999491 0.013103 -5.105194 0.761830 -0.021741 0.646994 301.270494
0.598787 -0.000481 -0.800586 -6.162708 0.021010 0.999394 0.015114 -5.106784 0.800300 -0.025878 0.598590 301.484567
0.546801 0.003327 -0.836951 -6.557263 0.019760 0.999394 0.016882 -5.106443 0.836713 -0.025776 0.546545 301.683906
0.492998 0.009612 -0.869683 -6.960737 0.014427 0.999442 0.019225 -5.108157 0.869604 -0.022031 0.492712 301.846773
0.437145 0.013673 -0.899000 -7.364007 0.011180 0.999454 0.020637 -5.108029 0.899023 -0.019078 0.436868 301.985138
0.379390 0.015756 -0.924825 -7.779317 0.010016 0.999456 0.021136 -5.099429 0.924892 -0.017287 0.379125 302.100730
0.320601 0.017676 -0.946771 -8.181924 0.011224 0.999407 0.022460 -5.091711 0.946855 -0.017832 0.320300 302.194214
0.261686 0.020920 -0.964649 -8.566544 0.012856 0.999319 0.025160 -5.089673 0.964776 -0.018991 0.261312 302.254126
0.201605 0.024701 -0.978879 -8.969039 0.014277 0.999216 0.028154 -5.083787 0.979072 -0.019657 0.201152 302.295152
0.138902 0.028040 -0.989636 -9.370166 0.016076 0.999118 0.030565 -5.079627 0.989888 -0.020161 0.138369 302.310064
0.074627 0.032300 -0.996417 -9.773488 0.015657 0.999029 0.033558 -5.078122 0.996803 -0.018110 0.074072 302.293333
0.009009 0.037974 -0.998961 -10.192106 0.017016 0.998837 0.038123 -5.069105 0.999524 -0.017347 0.008358 302.257385
-0.058540 0.044795 -0.996996 -10.618367 0.018298 0.998575 0.043792 -5.059832 0.997821 -0.015684 -0.059290 302.201576
-0.126335 0.051518 -0.990360 -11.063634 0.020105 0.998277 0.049365 -5.043809 0.991482 -0.013679 -0.127187 302.110343
-0.194012 0.057924 -0.978993 -11.511454 0.022003 0.997958 0.054686 -5.030974 0.980446 -0.010934 -0.194943 301.993381
-0.260357 0.063974 -0.963090 -11.967119 0.025615 0.997604 0.059342 -5.013814 0.964859 -0.009223 -0.261445 301.839887
-0.324869 0.068212 -0.942996 -12.428205 0.029455 0.997345 0.061996 -4.990179 0.944989 -0.007638 -0.326105 301.650170
-0.386303 0.070454 -0.919368 -12.878176 0.032674 0.997199 0.062690 -4.965482 0.921473 -0.005824 -0.387630 301.424303
-0.444871 0.070735 -0.892475 -13.329035 0.035601 0.997183 0.061288 -4.935380 0.894555 -0.004509 -0.446261 301.160492
-0.499879 0.070621 -0.862873 -13.775953 0.037477 0.997195 0.059903 -4.905360 0.864937 -0.002395 -0.501266 300.860781
-0.550207 0.070436 -0.831686 -14.218573 0.038889 0.997200 0.058725 -4.872425 0.833748 -0.000032 -0.551570 300.522787
-0.595765 0.070200 -0.799696 -14.663748 0.040041 0.997207 0.057708 -4.838766 0.801764 0.002360 -0.597094 300.152936
-0.635753 0.070669 -0.768233 -15.109377 0.040912 0.997153 0.057870 -4.805978 0.770383 0.005363 -0.637034 299.747882
-0.672153 0.074037 -0.736250 -15.553365 0.045025 0.996890 0.059141 -4.772885 0.738585 0.006604 -0.673615 299.310768
-0.707985 0.080529 -0.701149 -16.003175 0.052866 0.996391 0.061057 -4.734880 0.703769 0.006162 -0.709917 298.840468
-0.742436 0.085800 -0.663901 -16.439437 0.058875 0.995940 0.062871 -4.698586 0.666822 0.007592 -0.744716 298.331319
-0.774192 0.086851 -0.626435 -16.866008 0.061371 0.995830 0.062217 -4.657588 0.629437 0.009726 -0.776547 297.779641
-0.803323 0.082947 -0.589179 -17.276432 0.060483 0.996153 0.057776 -4.617431 0.591902 0.010781 -0.805512 297.187113
-0.829418 0.079881 -0.552286 -17.669521 0.061275 0.996416 0.052096 -4.579224 0.554655 0.009371 -0.831613 296.562351
-0.853409 0.074284 -0.515271 -18.056326 0.059223 0.996855 0.045623 -4.533896 0.517215 0.008422 -0.855407 295.895473
-0.874839 0.071501 -0.478403 -18.416943 0.059157 0.997064 0.040840 -4.499400 0.480083 0.007430 -0.876792 295.195746
-0.894273 0.069879 -0.441264 -18.758322 0.058359 0.997157 0.039637 -4.471391 0.442932 0.009697 -0.896109 294.460466
-0.912291 0.066268 -0.403304 -19.076354 0.055726 0.997378 0.037825 -4.446440 0.404894 0.012037 -0.913898 293.687360
-0.928399 0.066012 -0.364744 -19.374578 0.056790 0.997387 0.035956 -4.420063 0.366292 0.012672 -0.930034 292.881864
-0.942949 0.068177 -0.324816 -19.651326 0.059858 0.997216 0.035539 -4.394799 0.326451 0.014073 -0.944729 292.048682
-0.955394 0.071595 -0.285308 -19.901173 0.064238 0.996959 0.035062 -4.372604 0.287054 0.015175 -0.957417 291.179319
-0.966011 0.072451 -0.246729 -20.117857 0.065440 0.996827 0.036495 -4.346538 0.248681 0.019115 -0.968023 290.283773
-0.974758 0.075134 -0.208603 -20.308797 0.068928 0.996582 0.036863 -4.319960 0.210737 0.021561 -0.976941 289.356469
-0.981994 0.074363 -0.171635 -20.465949 0.069199 0.996593 0.035869 -4.297310 0.173783 0.023354 -0.984138 288.403659
-0.987542 0.072903 -0.137041 -20.589841 0.069201 0.996755 0.031578 -4.269657 0.138949 0.021708 -0.989711 287.424323
-0.991725 0.071393 -0.103569 -20.682279 0.068859 0.996894 0.027826 -4.245577 0.105274 0.020470 -0.993888 286.423833
-0.994590 0.070619 -0.071729 -20.746891 0.068836 0.996918 0.027015 -4.225833 0.073444 0.021938 -0.996715 285.381341
-0.996443 0.069067 -0.040938 -20.779511 0.068007 0.996985 0.026706 -4.207387 0.042678 0.023834 -0.998463 284.316712
-0.997259 0.068550 -0.011995 -20.784168 0.068235 0.997026 0.024941 -4.190211 0.013678 0.024061 -0.999288 283.231113
-0.997281 0.067690 0.014614 -20.759583 0.068028 0.997059 0.024125 -4.173042 -0.012937 0.025061 -0.999272 282.127330
-0.996765 0.065187 0.039556 -20.702754 0.066201 0.997156 0.024924 -4.155703 -0.037827 0.027470 -0.998570 280.979680
-0.995690 0.063347 0.062730 -20.620183 0.065050 0.997214 0.025479 -4.138306 -0.060957 0.029459 -0.997365 279.810515
-0.994364 0.060800 0.083030 -20.512909 0.063008 0.997378 0.024224 -4.122977 -0.081361 0.029328 -0.995914 278.637286
-0.993131 0.056234 0.099336 -20.382097 0.058655 0.997698 0.021624 -4.108341 -0.097919 0.027311 -0.994474 277.455108
-0.992101 0.051484 0.111355 -20.232740 0.054101 0.997965 0.020609 -4.094272 -0.110101 0.026480 -0.993209 276.252424
-0.991454 0.046651 0.118966 -20.070873 0.049663 0.998153 0.022473 -4.080867 -0.117734 0.028199 -0.992283 275.031309
-0.991147 0.043717 0.122566 -19.904153 0.046958 0.998253 0.023668 -4.066122 -0.121355 0.029224 -0.991815 273.789877
-0.991201 0.041734 0.122821 -19.734477 0.044805 0.998383 0.022341 -4.048192 -0.121728 0.027657 -0.991815 272.521673
-0.991522 0.039678 0.120878 -19.564513 0.042562 0.998501 0.021361 -4.030617 -0.119886 0.026334 -0.992072 271.232416
-0.991851 0.039293 0.118296 -19.398117 0.042206 0.998500 0.022222 -4.014129 -0.117281 0.027043 -0.992368 269.931315
-0.992201 0.038156 0.115748 -19.236518 0.041103 0.998528 0.023176 -3.999081 -0.114728 0.027762 -0.992651 268.626293
