1.000000 0.000000 0.000000 0.000000 0.000000 1.000000 0.000000 0.000000 0.000000 0.000000 1.000000 0.000000
0.999995 0.002732 0.000312 -0.008962 -0.002733 0.999994 0.001655 -0.017581 -0.000308 -0.001656 0.999998 0.772239
0.999984 0.005409 0.000490 -0.017668 -0.005410 0.999982 0.002081 -0.034350 -0.000479 -0.002084 0.999996 1.529142
0.999973 0.006786 0.000845 -0.022968 -0.006787 0.999972 0.001706 -0.049478 -0.000833 -0.001712 0.999994 2.276563
0.999951 0.008764 0.001016 -0.031875 -0.008765 0.999950 0.001355 -0.063815 -0.001004 -0.001364 0.999988 3.009949
0.999947 0.008913 0.001458 -0.038404 -0.008914 0.999947 0.001060 -0.077251 -0.001449 -0.001073 0.999986 3.730278
0.999944 0.009076 0.001777 -0.042852 -0.009080 0.999943 0.002016 -0.091858 -0.001759 -0.002032 0.999983 4.430076
0.999935 0.009888 0.002325 -0.045846 -0.009899 0.999926 0.004736 -0.103622 -0.002278 -0.004759 0.999972 5.116162
0.999932 0.009650 0.003859 -0.050113 -0.009683 0.999902 0.008710 -0.113618 -0.003775 -0.008747 0.999941 5.779384
0.999932 0.008975 0.005089 -0.047059 -0.009036 0.999871 0.012201 -0.122451 -0.004979 -0.012247 0.999898 6.422947
0.999933 0.008171 0.006085 -0.043945 -0.008258 0.999848 0.014398 -0.131541 -0.005966 -0.014448 0.999863 7.042315
0.999922 0.008685 0.007224 -0.042053 -0.008787 0.999846 0.014219 -0.140057 -0.007099 -0.014281 0.999858 7.630821
0.999904 0.009680 0.008315 -0.040294 -0.009776 0.999872 0.011554 -0.147718 -0.008202 -0.011634 0.999885 8.191012
0.999897 0.009737 0.009183 -0.036191 -0.009817 0.999901 0.008717 -0.152902 -0.009097 -0.008807 0.999906 8.722687
0.999890 0.008088 0.010789 -0.029129 -0.008165 0.999923 0.007154 -0.157133 -0.010731 -0.007242 0.999897 9.230738
0.999887 0.004344 0.012612 -0.020101 -0.004404 0.999956 0.004740 -0.164632 -0.012591 -0.004795 0.999885 9.703574
0.999870 0.002555 0.014411 -0.010981 -0.002607 0.999968 0.003595 -0.173532 -0.014402 -0.003632 0.999867 10.148299
0.999818 0.006787 0.016540 -0.011344 -0.006815 0.999954 0.001658 -0.184659 -0.016528 -0.001771 0.999841 10.560017
0.999724 0.011184 0.019624 -0.012386 -0.011203 0.999916 0.000885 -0.194050 -0.019613 -0.001105 0.999786 10.942078
0.999645 0.011719 0.023002 -0.004491 -0.011765 0.999908 0.001860 -0.200204 -0.022978 -0.002130 0.999712 11.298232
0.999610 0.007544 0.026062 0.010865 -0.007606 0.999947 0.002295 -0.205717 -0.026044 -0.002492 0.999636 11.621510
0.999566 0.002705 0.028536 0.029432 -0.002764 0.999971 0.002037 -0.209000 -0.028530 -0.002115 0.999568 11.912589
0.999497 -0.000790 0.030898 0.045077 0.000688 0.999970 0.003319 -0.214734 -0.030900 -0.003296 0.999492 12.177671
0.999410 -0.001073 0.033521 0.053652 0.000925 0.999963 0.004429 -0.221530 -0.033526 -0.004395 0.999401 12.409567
0.999334 -0.000331 0.035581 0.061733 0.000208 0.999962 0.003460 -0.225922 -0.035582 -0.003451 0.999328 12.616982
0.999268 0.000665 0.037733 0.068952 -0.000741 0.999979 0.002000 -0.230221 -0.037732 -0.002027 0.999267 12.805280
0.999178 0.002840 0.040294 0.072860 -0.002891 0.999989 0.001212 -0.235427 -0.040290 -0.001327 0.999181 12.979259
0.999109 0.005629 0.041979 0.076227 -0.005663 0.999990 0.000678 -0.243551 -0.041974 -0.000915 0.999124 13.145526
0.999044 0.006909 0.043331 0.082391 -0.006886 0.999983 -0.000683 -0.250063 -0.043334 0.000384 0.999067 13.305348
0.998966 0.006087 0.045238 0.092619 -0.005981 0.999987 -0.002481 -0.253625 -0.045252 0.002208 0.998981 13.459896
0.998906 0.004757 0.046698 0.103601 -0.004577 0.999990 -0.003961 -0.256250 -0.046716 0.003743 0.998909 13.607042
0.998854 0.003991 0.047862 0.113457 -0.003756 0.999988 -0.005008 -0.259130 -0.047881 0.004822 0.998849 13.747249
0.998774 0.004701 0.049420 0.120102 -0.004392 0.999977 -0.006367 -0.262247 -0.049448 0.006142 0.998765 13.880514
0.998700 0.005602 0.050686 0.126661 -0.005178 0.999952 -0.008483 -0.265544 -0.050731 0.008210 0.998679 14.008703
0.998652 0.005658 0.051500 0.133945 -0.005115 0.999925 -0.010672 -0.268688 -0.051557 0.010395 0.998611 14.132989
0.998617 0.004771 0.052232 0.142434 -0.004098 0.999901 -0.012980 -0.272543 -0.052289 0.012748 0.998543 14.258006
0.998648 0.003808 0.051690 0.151701 -0.003046 0.999877 -0.014816 -0.276368 -0.051740 0.014639 0.998544 14.385289
0.998757 0.003326 0.049537 0.159402 -0.002536 0.999858 -0.015994 -0.279475 -0.049584 0.015849 0.998634 14.515214
0.998895 0.003482 0.046605 0.162313 -0.002694 0.999838 -0.016963 -0.282795 -0.046657 0.016819 0.998756 14.642382
0.999066 0.003906 0.042511 0.163803 -0.003140 0.999808 -0.018086 -0.287337 -0.042574 0.017936 0.998909 14.770236
0.999279 0.003991 0.036856 0.159327 -0.003290 0.999778 -0.019056 -0.293617 -0.036925 0.018922 0.999106 14.889165
0.999639 0.000802 0.025364 0.437045 -0.000307 0.999772 -0.019483 -0.288050 -0.025375 0.019469 0.999450 15.437260
0.999681 0.003856 0.023030 0.153648 -0.003382 0.999739 -0.020556 -0.299544 -0.023104 0.020473 0.999478 15.144352
0.999831 0.003756 0.014853 0.150664 -0.003436 0.999713 -0.021493 -0.302075 -0.014931 0.021440 0.999608 15.280362
0.999928 0.002631 0.004718 0.144692 -0.002523 0.999680 -0.022823 -0.303376 -0.004777 0.022810 0.999671 15.420550
0.999903 0.001080 -0.008135 0.130041 -0.001279 0.999638 -0.024491 -0.307488 0.008106 0.024501 0.999604 15.561601
0.999640 0.000539 -0.024317 0.110696 -0.001182 0.999588 -0.026411 -0.311324 0.024294 0.026432 0.999291 15.717289
0.998985 0.000855 -0.043569 0.083730 -0.002048 0.999561 -0.027343 -0.316404 0.043529 0.027406 0.998611 15.887940
0.997800 0.001707 -0.065282 0.047935 -0.003468 0.999569 -0.026866 -0.322604 0.065213 0.027035 0.997440 16.073495
0.995973 0.002424 -0.088882 0.008167 -0.004699 0.999601 -0.025403 -0.330122 0.088791 0.025720 0.995651 16.274597
0.993208 0.003409 -0.115723 -0.036557 -0.006212 0.999630 -0.023870 -0.337615 0.115606 0.024428 0.992927 16.480609
0.989220 0.004553 -0.145903 -0.096456 -0.007801 0.999668 -0.021695 -0.346597 0.145766 0.022601 0.988992 16.704761
0.983769 0.004793 -0.178989 -0.166717 -0.008172 0.999737 -0.018139 -0.355798 0.178867 0.019309 0.983613 16.938789
0.976338 0.005926 -0.215819 -0.252628 -0.009201 0.999785 -0.014171 -0.361713 0.215705 0.015823 0.976252 17.185970
0.966677 0.007812 -0.255556 -0.352088 -0.010367 0.999830 -0.008649 -0.369597 0.255465 0.011011 0.966669 17.437815
0.954709 0.011840 -0.297023 -0.469980 -0.013542 0.999821 -0.003670 -0.376313 0.296951 0.007527 0.954775 17.696796
0.940499 0.015620 -0.339181 -0.603017 -0.016300 0.999784 0.000843 -0.382463 0.339149 0.004737 0.940628 17.962160
0.923745 0.018299 -0.382335 -0.750272 -0.017012 0.999747 0.006745 -0.390688 0.382394 0.000274 0.923901 18.233294
0.904370 0.021688 -0.425984 -0.916870 -0.017165 0.999660 0.014453 -0.395430 0.426190 -0.005759 0.904514 18.512101
0.882392 0.026040 -0.469585 -1.101122 -0.018179 0.999514 0.021267 -0.399825 0.469955 -0.010230 0.882519 18.788037
0.857381 0.031193 -0.513540 -1.311443 -0.020812 0.999349 0.025953 -0.400551 0.514065 -0.011565 0.857555 19.065959
0.829225 0.034285 -0.557674 -1.538654 -0.021572 0.999235 0.029354 -0.398458 0.558310 -0.012312 0.829413 19.340438
0.798124 0.037852 -0.601123 -1.788516 -0.023982 0.999126 0.031072 -0.392541 0.601836 -0.010384 0.798416 19.611322
0.764089 0.040322 -0.643678 -2.060975 -0.024211 0.999028 0.033842 -0.383247 0.644485 -0.010275 0.764402 19.878186
0.726776 0.044153 -0.685286 -2.362645 -0.025179 0.998863 0.037652 -0.369458 0.686245 -0.010111 0.727141 20.148631
0.687744 0.045367 -0.724380 -2.686059 -0.022991 0.998798 0.040725 -0.356528 0.725434 -0.011355 0.688034 20.406485
0.647037 0.045329 -0.760966 -3.038540 -0.020365 0.998797 0.042180 -0.344754 0.762043 -0.011796 0.647249 20.657996
0.604294 0.044109 -0.795394 -3.416241 -0.014954 0.998806 0.044028 -0.329957 0.796475 -0.014713 0.604299 20.905567
0.559379 0.044154 -0.827593 -3.822811 -0.010287 0.998758 0.046334 -0.312977 0.828705 -0.017407 0.559202 21.146347
0.512673 0.045602 -0.857232 -4.254473 -0.008476 0.998692 0.048059 -0.293098 0.858402 -0.017374 0.512448 21.363314
0.462653 0.045133 -0.885254 -4.717823 -0.007146 0.998744 0.047184 -0.269010 0.886374 -0.015505 0.462447 21.567179
0.409982 0.043968 -0.910901 -5.203766 -0.001881 0.998758 0.047363 -0.246695 0.911959 -0.017706 0.409603 21.756304
0.356094 0.043059 -0.933326 -5.716070 0.003566 0.998747 0.047438 -0.224700 0.934311 -0.020222 0.355536 21.924180
0.301892 0.041973 -0.952298 -6.253409 0.006241 0.998810 0.046002 -0.198312 0.953201 -0.019833 0.301304 22.063190
0.248366 0.047756 -0.967370 -6.820695 0.007203 0.998553 0.051145 -0.168923 0.968521 -0.019673 0.247690 22.174621
0.196907 0.052801 -0.978883 -7.412687 0.009948 0.998278 0.055849 -0.141041 0.980255 -0.020737 0.196065 22.262873
0.148310 0.054101 -0.987356 -8.022636 0.015680 0.998148 0.057048 -0.114592 0.988712 -0.023945 0.147202 22.333509
0.103695 0.055528 -0.992958 -8.652759 0.018406 0.998065 0.057736 -0.091472 0.994338 -0.024265 0.102482 22.377297
0.063075 0.053760 -0.996459 -9.296292 0.018346 0.998219 0.055016 -0.062311 0.997739 -0.021753 0.061982 22.392620
0.027258 0.049352 -0.998306 -9.957050 0.015915 0.998531 0.049798 -0.025523 0.999397 -0.017247 0.026435 22.386553
-0.001478 0.049296 -0.998680 -10.643051 0.013768 0.998589 0.049271 0.010342 0.999799 -0.013678 -0.002155 22.363530
-0.022555 0.053457 -0.998211 -11.354298 0.012596 0.998403 0.053182 0.042718 0.999561 -0.011375 -0.023195 22.330270
-0.035551 0.059442 -0.997494 -12.084270 0.014155 0.998058 0.058971 0.076443 0.999163 -0.012024 -0.036328 22.294250
-0.043585 0.062066 -0.997013 -12.829257 0.013883 0.997905 0.061515 0.110943 0.998845 -0.011161 -0.044360 22.253954
-0.047508 0.059314 -0.996996 -13.585871 0.015062 0.998054 0.058660 0.144858 0.998644 -0.012231 -0.048314 22.213409
-0.046891 0.055463 -0.997248 -14.367783 0.022598 0.998152 0.054451 0.183713 0.998532 -0.019985 -0.048063 22.182344
-0.042738 0.053826 -0.997522 -15.168656 0.034397 0.997924 0.052374 0.228371 0.998379 -0.032076 -0.044506 22.164146
-0.037206 0.053993 -0.997731 -15.993805 0.034792 0.997888 0.052705 0.266247 0.998584 -0.032755 -0.039010 22.135596
-0.032139 0.052639 -0.997966 -16.843601 0.032950 0.997994 0.051579 0.297801 0.998807 -0.031228 -0.033814 22.104264
-0.031202 0.045998 -0.998313 -17.929506 0.036872 0.998172 0.044839 0.355871 0.998689 -0.035415 -0.032846 22.216927
-0.027114 0.035505 -0.998849 -18.586071 0.034481 0.998653 0.034562 0.365892 0.998882 -0.033509 -0.028306 22.056613
-0.026475 0.027209 -0.999142 -19.472963 0.026915 0.999147 0.026496 0.389749 0.999147 -0.026193 -0.027189 22.017158
-0.028074 0.024253 -0.999172 -20.398919 0.021357 0.999350 0.023658 0.415495 0.999235 -0.020677 -0.028578 21.978937
-0.031474 0.030387 -0.998901 -21.349610 0.012085 0.999333 0.030019 0.434321 0.999287 -0.011128 -0.031825 21.926777
-0.036308 0.038434 -0.998458 -22.312845 0.007190 0.999098 0.038198 0.459266 0.999168 -0.005793 -0.036557 21.874785
-0.040946 0.047983 -0.997864 -23.312825 0.005674 0.998695 0.047791 0.495760 0.998999 -0.003705 -0.041171 21.825794
-0.042589 0.057862 -0.997271 -24.332847 0.004394 0.998175 0.057727 0.538947 0.998936 -0.001923 -0.042772 21.773675
-0.043669 0.065574 -0.996745 -25.353719 0.006303 0.997693 0.065361 0.585311 0.998878 -0.003429 -0.043988 21.725701
-0.045224 0.066409 -0.996629 -26.371588 0.007314 0.997642 0.066145 0.637977 0.998810 -0.004298 -0.045609 21.677039
-0.047035 0.063701 -0.996721 -27.393849 0.006229 0.997821 0.063478 0.689607 0.998732 -0.003223 -0.047337 21.622639
-0.049953 0.058778 -0.996881 -28.413488 0.006050 0.998124 0.058549 0.737445 0.998591 -0.003107 -0.050222 21.565737
-0.054532 0.053659 -0.996942 -29.425132 0.006212 0.998424 0.053399 0.779287 0.998363 -0.003281 -0.054787 21.502864
-0.060250 0.049078 -0.996856 -30.445238 0.006543 0.998666 0.048772 0.818450 0.998040 -0.003584 -0.060498 21.434742
-0.067040 0.047154 -0.996516 -31.462970 0.005681 0.998762 0.046879 0.856721 0.997612 -0.002519 -0.067233 21.357793
-0.073587 0.049636 -0.995933 -32.510864 0.006016 0.998642 0.049328 0.895436 0.997149 -0.002362 -0.073795 21.274128
-0.080053 0.054557 -0.995177 -33.574488 0.004735 0.998388 0.054353 0.934805 0.996658 -0.000360 -0.080192 21.181599
-0.086208 0.057491 -0.994498 -34.640015 0.002056 0.998220 0.057528 0.977806 0.996153 0.002916 -0.086184 21.078882
-0.090881 0.059726 -0.993950 -35.708048 -0.000994 0.998072 0.060065 1.024923 0.995740 0.006448 -0.090658 20.969501
-0.093592 0.060979 -0.993622 -36.778837 -0.005409 0.997955 0.061754 1.072943 0.995474 0.011156 -0.093082 20.855279
-0.095295 0.062291 -0.993373 -37.852854 -0.009240 0.997814 0.063456 1.122148 0.995279 0.015228 -0.094523 20.740655
-0.096925 0.061859 -0.993239 -38.933142 -0.010535 0.997817 0.063172 1.171779 0.995106 0.016590 -0.096074 20.627843
-0.098402 0.061089 -0.993135 -40.008040 -0.010799 0.997852 0.062450 1.221871 0.994951 0.016872 -0.097544 20.516298
-0.099559 0.060382 -0.993056 -41.088913 -0.011907 0.997870 0.061869 1.271861 0.994817 0.017987 -0.098642 20.401193
-0.100570 0.059575 -0.992995 -42.172417 -0.014001 0.997871 0.061286 1.319673 0.994680 0.020069 -0.099537 20.283245
-0.101420 0.057098 -0.993053 -43.267911 -0.018412 0.997920 0.059259 1.368576 0.994520 0.024299 -0.100173 20.158993
-0.101760 0.052231 -0.993287 -44.353901 -0.023599 0.998061 0.054900 1.412962 0.994377 0.029032 -0.100345 20.033793
-0.100952 0.051579 -0.993404 -45.449159 -0.024999 0.998058 0.054362 1.460278 0.994426 0.030327 -0.099482 19.912697
-0.099385 0.055769 -0.993336 -46.558134 -0.025720 0.997800 0.058593 1.507486 0.994565 0.031377 -0.097747 19.795623
-0.097629 0.058970 -0.993325 -47.676942 -0.025712 0.997609 0.061752 1.556095 0.994739 0.031574 -0.095893 19.679585
-0.096228 0.058627 -0.993481 -48.796581 -0.023659 0.997695 0.061168 1.609801 0.994925 0.029395 -0.094633 19.570068
-0.093782 0.057869 -0.993758 -49.906615 -0.023252 0.997757 0.060297 1.660193 0.995168 0.028766 -0.092240 19.461895
-0.089780 0.058418 -0.994094 -51.030157 -0.027547 0.997596 0.061112 1.710528 0.995425 0.032876 -0.087968 19.348840
-0.084162 0.059347 -0.994528 -52.158662 -0.032478 0.997374 0.062265 1.761231 0.995765 0.037547 -0.082026 19.238281
-0.078345 0.058967 -0.995021 -53.280737 -0.036174 0.997262 0.061949 1.813054 0.996107 0.040854 -0.076010 19.137324
-0.072590 0.058182 -0.995498 -54.409202 -0.037582 0.997261 0.061026 1.865540 0.996486 0.041850 -0.070216 19.045582
-0.066896 0.057513 -0.995933 -55.542746 -0.037049 0.997336 0.060083 1.915871 0.996902 0.040925 -0.064598 18.963611
-0.061705 0.057308 -0.996278 -56.678492 -0.035166 0.997434 0.059553 1.965774 0.997302 0.038717 -0.059541 18.892342
-0.056380 0.058041 -0.996550 -57.827257 -0.034164 0.997439 0.060026 2.017025 0.997651 0.037437 -0.054263 18.824273
-0.050769 0.059663 -0.996755 -58.993447 -0.033158 0.997389 0.061391 2.070489 0.997985 0.036173 -0.048666 18.763208
-0.045408 0.060907 -0.996938 -60.151316 -0.033877 0.997298 0.062473 2.124998 0.998219 0.036617 -0.043230 18.705892
-0.040153 0.060152 -0.997212 -61.298441 -0.033355 0.997378 0.061506 2.176349 0.998465 0.035738 -0.038048 18.655411
-0.035281 0.055609 -0.997663 -62.442487 -0.033511 0.997655 0.056794 2.227336 0.998647 0.035443 -0.033340 18.608571
-0.031060 0.050296 -0.998083 -63.598553 -0.033214 0.997959 0.051324 2.274319 0.998794 0.034751 -0.029331 18.569593
-0.027480 0.049686 -0.998221 -64.755046 -0.033089 0.998003 0.050587 2.320076 0.998906 0.034427 -0.025786 18.534128
-0.024125 0.052157 -0.998189 -65.921547 -0.032333 0.997913 0.052925 2.360843 0.999025 0.033557 -0.022392 18.497706
-0.022009 0.051681 -0.998258 -67.090459 -0.032531 0.997931 0.052382 2.407189 0.999062 0.033633 -0.020286 18.465352
-0.021007 0.051346 -0.998296 -68.263101 -0.034314 0.997887 0.052048 2.454791 0.999023 0.035355 -0.019204 18.431491
-0.020223 0.052255 -0.998261 -69.438672 -0.035462 0.997796 0.052950 2.498268 0.998994 0.036478 -0.018329 18.401972
-0.019148 0.051891 -0.998300 -70.616122 -0.036072 0.997794 0.052557 2.541052 0.998993 0.037024 -0.017237 18.372967
-0.018036 0.049787 -0.998427 -71.796125 -0.036468 0.997889 0.050420 2.583848 0.998998 0.037327 -0.016186 18.344247
-0.017310 0.048491 -0.998503 -72.974871 -0.034748 0.998017 0.049071 2.625863 0.999071 0.035551 -0.015593 18.319213
-0.016874 0.048402 -0.998514 -74.154940 -0.031437 0.998134 0.048916 2.665675 0.999188 0.032221 -0.015323 18.296302
-0.016687 0.049140 -0.998481 -75.340760 -0.029083 0.998171 0.049611 2.705406 0.999262 0.029872 -0.015231 18.274636
-0.016615 0.051850 -0.998357 -76.524817 -0.028774 0.998053 0.052314 2.747007 0.999284 0.029601 -0.015094 18.249628
-0.016376 0.055383 -0.998170 -77.715907 -0.031089 0.997790 0.055872 2.790691 0.999218 0.031953 -0.014621 18.222606
-0.015807 0.055241 -0.998187 -78.894804 -0.033342 0.997724 0.055744 2.835773 0.999154 0.034169 -0.013931 18.194284
-0.015458 0.053111 -0.998307 -80.070404 -0.034522 0.997800 0.053619 2.881307 0.999118 0.035298 -0.013593 18.167610
-0.015214 0.050727 -0.998433 -81.251992 -0.034299 0.997932 0.051225 2.923252 0.999128 0.035031 -0.013445 18.143352
-0.015277 0.050016 -0.998466 -82.442088 -0.032193 0.998037 0.050488 2.964084 0.999195 0.032921 -0.013640 18.123210
-0.015323 0.051497 -0.998389 -83.617897 -0.030773 0.998006 0.051950 3.004357 0.999239 0.031525 -0.013710 18.104302
-0.015051 0.054272 -0.998244 -84.795255 -0.030192 0.997875 0.054708 3.045592 0.999258 0.030969 -0.013383 18.083717
-0.014675 0.056548 -0.998122 -85.975000 -0.030704 0.997731 0.056977 3.089670 0.999247 0.031488 -0.012908 18.063296
-0.014559 0.056774 -0.998111 -87.143975 -0.032046 0.997675 0.057218 3.133511 0.999207 0.032825 -0.012709 18.039310
-0.014329 0.054623 -0.998232 -88.316663 -0.031455 0.997812 0.055053 3.178778 0.999226 0.032194 -0.012582 18.019328
-0.014170 0.053245 -0.998309 -89.487276 -0.029805 0.997940 0.053649 3.223139 0.999279 0.030520 -0.012556 18.001155
-0.014125 0.054235 -0.998253 -90.652762 -0.028161 0.997932 0.054616 3.265856 0.999324 0.028888 -0.012571 17.982294
-0.014010 0.057104 -0.998094 -91.826009 -0.025665 0.997839 0.057451 3.311315 0.999392 0.026426 -0.012516 17.965854
-0.013947 0.059598 -0.997945 -93.000211 -0.024320 0.997724 0.059926 3.358275 0.999423 0.025111 -0.012469 17.947221
-0.013545 0.061344 -0.997846 -94.173926 -0.024717 0.997609 0.061666 3.407737 0.999419 0.025504 -0.011999 17.924192
-0.013255 0.063190 -0.997744 -95.337163 -0.027045 0.997441 0.063531 3.459153 0.999372 0.027831 -0.011514 17.899127
-0.012933 0.062410 -0.997795 -96.496861 -0.029019 0.997432 0.062764 3.508900 0.999319 0.029772 -0.011091 17.873510
-0.012822 0.058404 -0.998039 -97.650867 -0.031333 0.997605 0.058781 3.558226 0.999250 0.032032 -0.010964 17.847523
-0.012677 0.056576 -0.998146 -98.814922 -0.032334 0.997678 0.056960 3.607406 0.999220 0.033002 -0.010821 17.827157
-0.012713 0.054857 -0.998240 -99.972589 -0.032156 0.997779 0.055242 3.653543 0.999223 0.032808 -0.010923 17.807794
-0.012718 0.055200 -0.998222 -101.126684 -0.030738 0.997806 0.055569 3.700761 0.999269 0.031396 -0.010996 17.791466
-0.012854 0.057273 -0.998104 -102.280425 -0.030707 0.997690 0.057645 3.748034 0.999268 0.031396 -0.011068 17.771956
-0.012834 0.059348 -0.997987 -103.441431 -0.029331 0.997615 0.059704 3.796326 0.999314 0.030044 -0.011064 17.754471
-0.013531 0.058286 -0.998040 -104.604724 -0.032987 0.997560 0.058706 3.848259 0.999191 0.033723 -0.011577 17.730172
-0.013937 0.059425 -0.997967 -105.775402 -0.036970 0.997349 0.059905 3.900383 0.999045 0.037737 -0.011705 17.701910
-0.014021 0.058594 -0.998012 -106.938372 -0.040191 0.997268 0.059116 3.951599 0.998917 0.040948 -0.011630 17.672444
-0.014308 0.054762 -0.998228 -108.112921 -0.040944 0.997459 0.055307 4.000785 0.998885 0.041671 -0.012031 17.646945
-0.014982 0.050756 -0.998434 -109.297320 -0.040906 0.997676 0.051331 4.050997 0.998881 0.041618 -0.012873 17.620649
-0.015780 0.049771 -0.998463 -110.483616 -0.037156 0.997866 0.050329 4.096092 0.999007 0.037900 -0.013900 17.599920
-0.016470 0.049064 -0.998486 -111.689404 -0.032405 0.998068 0.049579 4.140512 0.999160 0.033179 -0.014851 17.582875
-0.017076 0.050853 -0.998385 -112.924244 -0.031513 0.998005 0.051373 4.188694 0.999177 0.032346 -0.015442 17.559962
-0.017907 0.054867 -0.998156 -114.150942 -0.030540 0.997818 0.055397 4.235716 0.999191 0.031482 -0.016195 17.532712
-0.018388 0.054942 -0.998143 -115.383271 -0.028895 0.997863 0.055459 4.286584 0.999231 0.029867 -0.016764 17.503203
-0.018945 0.050527 -0.998364 -116.619322 -0.028843 0.998098 0.051061 4.337439 0.999221 0.029769 -0.017455 17.470935
-0.019736 0.046791 -0.998531 -117.862386 -0.029008 0.998276 0.047353 4.385206 0.999201 0.029906 -0.018348 17.437415
-0.020575 0.045345 -0.998579 -119.109937 -0.028093 0.998369 0.045914 4.428599 0.999209 0.029004 -0.019272 17.405672
-0.021191 0.046553 -0.998509 -120.363341 -0.029900 0.998256 0.047176 4.471217 0.999142 0.030862 -0.019765 17.371309
-0.021595 0.051181 -0.998271 -121.623951 -0.034603 0.997865 0.051909 4.517101 0.998979 0.035671 -0.019781 17.329117
-0.021842 0.054348 -0.998098 -122.892671 -0.040019 0.997486 0.055191 4.565246 0.998771 0.041157 -0.019616 17.284613
-0.021838 0.054126 -0.998109 -124.158558 -0.047350 0.997168 0.055112 4.617296 0.998449 0.048474 -0.019217 17.235278
-0.021692 0.052082 -0.998221 -125.422711 -0.050482 0.997123 0.053122 4.666274 0.998299 0.051555 -0.019004 17.192754
-0.022234 0.050828 -0.998274 -126.686127 -0.052530 0.997080 0.051938 4.712472 0.998182 0.053604 -0.019503 17.153831
-0.022976 0.050275 -0.998284 -127.945004 -0.052532 0.997104 0.051425 4.754728 0.998163 0.053634 -0.020272 17.117942
-0.023584 0.049381 -0.998311 -129.204587 -0.050123 0.997272 0.050514 4.796126 0.998270 0.051240 -0.021049 17.085009
-0.024049 0.049965 -0.998271 -130.463744 -0.050134 0.997241 0.051122 4.839861 0.998258 0.051287 -0.021482 17.047295
-0.024683 0.055072 -0.997988 -131.727145 -0.049931 0.996976 0.056252 4.886390 0.998253 0.051230 -0.021863 17.007569
-0.025282 0.059214 -0.997735 -132.995599 -0.048774 0.996790 0.060394 4.935495 0.998294 0.050200 -0.022318 16.968513
-0.025293 0.057811 -0.997818 -134.256573 -0.049212 0.996853 0.059003 4.990672 0.998274 0.050607 -0.022373 16.929330
-0.024484 0.056405 -0.997921 -135.523758 -0.049007 0.996949 0.057553 5.045522 0.998306 0.050324 -0.021650 16.889531
-0.023373 0.055796 -0.997983 -136.779779 -0.048077 0.997036 0.056869 5.094905 0.998380 0.049319 -0.020626 16.852896
-0.022397 0.055119 -0.998044 -138.030148 -0.048310 0.997066 0.056150 5.143607 0.998392 0.049483 -0.019672 16.816189
-0.021586 0.057189 -0.997943 -139.285236 -0.048304 0.996948 0.058177 5.193929 0.998408 0.049470 -0.018762 16.781473
-0.020714 0.060858 -0.997748 -140.538691 -0.049229 0.996687 0.061816 5.245539 0.998384 0.050408 -0.017653 16.749195
-0.019391 0.061819 -0.997711 -141.795247 -0.050792 0.996547 0.062734 5.301138 0.998328 0.051903 -0.016187 16.716195
-0.018636 0.059077 -0.997889 -143.049605 -0.052804 0.996609 0.059988 5.355430 0.998236 0.053821 -0.015457 16.682870
-0.018443 0.055967 -0.998071 -144.290448 -0.051365 0.996867 0.056849 5.406796 0.998313 0.052325 -0.015513 16.654562
-0.018441 0.054369 -0.998159 -145.551599 -0.048410 0.997107 0.055207 5.456090 0.998461 0.049349 -0.015759 16.628819
-0.018619 0.053841 -0.998185 -146.788472 -0.046957 0.997207 0.054665 5.501849 0.998527 0.047899 -0.016042 16.600788
-0.018751 0.054200 -0.998160 -148.026991 -0.044281 0.997309 0.054986 5.546983 0.998644 0.045239 -0.016304 16.574305
-0.018988 0.052774 -0.998235 -149.269560 -0.042255 0.997478 0.053539 5.591099 0.998730 0.043206 -0.016713 16.548026
-0.019022 0.052961 -0.998224 -150.504665 -0.041434 0.997503 0.053713 5.636771 0.998763 0.042391 -0.016784 16.519398
-0.019254 0.055623 -0.998072 -151.746926 -0.038924 0.997457 0.056340 5.684005 0.998858 0.039942 -0.017044 16.493670
-0.019508 0.057019 -0.997990 -152.986650 -0.036352 0.997478 0.057700 5.732251 0.998952 0.037412 -0.017390 16.466574
-0.019636 0.055525 -0.998077 -154.210590 -0.034127 0.997650 0.056173 5.781079 0.999033 0.035172 -0.017699 16.438577
-0.020362 0.055773 -0.998044 -155.436887 -0.035237 0.997590 0.056467 5.829777 0.998976 0.036326 -0.018351 16.406894
-0.020272 0.060479 -0.997770 -156.670395 -0.036012 0.997283 0.061182 5.881140 0.998949 0.037179 -0.018042 16.373640
-0.019946 0.067030 -0.997356 -157.912662 -0.041054 0.996658 0.067804 5.937758 0.998759 0.042306 -0.017131 16.335588
-0.018649 0.066927 -0.997385 -159.124356 -0.045691 0.996458 0.067719 5.998116 0.998579 0.046844 -0.015528 16.298254
-0.017386 0.063099 -0.997645 -160.357690 -0.049418 0.996522 0.063890 6.059139 0.998412 0.050423 -0.014211 16.263888
-0.015808 0.057588 -0.997999 -161.581831 -0.051199 0.996766 0.058328 6.114028 0.998342 0.052031 -0.012812 16.233139
-0.015068 0.055957 -0.998104 -162.805069 -0.053657 0.996734 0.056690 6.164431 0.998227 0.054422 -0.012019 16.203629
-0.013806 0.052885 -0.998290 -164.026969 -0.048367 0.997181 0.053495 6.208168 0.998516 0.049034 -0.011212 16.183401
-0.013700 0.048464 -0.998518 -165.244179 -0.045067 0.997568 0.049036 6.253260 0.998674 0.045682 -0.011485 16.163362
-0.013928 0.045273 -0.998663 -166.462896 -0.038795 0.997984 0.045783 6.290244 0.998933 0.039390 -0.012147 16.147282
-0.014940 0.048315 -0.998507 -167.690969 -0.036400 0.997932 0.048832 6.331621 0.999010 0.037083 -0.013154 16.126866
-0.014270 0.054729 -0.998185 -168.929405 -0.036871 0.997579 0.055223 6.372892 0.999001 0.037601 -0.012221 16.101847
-0.012719 0.057915 -0.998026 -170.158967 -0.038489 0.997339 0.058366 6.420825 0.998960 0.039164 -0.010458 16.077039
-0.010860 0.054572 -0.998234 -171.372896 -0.039463 0.997492 0.054961 6.469576 0.998942 0.039999 -0.008681 16.053876
-0.010142 0.054616 -0.998240 -172.593272 -0.041687 0.997401 0.054994 6.519086 0.998861 0.042181 -0.007841 16.031352
-0.009295 0.055766 -0.998184 -173.814286 -0.039633 0.997423 0.056093 6.562053 0.998952 0.040091 -0.007062 16.015964
-0.008714 0.053784 -0.998296 -175.015234 -0.039614 0.997532 0.054089 6.606792 0.998956 0.040027 -0.006564 16.000640
-0.007161 0.052357 -0.998384 -176.201190 -0.039739 0.997606 0.052601 6.648787 0.998963 0.040061 -0.005065 15.985699
-0.005471 0.054229 -0.998292 -177.360061 -0.041171 0.997448 0.054409 6.685902 0.998912 0.041408 -0.003226 15.970068
-0.004289 0.056220 -0.998187 -178.497017 -0.040935 0.997349 0.056349 6.718894 0.998927 0.041112 -0.001977 15.959225
-0.003928 0.057690 -0.998101 -179.600231 -0.041779 0.997228 0.057804 6.752865 0.998891 0.041937 -0.001507 15.948441
-0.003745 0.058902 -0.998027 -180.685670 -0.042047 0.997143 0.059008 6.788775 0.998876 0.042195 -0.001259 15.937296
-0.003900 0.059899 -0.997965 -181.740969 -0.041251 0.997115 0.060009 6.823122 0.998908 0.041412 -0.001419 15.927834
-0.003469 0.059059 -0.998018 -182.771341 -0.041344 0.997164 0.059152 6.858707 0.998907 0.041477 -0.001018 15.915350
-0.002050 0.058937 -0.998029 -183.774359 -0.042210 0.997138 0.058971 6.894265 0.998875 0.042258 0.000443 15.906075
-0.000740 0.059748 -0.997993 -184.737705 -0.042912 0.997074 0.059725 6.928183 0.998858 0.042880 0.001826 15.899598
-0.001506 0.058146 -0.998095 -185.683297 -0.041318 0.997242 0.058159 6.959317 0.998932 0.041337 0.000901 15.895614
-0.004677 0.055177 -0.998257 -186.625270 -0.039077 0.997497 0.055318 6.989943 0.999016 0.039276 -0.002510 15.888241
-0.009708 0.051625 -0.998411 -187.559629 -0.038797 0.997689 0.051965 7.020490 0.998991 0.039249 -0.007685 15.874319
-0.014877 0.048520 -0.998501 -188.489555 -0.040295 0.997774 0.049086 7.051247 0.998866 0.040974 -0.012892 15.854474
-0.018558 0.047681 -0.998479 -189.431897 -0.042207 0.997726 0.048429 7.083189 0.998725 0.043051 -0.016507 15.820254
-0.021469 0.048399 -0.998385 -190.355580 -0.043848 0.997610 0.049305 7.110827 0.998594 0.044845 -0.019300 15.790346
-0.023527 0.050177 -0.998251 -191.280415 -0.042548 0.997574 0.051146 7.139460 0.998604 0.043687 -0.021340 15.764966
-0.025039 0.051736 -0.998136 -192.205086 -0.039509 0.997619 0.052700 7.169218 0.998693 0.040764 -0.022941 15.738163
-0.026662 0.052218 -0.998069 -193.123812 -0.037881 0.997657 0.053208 7.198890 0.998716 0.039236 -0.024627 15.712342
-0.027814 0.051090 -0.998095 -194.035657 -0.038171 0.997701 0.052133 7.229137 0.998672 0.039557 -0.025805 15.682119
-0.028519 0.049929 -0.998133 -194.943954 -0.039886 0.997689 0.051046 7.259898 0.998584 0.041276 -0.026467 15.646387
-0.028527 0.049212 -0.998166 -195.851495 -0.043439 0.997570 0.050424 7.290838 0.998433 0.044808 -0.026326 15.610761
-0.027850 0.047447 -0.998270 -196.761311 -0.046006 0.997541 0.048696 7.320531 0.998337 0.047293 -0.025604 15.576732
-0.026907 0.044806 -0.998417 -197.674520 -0.046174 0.997659 0.046016 7.348656 0.998354 0.047349 -0.024781 15.544080
-0.026441 0.042246 -0.998542 -198.585721 -0.045885 0.997789 0.043429 7.376498 0.998380 0.046977 -0.024449 15.514372
-0.025782 0.041875 -0.998575 -199.507260 -0.045872 0.997807 0.043028 7.403662 0.998398 0.046927 -0.023810 15.483655
-0.025237 0.044581 -0.998471 -200.436907 -0.043260 0.997807 0.045644 7.431901 0.998528 0.044356 -0.023259 15.456431
-0.025213 0.045951 -0.998411 -201.371231 -0.042666 0.997771 0.046999 7.458087 0.998555 0.043793 -0.023202 15.428192
-0.024245 0.042307 -0.998591 -202.309675 -0.037655 0.998140 0.043202 7.484697 0.998777 0.038659 -0.022612 15.403584
-0.024277 0.038970 -0.998727 -203.253693 -0.036090 0.998339 0.039832 7.515899 0.998834 0.037020 -0.022836 15.378878
-0.023674 0.039347 -0.998734 -204.208651 -0.040525 0.998158 0.040285 7.546513 0.998686 0.041437 -0.022041 15.343725
-0.022164 0.043400 -0.998594 -205.166146 -0.041822 0.997927 0.044299 7.572541 0.998660 0.042755 -0.020308 15.314078
-0.020208 0.042746 -0.998665 -206.130685 -0.039421 0.998060 0.043518 7.602995 0.998800 0.040257 -0.018488 15.290520
-0.018104 0.043915 -0.998651 -207.098530 -0.038070 0.998063 0.044580 7.638720 0.998889 0.038835 -0.016401 15.269734
-0.016442 0.048674 -0.998456 -208.080139 -0.038776 0.997812 0.049281 7.672915 0.998887 0.039536 -0.014522 15.247562
-0.014825 0.052730 -0.998275 -209.074549 -0.035735 0.997722 0.053231 7.709368 0.999026 0.036472 -0.012910 15.230655
-0.013581 0.053286 -0.998263 -210.070724 -0.035328 0.997709 0.053737 7.748449 0.999058 0.036006 -0.011670 15.214888
-0.011325 0.053908 -0.998258 -211.077643 -0.038591 0.997557 0.054307 7.792025 0.998966 0.039148 -0.009219 15.192217
-0.008416 0.055552 -0.998196 -212.095566 -0.041318 0.997362 0.055854 7.835311 0.998885 0.041724 -0.006100 15.174254
-0.004894 0.055744 -0.998208 -213.118678 -0.042389 0.997314 0.055902 7.877242 0.998862 0.042597 -0.002519 15.162037
-0.001916 0.053265 -0.998354 -214.142435 -0.045223 0.997333 0.053298 7.917971 0.998749 0.045262 0.000497 15.151699
0.000839 0.050030 -0.998518 -215.175835 -0.044919 0.997515 0.049942 7.958629 0.998759 0.044822 0.003085 15.148666
0.002523 0.049085 -0.998557 -216.211969 -0.043988 0.997602 0.048927 7.997642 0.998793 0.043812 0.004677 15.148410
0.004004 0.051227 -0.998445 -217.263319 -0.044518 0.997475 0.050998 8.036792 0.998765 0.044256 0.006276 15.147465
0.005365 0.054506 -0.998263 -218.329562 -0.046210 0.997228 0.054201 8.077261 0.998680 0.045850 0.007870 15.144917
0.006716 0.054175 -0.998266 -219.393015 -0.046092 0.997246 0.053809 8.117570 0.998670 0.045662 0.009196 15.146323
0.007518 0.051399 -0.998407 -220.459752 -0.044792 0.997453 0.051013 8.159101 0.998724 0.044348 0.009803 15.151189
0.007637 0.048345 -0.998552 -221.532507 -0.041997 0.997718 0.047984 8.199367 0.998837 0.041580 0.009652 15.157013
0.007481 0.047282 -0.998599 -222.617966 -0.040173 0.997837 0.046945 8.236366 0.998908 0.039776 0.009366 15.163855
0.007565 0.046338 -0.998643 -223.715167 -0.040301 0.997877 0.045997 8.273293 0.998903 0.039909 0.009419 15.167150
0.007897 0.046322 -0.998645 -224.814409 -0.040198 0.997885 0.045969 8.309631 0.998908 0.039791 0.009744 15.170422
0.007721 0.047144 -0.998604 -225.922871 -0.042181 0.997761 0.046778 8.346893 0.998823 0.041772 0.009695 15.169035
0.007268 0.049448 -0.998498 -227.041151 -0.042829 0.997625 0.049094 8.385795 0.998801 0.042419 0.009370 15.170657
0.006440 0.051029 -0.998425 -228.163330 -0.043073 0.997535 0.050705 8.427147 0.998797 0.042690 0.008624 15.170795
0.005689 0.052773 -0.998339 -229.304773 -0.044123 0.997397 0.052472 8.472551 0.998756 0.043763 0.008005 15.170499
0.004844 0.053760 -0.998290 -230.444884 -0.046466 0.997237 0.053478 8.517410 0.998653 0.046140 0.007330 15.165313
0.003711 0.052533 -0.998360 -231.585784 -0.048490 0.997203 0.052292 8.560487 0.998561 0.048230 0.006250 15.157080
0.002653 0.047968 -0.998594 -232.740170 -0.046820 0.997509 0.047792 8.602497 0.998645 0.046640 0.004893 15.152102
0.001363 0.041765 -0.998875 -233.900945 -0.043639 0.997927 0.041666 8.640767 0.998791 0.043544 0.003183 15.147493
-0.000569 0.037298 -0.999052 -235.068700 -0.038832 0.998299 0.037292 8.672982 0.998990 0.038827 0.000880 15.143704
-0.002788 0.037435 -0.999041 -236.257249 -0.032545 0.998514 0.037506 8.703215 0.999209 0.032628 -0.001567 15.139848
-0.004977 0.041386 -0.998878 -237.441914 -0.027901 0.998496 0.041509 8.732921 0.999342 0.028084 -0.003816 15.132080
-0.006970 0.043852 -0.998762 -238.629629 -0.025833 0.998446 0.044019 8.766756 0.999386 0.026115 -0.005828 15.118477
-0.009057 0.043191 -0.998772 -239.832278 -0.024079 0.998516 0.043399 8.803320 0.999412 0.024449 -0.008005 15.101256
-0.011179 0.043933 -0.998719 -241.043494 -0.024240 0.998477 0.044193 8.841153 0.999387 0.024710 -0.010099 15.077310
-0.013224 0.045429 -0.998626 -242.259261 -0.023321 0.998429 0.045728 8.877810 0.999384 0.023900 -0.012147 15.054649
-0.015480 0.045133 -0.998604 -243.479877 -0.022403 0.998459 0.045474 8.914627 0.999369 0.023082 -0.014449 15.028774
-0.017645 0.043676 -0.998626 -244.707836 -0.022203 0.998519 0.044064 8.952717 0.999330 0.022957 -0.016654 14.999443
-0.019973 0.043353 -0.998593 -245.937398 -0.022100 0.998530 0.043793 8.991379 0.999282 0.022951 -0.018991 14.967157
-0.022210 0.044361 -0.998500 -247.178632 -0.022539 0.998472 0.044861 9.028945 0.999224 0.023509 -0.021182 14.930911
-0.024424 0.044651 -0.998435 -248.425888 -0.022816 0.998450 0.045210 9.066670 0.999166 0.023892 -0.023373 14.892241
-0.026903 0.045709 -0.998320 -249.678182 -0.023976 0.998367 0.046357 9.105745 0.999072 0.025191 -0.025771 14.850592
-0.029277 0.047450 -0.998173 -250.937043 -0.025686 0.998237 0.048207 9.145561 0.998963 0.027059 -0.028014 14.804682
-0.030769 0.048305 -0.998088 -252.193622 -0.027215 0.998152 0.049147 9.185857 0.998879 0.028684 -0.029405 14.756279
-0.031702 0.048586 -0.998044 -253.452145 -0.029723 0.998060 0.049531 9.227145 0.998777 0.031244 -0.030205 14.705665
-0.031767 0.048672 -0.998034 -254.716598 -0.030184 0.998037 0.049633 9.267804 0.998757 0.031710 -0.030244 14.657966
-0.031785 0.047638 -0.998085 -255.972071 -0.029192 0.998122 0.048569 9.306135 0.998788 0.030689 -0.030343 14.610399
-0.031692 0.046589 -0.998139 -257.228155 -0.026330 0.998256 0.047430 9.344929 0.998871 0.027792 -0.030418 14.567360
-0.031853 0.046352 -0.998142 -258.490494 -0.025135 0.998297 0.047161 9.381823 0.998894 0.026599 -0.030642 14.518239
-0.031914 0.046842 -0.998116 -259.750087 -0.024928 0.998279 0.047646 9.418713 0.998897 0.026410 -0.030699 14.469738
-0.031482 0.046838 -0.998130 -261.011487 -0.024181 0.998299 0.047609 9.455817 0.998929 0.025642 -0.030304 14.420737
-0.031134 0.047644 -0.998101 -262.270700 -0.023741 0.998270 0.048393 9.493069 0.998949 0.025211 -0.029957 14.372049
-0.031074 0.048612 -0.998055 -263.528054 -0.021095 0.998285 0.049280 9.530541 0.999009 0.022593 -0.030004 14.327735
-0.031195 0.051096 -0.997927 -264.780015 -0.016703 0.998249 0.051635 9.570607 0.999088 0.018285 -0.030296 14.286139
-0.031125 0.054567 -0.997744 -266.018941 -0.013502 0.998116 0.055008 9.612300 0.999138 0.015189 -0.030338 14.244091
-0.031011 0.057031 -0.997606 -267.266631 -0.011320 0.998004 0.057406 9.656800 0.999164 0.013078 -0.030313 14.201058
-0.030980 0.055440 -0.997690 -268.509884 -0.011750 0.998082 0.055826 9.702718 0.999153 0.013458 -0.030278 14.154093
-0.031040 0.053929 -0.997771 -269.739666 -0.014060 0.998132 0.054386 9.749608 0.999122 0.015723 -0.030233 14.107762
-0.031507 0.056923 -0.997590 -270.967331 -0.019843 0.997855 0.057565 9.797384 0.999010 0.021616 -0.030319 14.053283
-0.031667 0.062929 -0.997220 -272.205201 -0.025068 0.997358 0.063733 9.847625 0.998883 0.027026 -0.030015 13.999033
-0.031461 0.062386 -0.997257 -273.439710 -0.029110 0.997271 0.063306 9.901310 0.998776 0.031032 -0.029568 13.945225
-0.031223 0.055487 -0.997670 -274.664669 -0.028531 0.997702 0.056382 9.954366 0.998797 0.030235 -0.029577 13.897904
-0.031870 0.050006 -0.997940 -275.894878 -0.025492 0.998083 0.050828 10.001868 0.998860 0.027068 -0.030543 13.856696
-0.031877 0.049178 -0.997982 -277.130641 -0.019580 0.998269 0.049818 10.040828 0.998994 0.021136 -0.030869 13.817814
-0.031009 0.050695 -0.997933 -278.359212 -0.016237 0.998257 0.051216 10.081323 0.999081 0.017798 -0.030141 13.779723
-0.029540 0.052727 -0.997870 -279.592867 -0.015476 0.998163 0.053200 10.124237 0.999134 0.017021 -0.028679 13.739619
-0.028525 0.055165 -0.997768 -280.824433 -0.016685 0.998009 0.055656 10.168408 0.999144 0.018242 -0.027557 13.694749
-0.027553 0.056541 -0.997716 -282.052713 -0.017812 0.997910 0.057044 10.215738 0.999151 0.019350 -0.026496 13.649738
-0.026652 0.057546 -0.997675 -283.279248 -0.018816 0.997825 0.058057 10.264358 0.999149 0.020327 -0.025520 13.604879
-0.025952 0.056843 -0.997731 -284.499848 -0.018408 0.997872 0.057330 10.310502 0.999172 0.019862 -0.024858 13.565470
-0.025763 0.055178 -0.997830 -285.722081 -0.018856 0.997957 0.055673 10.358313 0.999169 0.020256 -0.024677 13.524389
-0.025515 0.054019 -0.997900 -286.941082 -0.018668 0.998026 0.054503 10.404174 0.999179 0.020027 -0.024464 13.485758
-0.025407 0.053822 -0.997914 -288.160937 -0.018930 0.998032 0.054310 10.447861 0.999177 0.020278 -0.024346 13.446114
-0.025070 0.053665 -0.997930 -289.385338 -0.019478 0.998029 0.054160 10.492333 0.999174 0.020803 -0.023983 13.405780
-0.024834 0.053913 -0.997921 -290.607439 -0.020044 0.998002 0.054416 10.536761 0.999167 0.021361 -0.023712 13.365137
-0.024612 0.054161 -0.997913 -291.835020 -0.019406 0.998001 0.054645 10.581324 0.999185 0.020718 -0.023519 13.326389
-0.024596 0.052486 -0.998002 -293.064321 -0.019123 0.998097 0.052962 10.625588 0.999191 0.020395 -0.023553 13.286929
-0.024742 0.049962 -0.998129 -294.286702 -0.018781 0.998236 0.050434 10.668019 0.999195 0.020001 -0.023768 13.249039
-0.025117 0.047137 -0.998258 -295.507203 -0.019735 0.998356 0.047638 10.708027 0.999168 0.020904 -0.024153 13.209121
-0.025408 0.045800 -0.998321 -296.732534 -0.021284 0.998393 0.046345 10.746478 0.999137 0.022434 -0.024400 13.168300
-0.025834 0.045862 -0.998306 -297.962743 -0.024323 0.998316 0.046492 10.784131 0.999056 0.025491 -0.024683 13.125224
-0.026219 0.047051 -0.998241 -299.200098 -0.027455 0.998175 0.047769 10.822135 0.998965 0.028669 -0.024887 13.081525
-0.026680 0.048050 -0.998181 -300.439076 -0.031012 0.998017 0.048872 10.861141 0.998848 0.032270 -0.025145 13.035894
-0.027021 0.048042 -0.998171 -301.681468 -0.032381 0.997970 0.048909 10.900481 0.998794 0.033655 -0.025419 12.991463
-0.027401 0.045940 -0.998259 -302.920227 -0.032155 0.998077 0.046814 10.939278 0.998790 0.033393 -0.025879 12.948228
-0.027918 0.043709 -0.998345 -304.160863 -0.029793 0.998255 0.044539 10.976187 0.998850 0.030998 -0.026576 12.906522
-0.028923 0.043384 -0.998333 -305.409192 -0.026836 0.998358 0.044163 11.011631 0.998907 0.028078 -0.027720 12.867289
-0.029753 0.045466 -0.998217 -306.657668 -0.024579 0.998325 0.046204 11.045427 0.998943 0.025918 -0.028594 12.825302
-0.030265 0.046625 -0.998153 -307.899035 -0.023127 0.998311 0.047334 11.080886 0.998966 0.024525 -0.029144 12.779260
-0.030826 0.046057 -0.998164 -309.142692 -0.024235 0.998311 0.046813 11.118328 0.998924 0.025642 -0.029667 12.729565
-0.030638 0.044540 -0.998240 -310.380889 -0.025513 0.998349 0.045328 11.155597 0.998900 0.026866 -0.029460 12.677079
-0.029998 0.044253 -0.998268 -311.624010 -0.025457 0.998361 0.045022 11.191281 0.998916 0.026773 -0.028831 12.629271
-0.029072 0.043800 -0.998316 -312.876377 -0.023592 0.998431 0.044493 11.226761 0.998990 0.024855 -0.028001 12.585934
