1.000000 0.000000 0.000000 0.000000 0.000000 1.000000 0.000000 0.000000 0.000000 0.000000 1.000000 0.000000
0.999991 -0.002657 -0.003370 -0.003354 0.002650 0.999994 -0.002164 -0.004946 0.003375 0.002155 0.999992 0.674201
0.999972 -0.001239 -0.007414 -0.015700 0.001211 0.999993 -0.003764 -0.007684 0.007418 0.003755 0.999966 1.367483
0.999937 -0.001262 -0.011388 -0.031056 0.001202 0.999988 -0.005266 -0.011335 0.011395 0.005252 0.999924 2.079788
0.999870 0.000115 -0.016407 -0.049010 -0.000211 0.999987 -0.005882 -0.017525 0.016407 0.005884 0.999853 2.811777
0.999782 -0.000922 -0.020926 -0.067888 0.000793 0.999981 -0.006153 -0.026330 0.020931 0.006135 0.999763 3.554769
0.999662 0.000915 -0.025544 -0.093845 -0.001105 0.999960 -0.007436 -0.035110 0.025537 0.007462 0.999635 4.312590
0.999512 0.003580 -0.030700 -0.124543 -0.003830 0.999949 -0.008106 -0.043684 0.030670 0.008220 0.999486 5.089305
0.999363 0.003990 -0.035154 -0.157411 -0.004224 0.999959 -0.006582 -0.051827 0.035126 0.006727 0.999350 5.876870
0.999195 0.003189 -0.039719 -0.192545 -0.003349 0.999976 -0.003963 -0.060537 0.039706 0.004093 0.999193 6.678528
0.999035 0.002853 -0.043373 -0.230176 -0.002916 0.999975 -0.001389 -0.069441 0.043369 0.001514 0.999039 7.491445
0.998902 0.004339 -0.046228 -0.273558 -0.004440 0.999968 -0.002080 -0.078749 0.046218 0.002283 0.998910 8.309255
0.998798 0.003865 -0.048445 -0.319211 -0.003982 0.999969 -0.002322 -0.086035 0.048435 0.002512 0.998804 9.133862
0.998711 0.000838 -0.050489 -0.359190 -0.000990 0.999982 -0.002993 -0.092129 0.050487 0.003039 0.998708 9.967936
0.998600 0.000803 -0.052618 -0.406272 -0.000924 0.999982 -0.002286 -0.099951 0.052615 0.002331 0.998598 10.806857
0.998510 -0.000518 -0.054166 -0.453633 0.000382 0.999975 -0.002511 -0.111127 0.054167 0.002487 0.998508 11.653348
0.998400 0.001759 -0.056151 -0.508281 -0.002036 0.999965 -0.004881 -0.121472 0.056142 0.004988 0.998391 12.513840
0.998317 0.002241 -0.057596 -0.564345 -0.002683 0.999946 -0.007610 -0.131736 0.057577 0.007752 0.998291 13.378933
0.998188 0.006255 -0.059480 -0.625738 -0.006815 0.999913 -0.009213 -0.144335 0.059419 0.009602 0.998166 14.253075
0.998112 0.007165 -0.060653 -0.685899 -0.007720 0.999909 -0.008917 -0.158043 0.060584 0.009369 0.998099 15.141167
0.998022 0.006295 -0.062170 -0.743841 -0.006775 0.999924 -0.007515 -0.172660 0.062120 0.007921 0.998014 16.033644
0.997919 0.007029 -0.063595 -0.806700 -0.007428 0.999921 -0.006034 -0.186244 0.063550 0.006494 0.997927 16.929673
0.997845 0.006572 -0.064754 -0.867697 -0.006976 0.999922 -0.006021 -0.200306 0.064711 0.006460 0.997850 17.834489
0.997728 0.006370 -0.066557 -0.930723 -0.006844 0.999918 -0.006907 -0.213903 0.066510 0.007347 0.997726 18.741365
0.997666 0.005099 -0.067597 -0.995570 -0.005631 0.999920 -0.007679 -0.228000 0.067555 0.008042 0.997651 19.652887
0.997616 0.005183 -0.068304 -1.061579 -0.005610 0.999929 -0.006054 -0.240131 0.068271 0.006423 0.997613 20.581420
0.997603 0.006581 -0.068350 -1.131564 -0.006785 0.999935 -0.002751 -0.252794 0.068330 0.003208 0.997623 21.511671
0.997645 0.007662 -0.067606 -1.198402 -0.007612 0.999930 0.000996 -0.264860 0.067611 -0.000479 0.997675 22.439452
0.997752 0.006508 -0.066129 -1.263029 -0.006273 0.999933 0.003759 -0.271606 0.066152 -0.003336 0.997767 23.379230
0.997840 0.006770 -0.064712 -1.327298 -0.006500 0.999926 0.004380 -0.277693 0.064740 -0.003950 0.997854 24.321769
0.997915 0.006954 -0.063411 -1.391216 -0.006870 0.999925 0.001549 -0.285772 0.063420 -0.001111 0.997939 25.268242
0.997960 0.007850 -0.062595 -1.456764 -0.008078 0.999912 -0.003401 -0.292912 0.062566 0.003899 0.997986 26.216138
0.998038 0.006955 -0.061481 -1.519577 -0.007364 0.999904 -0.006427 -0.302580 0.061433 0.006868 0.998043 27.170083
0.998096 0.004452 -0.060794 -1.580141 -0.004790 0.999928 -0.005412 -0.315191 0.060769 0.005693 0.998092 28.135903
0.998080 0.002671 -0.061078 -1.641236 -0.002709 0.999946 -0.000534 -0.326864 0.061076 0.000698 0.998085 29.111348
0.998022 -0.001149 -0.062001 -1.701042 0.001330 0.999940 0.002879 -0.338806 0.061997 -0.002956 0.998020 30.093056
0.997918 -0.008479 -0.063053 -1.756620 0.008635 0.999903 0.002207 -0.349502 0.063032 -0.002747 0.997953 31.072801
0.997800 -0.010693 -0.064573 -1.817665 0.010602 0.999885 -0.001741 -0.357328 0.064588 0.001052 0.997857 32.053097
0.997707 -0.010414 -0.066019 -1.888375 0.010058 0.999874 -0.005733 -0.368605 0.066074 0.005056 0.997746 33.036043
0.997585 -0.008969 -0.068031 -1.964719 0.008545 0.999882 -0.006525 -0.381408 0.068085 0.005928 0.997605 34.024028
0.997525 -0.008879 -0.068859 -2.039303 0.008537 0.999886 -0.005251 -0.395214 0.068902 0.004650 0.997553 35.023858
0.997462 -0.005577 -0.070101 -2.118809 0.005411 0.999918 -0.002553 -0.410406 0.070114 0.002168 0.997476 36.016112
0.997360 -0.005541 -0.071515 -2.194652 0.005469 0.999918 -0.001209 -0.425320 0.071521 0.000815 0.997378 37.005230
0.997292 -0.003880 -0.072598 -2.272619 0.003980 0.999928 0.001225 -0.435883 0.072592 -0.001511 0.997303 37.996632
0.997296 -0.003793 -0.072541 -2.349223 0.004107 0.999919 0.004183 -0.446683 0.072524 -0.004470 0.997298 38.997793
0.997253 0.002002 -0.073197 -2.433533 -0.001532 0.999913 0.006472 -0.454659 0.073208 -0.006342 0.997237 39.997764
0.997234 0.001840 -0.073454 -2.513551 -0.001414 0.999917 0.005854 -0.462601 0.073463 -0.005735 0.997223 40.997732
0.997234 0.001998 -0.073444 -2.591313 -0.001705 0.999925 0.004055 -0.468294 0.073451 -0.003919 0.997232 41.994465
0.997227 0.004179 -0.073442 -2.674661 -0.004061 0.999925 0.001751 -0.475774 0.073449 -0.001448 0.997238 42.989980
0.997152 0.003821 -0.074512 -2.753673 -0.003703 0.999928 0.001718 -0.486209 0.074518 -0.001437 0.997161 43.989202
0.997047 0.001898 -0.075875 -2.828905 -0.001692 0.999924 0.002778 -0.494988 0.075880 -0.002642 0.997049 44.978555
0.996974 0.002535 -0.076767 -2.909805 -0.002251 0.999916 0.003792 -0.506340 0.076775 -0.003608 0.996973 45.958381
0.996943 0.005003 -0.077066 -2.995119 -0.005010 0.999915 0.000101 -0.518792 0.077065 0.000285 0.996959 46.933297
0.996871 0.005615 -0.077954 -3.078683 -0.005959 0.999901 -0.004186 -0.530233 0.077928 0.004638 0.996882 47.894791
0.996814 0.006484 -0.078611 -3.161223 -0.006930 0.999888 -0.005403 -0.545013 0.078572 0.005931 0.996824 48.858177
0.996802 0.005292 -0.078836 -3.240034 -0.005455 0.999910 -0.001861 -0.562211 0.078825 0.002285 0.996819 49.834369
0.996786 0.003440 -0.079164 -3.317823 -0.003359 0.999921 0.001159 -0.576974 0.079167 -0.000890 0.996795 50.808381
0.996770 0.001636 -0.079424 -3.397223 -0.001496 0.999925 0.001830 -0.590619 0.079427 -0.001705 0.996774 51.777125
0.996747 -0.001488 -0.079717 -3.472665 0.001535 0.999927 0.000528 -0.603405 0.079716 -0.000648 0.996752 52.736630
0.996696 -0.004105 -0.080266 -3.548826 0.004048 0.999919 -0.000870 -0.615958 0.080269 0.000542 0.996707 53.696624
0.996598 -0.005600 -0.081371 -3.628539 0.005646 0.999911 0.000343 -0.628712 0.081368 -0.000801 0.996617 54.653758
0.996475 -0.008610 -0.082596 -3.706089 0.009002 0.999877 0.004375 -0.638714 0.082554 -0.005103 0.996506 55.607318
0.996411 -0.009432 -0.083275 -3.785231 0.010237 0.999831 0.009244 -0.646182 0.083179 -0.010064 0.996416 56.558545
0.996373 -0.007649 -0.083895 -3.870560 0.008643 0.999822 0.011488 -0.652576 0.083798 -0.012172 0.996340 57.505064
0.996251 -0.006547 -0.085448 -3.955677 0.007207 0.999874 0.007416 -0.658837 0.085395 -0.008005 0.996248 58.441821
0.996136 -0.005116 -0.086894 -4.041251 0.005094 0.999916 -0.000470 -0.665873 0.086895 0.000026 0.996152 59.362484
0.996067 -0.003495 -0.087766 -4.129408 0.003037 0.999911 -0.005348 -0.676737 0.087783 0.005061 0.996062 60.275527
0.995969 0.001438 -0.088921 -4.221624 -0.001847 0.999917 -0.004517 -0.691203 0.088913 0.004663 0.995963 61.185305
0.995863 0.004271 -0.089953 -4.311114 -0.004497 0.999911 -0.002315 -0.708804 0.089942 0.002710 0.995874 62.075728
0.995742 0.006847 -0.091122 -4.399623 -0.006950 0.999898 -0.000810 -0.725876 0.091114 0.001440 0.995770 62.948812
0.995626 0.007559 -0.092317 -4.485875 -0.007697 0.999893 -0.001138 -0.737760 0.092306 0.001843 0.995659 63.816446
0.995455 0.009348 -0.093969 -4.573700 -0.009426 0.999877 -0.000387 -0.751206 0.093961 0.001271 0.995504 64.668849
0.995313 0.010169 -0.095346 -4.660269 -0.010197 0.999867 0.000201 -0.767116 0.095343 0.000772 0.995370 65.506836
0.995160 0.010140 -0.096904 -4.745590 -0.010131 0.999864 0.000581 -0.780697 0.096904 0.000403 0.995216 66.333337
0.995027 0.010099 -0.098251 -4.830092 -0.009998 0.999863 0.001521 -0.790762 0.098261 -0.000532 0.995082 67.142526
0.994857 0.012855 -0.099627 -4.917722 -0.012504 0.999827 0.004148 -0.800287 0.099671 -0.002882 0.994936 67.940598
0.994707 0.014417 -0.100910 -5.005080 -0.013658 0.999787 0.008205 -0.809490 0.101015 -0.006784 0.994782 68.730776
0.994476 0.017619 -0.102648 -5.093301 -0.016691 0.999724 0.009893 -0.817229 0.102803 -0.008126 0.994587 69.505350
0.994269 0.020402 -0.104045 -5.182354 -0.019910 0.999691 0.005769 -0.828469 0.104140 -0.003665 0.994465 70.258849
0.994116 0.020316 -0.105513 -5.265857 -0.020593 0.999693 -0.001533 -0.840508 0.105459 0.003697 0.994326 70.986454
0.993967 0.019343 -0.107090 -5.344404 -0.020254 0.999674 -0.007426 -0.850872 0.106922 0.009551 0.994131 71.696777
0.993884 0.020167 -0.107683 -5.424860 -0.021229 0.999641 -0.008726 -0.859776 0.107479 0.010959 0.994054 72.392055
0.993736 0.022930 -0.108455 -5.507693 -0.023630 0.999607 -0.005172 -0.874888 0.108305 0.007703 0.993990 73.072695
0.993574 0.023184 -0.109895 -5.584225 -0.023643 0.999618 -0.002880 -0.894879 0.109797 0.005460 0.993844 73.728342
0.993529 0.019996 -0.110940 -5.657449 -0.020811 0.999668 -0.006186 -0.909895 0.110790 0.008455 0.993715 74.362653
0.993644 0.011841 -0.111063 -5.718381 -0.013198 0.999749 -0.011491 -0.924349 0.110910 0.012885 0.993652 74.977713
0.993787 0.007714 -0.110131 -5.781243 -0.009576 0.999720 -0.016391 -0.937636 0.109985 0.017346 0.993685 75.576432
0.994088 0.010230 -0.107145 -5.849018 -0.012092 0.999685 -0.016748 -0.951018 0.106951 0.017947 0.994003 76.163981
0.994458 0.015216 -0.103036 -5.920187 -0.016733 0.999662 -0.013873 -0.964971 0.102800 0.015522 0.994482 76.738508
0.994935 0.013675 -0.098550 -5.972805 -0.014825 0.999728 -0.010944 -0.978448 0.098383 0.012350 0.994973 77.299010
0.995520 0.010056 -0.092923 -6.015506 -0.010732 0.999817 -0.006775 -0.993200 0.092848 0.007742 0.995552 77.848358
0.996274 0.005722 -0.084838 -6.050869 -0.006033 0.999872 -0.003417 -1.009238 0.084816 0.003916 0.996289 78.380336
0.997097 0.009380 -0.074144 -6.089092 -0.009674 0.999841 -0.003610 -1.021248 0.074106 0.004317 0.997139 78.896062
0.998040 0.014649 -0.059058 -6.123224 -0.014924 0.999772 -0.004225 -1.031418 0.058989 0.005099 0.998142 79.401998
0.998855 0.019746 -0.040981 -6.143067 -0.019920 0.999684 -0.003845 -1.038818 0.040897 0.004657 0.999047 79.898052
0.999544 0.018150 -0.018979 -6.137372 -0.018219 0.999716 -0.003472 -1.046789 0.018912 0.003816 0.999706 80.381611
0.999754 0.014726 0.007284 -6.114677 -0.014706 0.999777 -0.002674 -1.056856 -0.007323 0.002567 0.999862 80.853076
0.999116 0.013701 0.036871 -6.077769 -0.013663 0.999796 -0.001264 -1.066846 -0.036886 0.000759 0.999213 81.316751
0.997353 0.013352 0.069852 -6.022717 -0.013389 0.999796 0.000070 -1.076646 -0.069845 -0.001006 0.997446 81.771705
0.993997 0.013366 0.107505 -5.952251 -0.013488 0.999792 0.000410 -1.084789 -0.107491 -0.001858 0.994090 82.219517
0.988566 0.013707 0.149369 -5.863221 -0.013877 0.999784 0.000102 -1.090510 -0.149354 -0.002174 0.988664 82.655567
0.980687 0.013557 0.194489 -5.750153 -0.013794 0.999784 -0.000139 -1.098624 -0.194473 -0.002547 0.980784 83.077774
0.969571 0.015806 0.243800 -5.622107 -0.015696 0.999752 -0.002394 -1.110077 -0.243809 -0.001506 0.969700 83.485769
0.954575 0.016855 0.297080 -5.470591 -0.015948 0.999735 -0.005477 -1.120993 -0.297131 0.000490 0.954711 83.872539
0.935354 0.017095 0.352950 -5.296911 -0.015356 0.999729 -0.007725 -1.131937 -0.353032 0.001805 0.935481 84.237604
0.911505 0.017846 0.410599 -5.102422 -0.015148 0.999713 -0.009822 -1.139610 -0.410709 0.002734 0.911630 84.591595
0.882995 0.017970 0.468773 -4.885113 -0.014010 0.999706 -0.011933 -1.148410 -0.468910 0.003970 0.883099 84.922233
0.850032 0.016299 0.526240 -4.647335 -0.010469 0.999721 -0.014053 -1.160517 -0.526390 0.006437 0.850075 85.230134
0.813341 0.015919 0.581350 -4.393634 -0.008761 0.999720 -0.015118 -1.175079 -0.581504 0.007204 0.813359 85.523594
0.773464 0.014615 0.633459 -4.122664 -0.007355 0.999739 -0.014085 -1.187893 -0.633587 0.006236 0.773476 85.800171
0.730675 0.014329 0.682376 -3.833748 -0.008319 0.999757 -0.012086 -1.197085 -0.682478 0.003155 0.730718 86.060732
0.685622 0.013362 0.727646 -3.528275 -0.006835 0.999769 -0.011919 -1.204416 -0.727740 0.003199 0.685651 86.294395
0.639149 0.012087 0.768798 -3.209408 -0.003013 0.999763 -0.013213 -1.214148 -0.768890 0.006129 0.639129 86.504414
0.592504 0.009512 0.805328 -2.877238 0.003091 0.999749 -0.014082 -1.223604 -0.805381 0.010834 0.592414 86.690757
0.545927 0.011654 0.837570 -2.543075 0.001755 0.999734 -0.015054 -1.233957 -0.837652 0.009690 0.545846 86.865072
0.498551 0.014617 0.866560 -2.206113 -0.001751 0.999720 -0.015855 -1.246312 -0.866684 0.006388 0.498515 87.026360
0.452999 0.016764 0.891180 -1.865380 -0.002190 0.999688 -0.017692 -1.258590 -0.891338 0.006064 0.452965 87.165882
0.410797 0.014231 0.911440 -1.510089 0.005439 0.999663 -0.018060 -1.266903 -0.911538 0.012379 0.410647 87.279466
0.371525 0.006653 0.928220 -1.142255 0.020828 0.999498 -0.015500 -1.272539 -0.928013 0.025096 0.371262 87.370116
0.336337 0.002998 0.941554 -0.774391 0.025228 0.999436 -0.012194 -1.278683 -0.941224 0.027860 0.336130 87.462087
0.303195 0.007198 0.952719 -0.406298 0.022756 0.999459 -0.014793 -1.288230 -0.952478 0.026170 0.302920 87.561546
0.272031 0.014948 0.961991 -0.037137 0.012027 0.999575 -0.018932 -1.305249 -0.962035 0.016723 0.271783 87.664373
0.243663 0.019253 0.969487 0.343264 0.007337 0.999563 -0.021694 -1.326247 -0.969654 0.012401 0.243459 87.751314
0.218095 0.020985 0.975521 0.737925 0.008746 0.999511 -0.023456 -1.343431 -0.975710 0.013650 0.217844 87.819278
0.194813 0.022310 0.980406 1.144302 0.016249 0.999354 -0.025969 -1.356165 -0.980528 0.020994 0.194360 87.873221
0.174784 0.028564 0.984011 1.554846 0.023217 0.999004 -0.033123 -1.359321 -0.984155 0.028640 0.173978 87.919044
0.155123 0.035357 0.987082 1.975504 0.025346 0.998711 -0.039756 -1.362571 -0.987393 0.031191 0.154054 87.970326
0.137529 0.036190 0.989657 2.414420 0.022952 0.998770 -0.039713 -1.378577 -0.990055 0.028181 0.136554 88.026065
0.121989 0.031774 0.991838 2.872138 0.021066 0.998996 -0.034594 -1.404389 -0.992125 0.025119 0.121220 88.078451
0.107462 0.028528 0.993610 3.341332 0.021372 0.999102 -0.030997 -1.427770 -0.993791 0.024571 0.106776 88.121831
0.094237 0.026066 0.995022 3.824582 0.023850 0.999128 -0.028432 -1.447012 -0.995079 0.026416 0.093550 88.157347
0.082671 0.025301 0.996069 4.320780 0.027707 0.999050 -0.027677 -1.463357 -0.996007 0.029892 0.081907 88.187024
0.072546 0.025954 0.996841 4.832605 0.030970 0.998937 -0.028262 -1.479893 -0.996699 0.032929 0.071679 88.214825
0.064722 0.026544 0.997367 5.361342 0.033064 0.998859 -0.028729 -1.497056 -0.997173 0.034843 0.063782 88.242829
0.059145 0.026905 0.997705 5.907470 0.034823 0.998793 -0.028999 -1.515229 -0.997461 0.036464 0.058148 88.270586
0.053637 0.028046 0.997977 6.470635 0.036077 0.998712 -0.030006 -1.533572 -0.997721 0.037621 0.052567 88.296599
0.047651 0.028744 0.998257 7.053803 0.036717 0.998669 -0.030509 -1.552958 -0.997997 0.038114 0.046541 88.322410
0.043422 0.028882 0.998439 7.654100 0.039173 0.998567 -0.030589 -1.573146 -0.998090 0.040448 0.042237 88.343393
0.040540 0.028858 0.998555 8.274487 0.040713 0.998501 -0.030509 -1.594769 -0.998143 0.041899 0.039313 88.364069
0.037599 0.028469 0.998682 8.913180 0.041642 0.998478 -0.030031 -1.616673 -0.998221 0.042725 0.036364 88.385796
0.035220 0.027885 0.998786 9.569644 0.043748 0.998407 -0.029417 -1.639296 -0.998218 0.044740 0.033951 88.407106
0.034681 0.027598 0.998804 10.242841 0.048258 0.998194 -0.029257 -1.661745 -0.998020 0.049225 0.033294 88.424313
0.035840 0.027264 0.998764 10.935032 0.051768 0.998015 -0.029101 -1.685141 -0.997795 0.052759 0.034365 88.443989
0.038435 0.027289 0.998666 11.645818 0.053512 0.997917 -0.029328 -1.708221 -0.997606 0.054580 0.036903 88.469842
0.042438 0.027232 0.998506 12.371459 0.056020 0.997771 -0.029593 -1.732902 -0.997306 0.057205 0.040827 88.498763
0.046921 0.026855 0.998314 13.112005 0.056343 0.997754 -0.029488 -1.756663 -0.997085 0.057645 0.045313 88.533394
0.051116 0.025297 0.998148 13.870008 0.057755 0.997708 -0.028243 -1.780371 -0.996798 0.059105 0.049549 88.572268
0.055237 0.023856 0.997964 14.639537 0.057547 0.997755 -0.027036 -1.804869 -0.996591 0.058936 0.053753 88.618018
0.059401 0.021923 0.997761 15.422512 0.054375 0.997973 -0.025165 -1.829934 -0.996521 0.055761 0.058103 88.672522
0.063489 0.020933 0.997528 16.217022 0.053501 0.998038 -0.024349 -1.854723 -0.996313 0.054927 0.062259 88.729813
0.067658 0.022041 0.997228 17.019868 0.050691 0.998154 -0.025501 -1.880822 -0.996184 0.052289 0.066432 88.792200
0.070898 0.026271 0.996894 17.827131 0.048664 0.998130 -0.029765 -1.910115 -0.996053 0.050635 0.069504 88.856397
0.072171 0.031596 0.996645 18.638312 0.042992 0.998227 -0.034759 -1.941480 -0.996220 0.045368 0.070702 88.928386
0.072095 0.034856 0.996542 19.452932 0.040202 0.998231 -0.037824 -1.974491 -0.996341 0.042800 0.070584 88.994365
0.072236 0.034469 0.996544 20.267293 0.037890 0.998341 -0.037278 -2.012026 -0.996420 0.040462 0.070828 89.061063
0.072194 0.032776 0.996603 21.085414 0.035100 0.998511 -0.035382 -2.051502 -0.996525 0.037544 0.070954 89.129344
0.072066 0.031740 0.996642 21.908203 0.036004 0.998509 -0.034403 -2.088014 -0.996498 0.038372 0.070833 89.193364
0.072542 0.031224 0.996624 22.730098 0.033537 0.998619 -0.033727 -2.125543 -0.996551 0.035879 0.071413 89.261067
0.072648 0.031619 0.996608 23.549428 0.031921 0.998666 -0.034011 -2.164902 -0.996600 0.034292 0.071560 89.329010
0.072808 0.032400 0.996573 24.366968 0.028992 0.998738 -0.034588 -2.202190 -0.996679 0.031418 0.071795 89.397520
0.071675 0.033925 0.996600 25.181273 0.026174 0.998765 -0.035881 -2.240126 -0.996835 0.028664 0.070717 89.463825
0.068831 0.033567 0.996807 25.994074 0.023080 0.998860 -0.035230 -2.279070 -0.997107 0.025437 0.067995 89.527596
0.065031 0.032400 0.997079 26.809229 0.020587 0.998942 -0.033803 -2.316760 -0.997394 0.022731 0.064313 89.587436
0.060277 0.030063 0.997451 27.622476 0.018632 0.999064 -0.031237 -2.354437 -0.997731 0.020474 0.059678 89.641301
0.053895 0.028073 0.997874 28.431451 0.016299 0.999172 -0.028990 -2.392201 -0.998138 0.017831 0.053408 89.691891
0.046576 0.028346 0.998235 29.239605 0.015850 0.999176 -0.029112 -2.428438 -0.998514 0.017183 0.046101 89.731953
0.037897 0.029465 0.998572 30.044631 0.015761 0.999151 -0.030080 -2.461241 -0.998884 0.016883 0.037411 89.764930
0.028079 0.029884 0.998887 30.845883 0.016163 0.999138 -0.030346 -2.494769 -0.999204 0.017002 0.027579 89.786993
0.017915 0.028926 0.999152 31.646846 0.017365 0.999155 -0.029237 -2.528755 -0.999422 0.017879 0.017403 89.799376
0.007281 0.028022 0.999315 32.443276 0.016383 0.999206 -0.028139 -2.563463 -0.999576 0.016582 0.006818 89.804536
-0.003727 0.027199 0.999360 33.235544 0.017922 0.999209 -0.027128 -2.596344 -0.999572 0.017814 -0.004213 89.798763
-0.014706 0.027638 0.999246 34.021770 0.018184 0.999195 -0.027369 -2.629251 -0.999464 0.017773 -0.015201 89.786747
-0.025621 0.028242 0.998999 34.805816 0.018632 0.999167 -0.027769 -2.663821 -0.999226 0.017907 -0.026133 89.764438
-0.036216 0.029319 0.998635 35.580826 0.018348 0.999141 -0.028669 -2.697304 -0.998898 0.017289 -0.036733 89.737249
-0.046458 0.030408 0.998174 36.350176 0.019411 0.999091 -0.029532 -2.730270 -0.998450 0.018009 -0.047019 89.700473
-0.055896 0.031098 0.997668 37.115958 0.020310 0.999058 -0.030004 -2.764733 -0.997946 0.018591 -0.056491 89.656467
-0.065444 0.031542 0.997072 37.872321 0.021009 0.999036 -0.030225 -2.799524 -0.997350 0.018975 -0.066062 89.604102
-0.074660 0.031891 0.996412 38.618946 0.021828 0.999015 -0.030339 -2.833300 -0.996685 0.019490 -0.075304 89.545521
-0.083142 0.031434 0.995754 39.354777 0.023152 0.999006 -0.029603 -2.865691 -0.995983 0.020598 -0.083811 89.479933
-0.090349 0.030343 0.995159 40.086538 0.024969 0.999002 -0.028193 -2.897656 -0.995310 0.022307 -0.091043 89.409706
-0.095436 0.028673 0.994733 40.808453 0.027778 0.998983 -0.026130 -2.929156 -0.994759 0.025145 -0.096163 89.335128
-0.099077 0.027129 0.994428 41.518688 0.030719 0.998954 -0.024191 -2.958441 -0.994325 0.028159 -0.099835 89.259657
-0.101727 0.026012 0.994195 42.217127 0.032332 0.998939 -0.022828 -2.986698 -0.994011 0.029831 -0.102488 89.187290
-0.103324 0.025224 0.994048 42.904538 0.032583 0.998948 -0.021961 -3.013225 -0.993835 0.030128 -0.104066 89.116017
-0.104061 0.025596 0.993958 43.575027 0.033390 0.998913 -0.022228 -3.041266 -0.993728 0.030884 -0.104832 89.047078
-0.102967 0.026720 0.994037 44.229960 0.034336 0.998851 -0.023293 -3.067161 -0.993805 0.031742 -0.103796 88.978992
-0.099950 0.028330 0.994299 44.867336 0.035313 0.998777 -0.024908 -3.093935 -0.994077 0.032631 -0.100857 88.916776
-0.094681 0.028930 0.994785 45.487875 0.035289 0.998745 -0.025686 -3.119197 -0.994581 0.032683 -0.095612 88.862656
-0.086657 0.029666 0.995491 46.089864 0.034717 0.998734 -0.026741 -3.145739 -0.995328 0.032253 -0.087603 88.818482
-0.075463 0.029717 0.996399 46.670912 0.033476 0.998761 -0.027252 -3.171822 -0.996281 0.031309 -0.076388 88.785447
-0.061677 0.030034 0.997336 47.230736 0.032582 0.998767 -0.028062 -3.199081 -0.997257 0.030774 -0.062599 88.762830
-0.044342 0.031428 0.998218 47.773209 0.031473 0.998749 -0.030047 -3.225716 -0.998217 0.030094 -0.045290 88.753313
-0.022979 0.033996 0.998852 48.302723 0.029654 0.998698 -0.033308 -3.252527 -0.998990 0.028863 -0.023964 88.757794
0.001794 0.037031 0.999017 48.827195 0.027412 0.998640 -0.037066 -3.280084 -0.999327 0.027460 0.000776 88.777810
0.030257 0.038743 0.998493 49.345709 0.025180 0.998603 -0.039510 -3.308188 -0.998926 0.026345 0.029248 88.814191
0.063757 0.038248 0.996924 49.860914 0.022728 0.998642 -0.039767 -3.334337 -0.997397 0.025201 0.062820 88.866648
0.102142 0.035767 0.993809 50.367469 0.021224 0.998729 -0.038126 -3.360731 -0.994222 0.024995 0.101286 88.937503
0.144620 0.032130 0.988646 50.867447 0.018670 0.998888 -0.035194 -3.386021 -0.988988 0.023555 0.143905 89.031828
0.190179 0.027688 0.981037 51.352545 0.015473 0.999075 -0.031197 -3.414172 -0.981302 0.021119 0.189634 89.147539
0.238899 0.024458 0.970411 51.833233 0.010436 0.999242 -0.027754 -3.438799 -0.970659 0.016763 0.238538 89.292500
0.290540 0.022818 0.956260 52.297013 0.006074 0.999333 -0.025692 -3.463437 -0.956510 0.013277 0.290300 89.463206
0.345327 0.022456 0.937877 52.749173 0.004632 0.999343 -0.025633 -3.484404 -0.938131 0.013201 0.345105 89.660902
0.403876 0.022903 0.914181 53.188259 0.006171 0.999278 -0.027761 -3.504548 -0.914444 0.016859 0.403570 89.877560
0.463649 0.026204 0.885274 53.601416 0.006210 0.999124 -0.032827 -3.526180 -0.885637 0.020724 0.463226 90.127105
0.523145 0.029453 0.851367 53.991994 0.006635 0.998917 -0.038635 -3.546683 -0.851847 0.025869 0.522546 90.401848
0.580744 0.033966 0.812996 54.356453 0.001619 0.998767 -0.042884 -3.563604 -0.813700 0.026229 0.580152 90.710503
0.635985 0.037088 0.770406 54.696440 -0.003095 0.998646 -0.045521 -3.580668 -0.771288 0.026574 0.635435 91.043891
0.688225 0.038210 0.724058 55.013796 -0.005650 0.998550 -0.047326 -3.599361 -0.725041 0.028489 0.687656 91.395678
0.736482 0.036602 0.674988 55.311586 -0.006980 0.998571 -0.046533 -3.618215 -0.675943 0.029569 0.735918 91.770267
0.781043 0.033468 0.623054 55.582237 -0.009973 0.998776 -0.041149 -3.637406 -0.623872 0.025934 0.780672 92.165275
0.821564 0.028705 0.568816 55.822446 -0.011379 0.999030 -0.033980 -3.654919 -0.569426 0.021452 0.821358 92.578595
0.857135 0.026682 0.513751 56.036614 -0.014639 0.999182 -0.027469 -3.669136 -0.514234 0.016029 0.857107 93.011248
0.887388 0.023292 0.459714 56.219224 -0.015914 0.999344 -0.019912 -3.683960 -0.460027 0.010358 0.887468 93.450713
0.912044 0.023915 0.408586 56.371409 -0.019926 0.999373 -0.014015 -3.700687 -0.408799 0.004643 0.912247 93.897828
0.931274 0.026057 0.362477 56.500692 -0.024004 0.999330 -0.010167 -3.714819 -0.362617 0.000768 0.931580 94.352202
0.945709 0.032087 0.322397 56.609458 -0.031435 0.999148 -0.007229 -3.724498 -0.322460 -0.003299 0.946222 94.815703
0.956852 0.036425 0.287117 56.707875 -0.035625 0.998998 -0.008011 -3.728048 -0.287217 -0.002564 0.957508 95.284165
0.965540 0.038362 0.256103 56.805507 -0.037664 0.998927 -0.007632 -3.732078 -0.256207 -0.002278 0.966269 95.758429
0.971320 0.032760 0.234088 56.907186 -0.031904 0.999131 -0.007444 -3.738703 -0.234206 -0.000238 0.971840 96.238314
0.975054 0.029787 0.218451 57.004231 -0.029031 0.999226 -0.006671 -3.749798 -0.218552 0.000163 0.975482 96.724753
0.977685 0.033951 0.205731 57.089737 -0.033247 0.999097 -0.006879 -3.757029 -0.205846 -0.000114 0.978247 97.220854
0.979467 0.039445 0.196056 57.171553 -0.038941 0.998895 -0.006426 -3.759724 -0.196157 -0.001340 0.980236 97.726860
0.980295 0.047191 0.190116 57.251638 -0.046583 0.998560 -0.007667 -3.764131 -0.190266 -0.001341 0.981397 98.242017
0.980575 0.053012 0.187092 57.336473 -0.051827 0.998264 -0.011223 -3.774014 -0.187423 0.001310 0.981940 98.766310
0.980671 0.054286 0.186191 57.434271 -0.052660 0.998184 -0.013670 -3.789457 -0.186657 0.003603 0.982074 99.300060
0.980315 0.052816 0.188492 57.541417 -0.050454 0.998246 -0.017309 -3.803209 -0.189137 0.007460 0.981582 99.842774
0.979663 0.051234 0.192281 57.654407 -0.047528 0.998255 -0.023836 -3.814405 -0.193230 0.014217 0.980710 100.393378
0.978871 0.051460 0.196248 57.769609 -0.046725 0.998172 -0.028679 -3.826095 -0.197429 0.018909 0.979801 100.956843
0.977721 0.056323 0.200623 57.879319 -0.051667 0.997942 -0.028367 -3.842670 -0.201872 0.017375 0.978928 101.539422
0.976326 0.059535 0.206406 57.994353 -0.055669 0.997829 -0.024487 -3.859687 -0.207481 0.012421 0.977830 102.139446
0.975469 0.056664 0.211188 58.127171 -0.053653 0.998036 -0.019959 -3.879076 -0.211972 0.008141 0.976907 102.744896
0.974853 0.052421 0.215090 58.268602 -0.050489 0.998296 -0.014468 -3.895860 -0.215551 0.003246 0.976152 103.366841
0.974149 0.049980 0.218829 58.409706 -0.049005 0.998426 -0.009881 -3.911665 -0.219049 -0.001099 0.975378 103.997054
0.973713 0.045386 0.221749 58.556681 -0.044422 0.998645 -0.009334 -3.923931 -0.221944 -0.000762 0.974724 104.635079
0.973817 0.041840 0.221990 58.707317 -0.040075 0.998795 -0.012451 -3.938999 -0.222315 0.003230 0.974634 105.278902
0.973981 0.040985 0.221435 58.855481 -0.037594 0.998780 -0.019504 -3.955059 -0.222035 0.010675 0.974646 105.934810
0.974087 0.043161 0.220558 58.998520 -0.038342 0.998602 -0.026081 -3.972237 -0.221446 0.016955 0.974692 106.601382
0.974596 0.045739 0.217774 59.143050 -0.040193 0.998425 -0.029826 -3.989105 -0.218865 0.020322 0.975211 107.281703
0.975185 0.044321 0.215406 59.293141 -0.039733 0.998559 -0.025575 -4.005838 -0.216299 0.016387 0.975855 107.977769
0.975668 0.040219 0.214018 59.449762 -0.037238 0.998821 -0.017942 -4.027287 -0.214556 0.009539 0.976330 108.693372
0.976185 0.040675 0.211554 59.601264 -0.038993 0.998840 -0.012119 -4.049766 -0.211870 0.003583 0.976955 109.416272
0.976421 0.043982 0.209786 59.745724 -0.042235 0.998698 -0.012800 -4.068553 -0.210145 0.003640 0.977326 110.147140
0.976656 0.049420 0.207460 59.888724 -0.046812 0.998421 -0.017464 -4.084724 -0.208063 0.007348 0.977748 110.886786
0.977479 0.050089 0.203373 60.037943 -0.046408 0.998329 -0.022826 -4.100997 -0.204244 0.012879 0.978493 111.636042
0.978376 0.048723 0.199326 60.189919 -0.044486 0.998343 -0.025675 -4.121073 -0.200314 0.016258 0.979250 112.397486
0.979279 0.046376 0.195392 60.343632 -0.042466 0.998465 -0.024149 -4.143462 -0.196278 0.015357 0.980077 113.173837
0.980124 0.042523 0.191956 60.497628 -0.039012 0.998646 -0.022029 -4.168727 -0.192700 0.014108 0.980796 113.958849
0.980490 0.041611 0.190250 60.645591 -0.038656 0.998711 -0.019213 -4.193048 -0.190872 0.011488 0.981182 114.751313
0.980876 0.038437 0.188912 60.800645 -0.035882 0.998854 -0.016924 -4.213482 -0.189414 0.009826 0.981480 115.556527
0.981155 0.033523 0.188402 60.957879 -0.031117 0.999034 -0.015710 -4.234235 -0.188814 0.009555 0.981599 116.369849
0.981234 0.034389 0.187840 61.107851 -0.032313 0.999022 -0.014098 -4.254240 -0.188208 0.007767 0.981733 117.192138
0.980942 0.039899 0.188347 61.250439 -0.037522 0.998822 -0.016165 -4.272913 -0.188834 0.008792 0.981619 118.015591
0.980595 0.045619 0.188843 61.393805 -0.042684 0.998552 -0.019577 -4.292192 -0.189527 0.011140 0.981459 118.847985
0.979965 0.054513 0.189722 61.537998 -0.051413 0.998100 -0.021223 -4.312797 -0.190585 0.011048 0.981250 119.689172
0.979011 0.060590 0.192772 61.683925 -0.057657 0.997766 -0.020787 -4.335491 -0.193669 0.009240 0.980662 120.528345
0.978243 0.063215 0.195801 61.837666 -0.060695 0.997624 -0.018848 -4.361692 -0.196597 0.006556 0.980101 121.371354
0.977698 0.063794 0.198320 62.000248 -0.061073 0.997583 -0.019809 -4.386622 -0.199174 0.007258 0.979575 122.213171
0.977401 0.062406 0.200208 62.165146 -0.059052 0.997641 -0.022682 -4.410618 -0.201222 0.010351 0.979127 123.054665
0.977534 0.056213 0.201379 62.342851 -0.052997 0.998009 -0.021327 -4.437452 -0.202248 0.010179 0.978915 123.900559
0.977826 0.049584 0.201663 62.522518 -0.045905 0.998318 -0.022878 -4.467622 -0.202532 0.013118 0.978814 124.745132
0.977573 0.049106 0.202998 62.693499 -0.045395 0.998340 -0.022891 -4.497740 -0.203859 0.013168 0.978537 125.590764
0.977086 0.051816 0.204635 62.863358 -0.048719 0.998237 -0.020142 -4.523063 -0.205394 0.009714 0.978251 126.443510
0.976701 0.054005 0.205874 63.033909 -0.052145 0.998156 -0.014455 -4.547327 -0.206352 0.003385 0.978085 127.302860
0.976248 0.057713 0.207022 63.197169 -0.056802 0.997955 -0.010347 -4.573506 -0.207273 -0.001659 0.977897 128.136987
0.976079 0.057043 0.207991 63.365793 -0.054720 0.997980 -0.016908 -4.599401 -0.208614 0.005124 0.977597 128.970226
0.976444 0.052687 0.207421 63.542037 -0.047216 0.998017 -0.031232 -4.629562 -0.208733 0.020710 0.977365 129.786446
0.976763 0.050469 0.206461 63.718115 -0.043061 0.997882 -0.040210 -4.660489 -0.208131 0.030397 0.977238 130.600229
0.976985 0.047955 0.206025 63.886642 -0.042418 0.998235 -0.031203 -4.688813 -0.207235 0.021754 0.977663 131.424473
0.977372 0.041889 0.205525 64.057128 -0.040626 0.998745 -0.010363 -4.720414 -0.205778 0.001779 0.978213 132.260748
0.977620 0.038931 0.204913 64.228276 -0.040771 0.998779 0.004756 -4.750590 -0.204554 -0.013009 0.978383 133.096997
0.977597 0.043636 0.204095 64.386270 -0.044371 0.998641 -0.000981 -4.768762 -0.203936 -0.008099 0.978569 133.918032
0.977632 0.051807 0.202016 64.537888 -0.049391 0.998263 -0.016984 -4.783195 -0.202619 0.006629 0.978856 134.733045
0.977913 0.051900 0.200613 64.698478 -0.047877 0.998170 -0.024853 -4.799845 -0.201610 0.014705 0.978974 135.553779
0.978548 0.047852 0.198511 64.863144 -0.043637 0.998346 -0.025553 -4.830766 -0.199479 0.016349 0.979384 136.372352
0.979093 0.047577 0.195865 65.019872 -0.043750 0.998383 -0.023815 -4.867106 -0.196754 0.014754 0.979959 137.191465
0.979858 0.047105 0.192127 65.171371 -0.043078 0.998382 -0.025079 -4.893431 -0.193069 0.016304 0.980669 138.015910
0.980750 0.048139 0.187254 65.318124 -0.043913 0.998305 -0.026646 -4.922920 -0.188289 0.017917 0.981569 138.830413
0.981039 0.053220 0.184339 65.455296 -0.049145 0.998062 -0.026605 -4.956353 -0.185466 0.017047 0.982121 139.637024
0.981104 0.059127 0.182179 65.588434 -0.055134 0.997740 -0.026906 -4.983977 -0.183427 0.016359 0.982515 140.445486
0.981375 0.060490 0.180312 65.726669 -0.056903 0.997699 -0.024998 -5.014878 -0.181475 0.014277 0.982919 141.250707
0.981696 0.058529 0.179225 65.868092 -0.055826 0.997874 -0.020092 -5.044807 -0.180085 0.009723 0.983234 142.056393
0.982055 0.057143 0.177699 66.007283 -0.054430 0.997951 -0.020109 -5.072950 -0.178548 0.010080 0.983511 142.855106
0.982668 0.055430 0.174814 66.147629 -0.052199 0.998005 -0.023020 -5.103197 -0.175805 0.013501 0.983961 143.653442
0.983802 0.050708 0.169785 66.287162 -0.046839 0.998177 -0.026708 -5.132790 -0.170892 0.018330 0.984746 144.448006
0.985061 0.047819 0.163197 66.418021 -0.043883 0.998286 -0.027634 -5.161112 -0.164299 0.020067 0.985833 145.241778
0.986182 0.046124 0.156788 66.540039 -0.043170 0.998453 -0.022190 -5.188855 -0.157626 0.015121 0.987011 146.039632
0.987229 0.043546 0.150823 66.657737 -0.041952 0.998658 -0.013735 -5.214146 -0.151273 0.007235 0.988094 146.841254
0.987888 0.040561 0.147312 66.771583 -0.040378 0.998810 -0.004235 -5.235477 -0.147361 -0.001765 0.988712 147.659526
0.988179 0.047258 0.143297 66.869292 -0.047525 0.998501 -0.001558 -5.252620 -0.143207 -0.005273 0.989308 148.456513
0.988731 0.050087 0.138429 66.965168 -0.049722 0.998375 -0.006098 -5.268590 -0.138560 -0.000854 0.989981 149.238080
0.989764 0.050498 0.130679 67.064710 -0.048781 0.998306 -0.016304 -5.283881 -0.131328 0.009766 0.990918 150.019363
0.990783 0.047210 0.123968 67.162914 -0.044845 0.998380 -0.021789 -5.297051 -0.124842 0.016035 0.991668 150.819568
0.991612 0.046450 0.117405 67.250090 -0.044325 0.998421 -0.020642 -5.318019 -0.118223 0.015271 0.992485 151.630553
0.992161 0.053168 0.109757 67.321878 -0.051594 0.998149 -0.017121 -5.343371 -0.110504 0.011328 0.993438 152.449507
0.992719 0.058642 0.101623 67.384374 -0.057051 0.997828 -0.018490 -5.367287 -0.102524 0.012562 0.994278 153.265676
0.993566 0.061210 0.091313 67.447998 -0.059246 0.997582 -0.024051 -5.391742 -0.092597 0.018494 0.995159 154.078464
0.994403 0.059781 0.082732 67.508999 -0.057784 0.997609 -0.026311 -5.414579 -0.084137 0.021392 0.995851 154.897606
0.995031 0.059944 0.074648 67.560919 -0.058348 0.997649 -0.023375 -5.438111 -0.075901 0.018911 0.996562 155.720159
0.995388 0.062755 0.067164 67.599368 -0.061809 0.997582 -0.016058 -5.464221 -0.068034 0.011837 0.997235 156.549152
0.995668 0.066304 0.059123 67.631157 -0.065814 0.997403 -0.010190 -5.484145 -0.059667 0.006257 0.997821 157.375857
0.996144 0.065379 0.051649 67.664287 -0.065115 0.997477 -0.006771 -5.500813 -0.051980 0.003384 0.998264 158.199930
0.996381 0.066246 0.045522 67.691248 -0.066109 0.997421 -0.004504 -5.516833 -0.045719 0.001479 0.998572 159.022607
0.996627 0.065324 0.041167 67.718138 -0.065122 0.997472 -0.006214 -5.533901 -0.041484 0.003514 0.998746 159.849216
0.996486 0.070197 0.036355 67.732892 -0.069818 0.997108 -0.011599 -5.550919 -0.037078 0.009024 0.998888 160.667694
0.996187 0.076138 0.032435 67.740538 -0.075578 0.996593 -0.018142 -5.570674 -0.033718 0.015628 0.998928 161.486279
0.996181 0.077448 0.029336 67.751971 -0.076868 0.996450 -0.020386 -5.588783 -0.030821 0.018060 0.998980 162.304646
0.996119 0.079306 0.026345 67.764587 -0.078950 0.996394 -0.014297 -5.607969 -0.027393 0.012166 0.999170 163.132434
0.995977 0.081593 0.024678 67.771074 -0.081523 0.996282 -0.003811 -5.624026 -0.024906 0.001785 0.999307 163.967162
0.995931 0.083008 0.021561 67.778250 -0.083102 0.996151 0.003510 -5.640383 -0.021194 -0.005290 0.999379 164.799331
0.996297 0.079700 0.016413 67.787003 -0.079718 0.996432 0.000470 -5.655690 -0.016323 -0.001777 0.999481 165.612837
0.997311 0.067171 0.010229 67.803386 -0.067075 0.997331 -0.009354 -5.668986 -0.010833 0.008646 0.999529 166.422848
0.997510 0.064730 0.002856 67.806731 -0.064683 0.997426 -0.013901 -5.677079 -0.003749 0.013687 0.999514 167.238725
0.997238 0.068742 -0.003895 67.788363 -0.068785 0.997170 -0.012409 -5.692132 0.003033 0.012648 0.999530 168.070985
0.997304 0.066933 -0.011240 67.768029 -0.067001 0.997351 -0.005876 -5.710111 0.010823 0.006616 0.999533 168.911101
0.997525 0.061658 -0.018752 67.755103 -0.061709 0.997700 -0.002194 -5.724005 0.018582 0.003347 0.999428 169.742894
0.997896 0.053048 -0.024390 67.736606 -0.053014 0.998199 0.002009 -5.729924 0.024463 -0.000712 0.999306 170.581262
0.997935 0.048865 -0.030648 67.709179 -0.048820 0.998410 0.002209 -5.744015 0.030720 -0.000708 0.999131 171.415264
0.997863 0.045595 -0.037180 67.673046 -0.045794 0.998541 -0.004516 -5.758902 0.036936 0.006212 0.998897 172.247961
0.997917 0.036291 -0.045028 67.640020 -0.036979 0.998806 -0.014554 -5.770933 0.044465 0.016195 0.998473 173.076450
0.997902 0.026086 -0.051800 67.607627 -0.027073 0.999054 -0.018452 -5.785181 0.051292 0.019824 0.998075 173.911320
0.997439 0.029908 -0.058205 67.552535 -0.030597 0.999060 -0.010986 -5.800070 0.057847 0.012744 0.997830 174.749475
0.996762 0.040866 -0.062952 67.478232 -0.040801 0.998753 0.002303 -5.812324 0.062995 0.000273 0.997599 175.596835
0.996251 0.045962 -0.067367 67.406778 -0.045382 0.998507 0.010102 -5.826366 0.067759 -0.007009 0.997263 176.438619
0.996013 0.045236 -0.071258 67.339768 -0.044838 0.998557 0.007164 -5.833970 0.071510 -0.003942 0.997017 177.278896
0.995777 0.046512 -0.073642 67.268175 -0.046906 0.998477 -0.003626 -5.840300 0.073392 0.007068 0.996859 178.113196
0.995001 0.056887 -0.076742 67.181071 -0.058027 0.997814 -0.012715 -5.850141 0.075884 0.017112 0.996547 178.946931
0.994912 0.055093 -0.079157 67.108191 -0.056549 0.997847 -0.016271 -5.866027 0.078125 0.020674 0.996306 179.789917
0.994990 0.049832 -0.081627 67.046884 -0.050925 0.998218 -0.011363 -5.884334 0.080951 0.015470 0.996175 180.649115
0.994993 0.050212 -0.081359 66.972770 -0.050585 0.998297 -0.002541 -5.899756 0.081128 0.006647 0.996258 181.509921
0.994923 0.052076 -0.080966 66.893235 -0.052006 0.998217 0.002959 -5.912562 0.081011 0.001268 0.996283 182.365033
0.994775 0.051946 -0.082817 66.816235 -0.051946 0.998220 0.002151 -5.924357 0.082818 0.002163 0.996131 183.219794
0.994748 0.048407 -0.085256 66.738050 -0.049169 0.998339 -0.006868 -5.938568 0.084820 0.011029 0.995905 184.067878
0.994987 0.037365 -0.087977 66.672813 -0.039136 0.998634 -0.018497 -5.955746 0.087204 0.021857 0.995519 184.913617
0.995118 0.026799 -0.090286 66.606988 -0.028954 0.998893 -0.022641 -5.974135 0.089620 0.025156 0.995223 185.768014
0.994951 0.029503 -0.091236 66.521734 -0.031267 0.998915 -0.017967 -5.996304 0.090648 0.020739 0.995229 186.628856
0.994660 0.035698 -0.092143 66.429881 -0.036516 0.998867 -0.007211 -6.018258 0.091823 0.010542 0.995276 187.483232
0.994484 0.036880 -0.093558 66.342853 -0.037381 0.998854 -0.003618 -6.041148 0.093360 0.007099 0.995163 188.331171
0.994431 0.035756 -0.094543 66.261776 -0.036610 0.998861 -0.007310 -6.059123 0.094217 0.010735 0.995049 189.165100
0.994439 0.035787 -0.094469 66.175558 -0.037233 0.998775 -0.013589 -6.073843 0.093910 0.017038 0.994992 190.003029
0.994141 0.042446 -0.094826 66.080069 -0.043966 0.998495 -0.013988 -6.090894 0.094133 0.018083 0.994952 190.840556
0.993990 0.045220 -0.095120 65.990352 -0.046463 0.998419 -0.010897 -6.112492 0.094520 0.015258 0.994961 191.678416
0.993735 0.049052 -0.095822 65.900712 -0.050014 0.998271 -0.007656 -6.133847 0.095325 0.012406 0.994918 192.515069
0.993555 0.052469 -0.095860 65.811362 -0.053185 0.998123 -0.004921 -6.150214 0.095466 0.009992 0.994930 193.344678
0.993325 0.055597 -0.096458 65.720189 -0.056368 0.997945 -0.005292 -6.167038 0.096010 0.010699 0.994869 194.167014
0.993389 0.053098 -0.097231 65.638071 -0.054219 0.998040 -0.008924 -6.189568 0.096611 0.014143 0.994770 194.981798
0.993172 0.054861 -0.098393 65.549040 -0.056530 0.997845 -0.014251 -6.207589 0.097445 0.019725 0.994587 195.785720
0.992954 0.056246 -0.099757 65.460268 -0.057925 0.997763 -0.014002 -6.222596 0.098793 0.019691 0.994450 196.591932
0.992743 0.056816 -0.101461 65.374868 -0.057533 0.997870 -0.004161 -6.238697 0.101056 0.009973 0.994362 197.391187
0.992682 0.055270 -0.102870 65.293187 -0.055054 0.998003 0.004939 -6.256704 0.102987 0.000761 0.994211 198.188942
0.992927 0.049286 -0.103504 65.215982 -0.048855 0.998311 0.006696 -6.272616 0.103709 -0.001592 0.994130 198.966876
