1.000000 0.000000 0.000000 0.000000 0.000000 1.000000 0.000000 0.000000 0.000000 0.000000 1.000000 0.000000
0.999042 -0.000303 0.043690 0.043590 0.000413 0.999994 -0.002514 -0.019225 -0.043689 0.002530 0.999039 1.026602
0.996038 -0.004500 0.088781 0.136095 0.005179 0.999957 -0.007414 -0.041127 -0.088744 0.007844 0.996021 2.048610
0.990927 -0.003811 0.134327 0.268389 0.005378 0.999919 -0.011304 -0.063141 -0.134274 0.011924 0.990870 3.090906
0.983574 -0.001333 0.180459 0.445032 0.003884 0.999890 -0.013784 -0.089439 -0.180422 0.014258 0.983478 4.112479
0.974005 -0.003582 0.226469 0.672467 0.006884 0.999875 -0.013789 -0.118160 -0.226393 0.014990 0.973913 5.123260
0.962234 -0.004084 0.272154 0.935101 0.008562 0.999837 -0.015268 -0.139386 -0.272050 0.017022 0.962122 6.210888
0.948650 -0.006430 0.316232 1.254621 0.012751 0.999749 -0.017925 -0.171722 -0.316040 0.021037 0.948502 7.188807
0.933378 -0.007922 0.358778 1.620452 0.016090 0.999665 -0.019785 -0.203301 -0.358505 0.024240 0.933201 8.153856
0.915831 -0.007576 0.401460 2.031932 0.017306 0.999626 -0.020615 -0.233131 -0.401159 0.025828 0.915630 9.162242
0.896040 -0.007813 0.443855 2.477388 0.018264 0.999626 -0.019274 -0.267721 -0.443548 0.025378 0.895867 10.083739
0.873935 -0.007267 0.485938 2.962664 0.018575 0.999634 -0.018458 -0.302743 -0.485637 0.025158 0.873770 10.977386
0.849772 -0.007312 0.527040 3.494595 0.019360 0.999634 -0.017347 -0.337063 -0.526736 0.024946 0.849626 11.859306
0.824042 -0.007338 0.566427 4.062272 0.020871 0.999602 -0.017414 -0.371498 -0.566090 0.026172 0.823890 12.694918
0.796620 -0.008847 0.604368 4.674548 0.024085 0.999538 -0.017115 -0.404522 -0.603953 0.028191 0.796485 13.503140
0.768018 -0.007763 0.640340 5.342599 0.024868 0.999511 -0.017709 -0.439792 -0.639905 0.029525 0.767853 14.292121
0.737346 -0.010815 0.675397 6.024252 0.029697 0.999406 -0.016417 -0.472210 -0.674830 0.032163 0.737242 15.029533
0.705185 -0.009630 0.708925 6.733110 0.029732 0.999410 -0.016000 -0.504470 -0.708367 0.032361 0.705069 15.732642
0.671050 -0.008306 0.741331 7.495223 0.030982 0.999357 -0.016848 -0.537739 -0.740730 0.034274 0.670889 16.424142
0.635407 -0.009295 0.772083 8.269910 0.035481 0.999197 -0.017171 -0.567017 -0.771323 0.038306 0.635242 17.059526
0.598696 -0.007326 0.800903 9.067434 0.035394 0.999196 -0.017318 -0.597720 -0.800155 0.038716 0.598490 17.657054
0.561044 -0.006110 0.827725 9.912651 0.038434 0.999059 -0.018676 -0.631653 -0.826855 0.042292 0.560765 18.223357
0.522224 -0.004400 0.852761 10.764493 0.043129 0.998817 -0.021258 -0.662378 -0.851681 0.047882 0.521808 18.738634
0.483303 -0.003241 0.875411 11.638215 0.044699 0.998753 -0.020980 -0.690651 -0.874275 0.049271 0.482857 19.218057
0.444935 -0.004918 0.895514 12.560498 0.049784 0.998548 -0.019251 -0.721755 -0.894142 0.053149 0.444545 19.670509
0.408114 -0.005424 0.912881 13.492923 0.053716 0.998366 -0.018082 -0.751753 -0.911315 0.056418 0.407748 20.074428
0.373296 -0.002884 0.927679 14.443282 0.055266 0.998266 -0.019136 -0.778921 -0.926035 0.058414 0.372816 20.444452
0.339938 -0.003395 0.940411 15.512137 0.055967 0.998268 -0.016627 -0.796331 -0.938750 0.058286 0.339547 20.847441
0.307296 -0.004945 0.951559 16.525489 0.058354 0.998165 -0.013657 -0.821507 -0.949780 0.059726 0.307032 21.159991
0.275123 -0.004886 0.961355 17.541733 0.058971 0.998152 -0.011803 -0.844916 -0.959556 0.059942 0.274912 21.438288
0.242340 -0.001238 0.970149 18.809052 0.056803 0.998265 -0.012915 -0.845829 -0.968484 0.058240 0.241999 21.824418
0.212107 0.000426 0.977211 19.869124 0.056769 0.998275 -0.012757 -0.864294 -0.975560 0.058183 0.211724 22.049638
0.182447 0.000618 0.983179 20.946223 0.058824 0.998169 -0.011543 -0.885735 -0.981416 0.059942 0.182083 22.239561
0.149495 0.000839 0.988722 22.255385 0.060734 0.998068 -0.010030 -0.900732 -0.986854 0.061551 0.149160 22.602637
0.119046 0.000354 0.992846 23.407252 0.059416 0.998167 -0.007480 -0.914362 -0.991066 0.059884 0.118811 22.774143
0.089376 0.000209 0.995956 24.583341 0.059939 0.998148 -0.005588 -0.924289 -0.994149 0.060199 0.089201 22.922995
0.061838 0.000706 0.998049 25.882325 0.062848 0.997979 -0.004600 -0.931435 -0.996066 0.063012 0.061671 23.018462
0.036369 0.001373 0.999305 27.099414 0.066906 0.997722 -0.003806 -0.939619 -0.997061 0.067000 0.036195 23.096339
0.012877 0.001948 0.999876 28.343687 0.071023 0.997433 -0.002858 -0.946114 -0.997349 0.071053 0.012706 23.163833
-0.006671 0.001772 0.999930 29.680823 0.076989 0.996986 -0.001254 -0.962952 -0.996960 0.076979 -0.006788 23.091630
-0.024704 0.001227 0.999647 30.940995 0.081211 0.996651 0.000784 -0.968819 -0.996341 0.081206 -0.024722 23.088725
-0.040638 0.001335 0.999118 32.201029 0.084208 0.996392 0.002093 -0.973831 -0.995561 0.084223 -0.040606 23.064667
-0.054719 0.000698 0.998443 33.554880 0.086717 0.996166 0.004056 -0.983552 -0.994667 0.086809 -0.054573 22.957233
-0.068161 -0.000365 0.997611 34.822230 0.086808 0.996142 0.006295 -0.986939 -0.993824 0.087035 -0.067871 22.885425
-0.080573 -0.000198 0.996686 36.083509 0.086553 0.996158 0.007195 -0.989622 -0.992917 0.086851 -0.080251 22.801828
-0.091796 0.002590 0.995712 37.416809 0.086796 0.996148 0.005410 -0.994942 -0.991921 0.086925 -0.091673 22.671053
-0.102130 0.006103 0.994691 38.700224 0.087202 0.996125 0.002841 -0.994433 -0.990876 0.087034 -0.102272 22.553183
-0.111713 0.008753 0.993638 40.004905 0.088339 0.996025 0.001157 -0.993811 -0.989738 0.087911 -0.112049 22.420791
-0.119409 0.009797 0.992730 41.355538 0.088026 0.996051 0.000759 -0.997343 -0.988864 0.087482 -0.119808 22.264700
-0.125255 0.010541 0.992002 42.689387 0.087715 0.996078 0.000491 -0.998372 -0.988169 0.087081 -0.125697 22.105900
-0.130355 0.012204 0.991326 44.036674 0.088746 0.995987 -0.000591 -1.001556 -0.987417 0.087904 -0.130923 21.934937
-0.135307 0.013838 0.990641 45.418360 0.087669 0.996081 -0.001940 -1.006716 -0.986847 0.086591 -0.135999 21.764508
-0.139382 0.014778 0.990055 46.794542 0.088079 0.996038 -0.002468 -1.011419 -0.986236 0.086865 -0.140141 21.576588
-0.142459 0.013718 0.989627 48.196540 0.087723 0.996065 -0.001180 -1.017091 -0.985823 0.086652 -0.143112 21.383485
-0.144974 0.011795 0.989286 49.630156 0.088369 0.996008 0.001075 -1.021551 -0.985398 0.087584 -0.145449 21.178079
-0.147260 0.010570 0.988959 51.068888 0.088121 0.996025 0.002476 -1.022626 -0.985078 0.087520 -0.147618 20.970321
-0.149316 0.011499 0.988640 52.520503 0.090706 0.995793 0.002118 -1.021415 -0.984534 0.089998 -0.149743 20.752061
-0.150362 0.011195 0.988484 53.995607 0.090384 0.995821 0.002470 -1.021651 -0.984403 0.089721 -0.150757 20.532106
-0.150909 0.012628 0.988381 55.472234 0.092193 0.995654 0.001356 -1.020077 -0.984149 0.091334 -0.151430 20.305651
-0.150916 0.012927 0.988375 56.967202 0.091907 0.995680 0.001011 -1.020406 -0.984174 0.090999 -0.151464 20.079360
-0.150285 0.014262 0.988446 58.494003 0.091644 0.995699 -0.000433 -1.027013 -0.984288 0.090528 -0.150959 19.852713
-0.149087 0.014162 0.988628 60.030035 0.092021 0.995663 -0.000385 -1.031362 -0.984434 0.090926 -0.149757 19.623593
-0.147652 0.013049 0.988858 61.579496 0.091088 0.995749 0.000461 -1.036684 -0.984737 0.090149 -0.148226 19.393613
-0.146371 0.013904 0.989035 63.165637 0.092148 0.995650 -0.000360 -1.040622 -0.984828 0.091094 -0.147028 19.160063
-0.145133 0.014642 0.989205 64.764815 0.091989 0.995662 -0.001242 -1.044020 -0.985024 0.090825 -0.145863 18.927017
-0.144130 0.015286 0.989341 66.375547 0.092956 0.995571 -0.001841 -1.049333 -0.985080 0.091709 -0.144926 18.693404
-0.142950 0.015179 0.989513 68.024682 0.092632 0.995600 -0.001891 -1.055661 -0.985281 0.091399 -0.143740 18.456266
-0.141869 0.013639 0.989690 69.689383 0.094475 0.995428 -0.000175 -1.062263 -0.985262 0.093485 -0.142522 18.214240
-0.140910 0.011759 0.989861 71.358311 0.096080 0.995282 0.001854 -1.067958 -0.985254 0.095376 -0.141387 17.972643
-0.139896 0.012906 0.989991 73.037946 0.097505 0.995145 0.000806 -1.073805 -0.985259 0.096650 -0.140487 17.736068
-0.138866 0.014812 0.990110 74.734976 0.099507 0.994947 -0.000928 -1.079775 -0.985205 0.098402 -0.139650 17.495834
-0.138045 0.014469 0.990231 76.437783 0.098647 0.995035 -0.000787 -1.089209 -0.985409 0.097583 -0.138799 17.262321
-0.137698 0.014364 0.990280 78.154798 0.099016 0.994998 -0.000665 -1.097549 -0.985419 0.097970 -0.138443 17.024630
-0.137284 0.013362 0.990348 79.884989 0.098853 0.995010 0.000278 -1.105066 -0.985490 0.097946 -0.137932 16.786980
-0.136829 0.013710 0.990405 81.641773 0.100362 0.994859 0.000094 -1.109923 -0.985399 0.099421 -0.137513 16.540649
-0.136489 0.013616 0.990449 83.409051 0.101303 0.994759 0.000285 -1.114956 -0.985346 0.100384 -0.137165 16.294371
-0.136276 0.014723 0.990464 85.180859 0.101730 0.994716 -0.000790 -1.123134 -0.985333 0.100662 -0.137066 16.049108
-0.136624 0.015527 0.990396 86.960420 0.101175 0.994765 -0.001639 -1.132533 -0.985335 0.099990 -0.137493 15.806096
-0.137500 0.016268 0.990262 88.759997 0.100366 0.994844 -0.002407 -1.144936 -0.985294 0.099068 -0.138437 15.559101
-0.138463 0.016909 0.990117 90.584580 0.099611 0.994918 -0.003061 -1.158687 -0.985236 0.098213 -0.139457 15.304257
-0.139114 0.016097 0.990045 92.403577 0.098593 0.995028 -0.002325 -1.172762 -0.985253 0.097297 -0.140022 15.047474
-0.139781 0.015906 0.989954 94.242614 0.098643 0.995023 -0.002059 -1.185399 -0.985153 0.097374 -0.140667 14.787077
-0.139936 0.014926 0.989947 96.087128 0.096245 0.995258 -0.001402 -1.196668 -0.985368 0.095091 -0.140722 14.529796
-0.141385 0.015974 0.989729 97.944132 0.096155 0.995270 -0.002327 -1.207788 -0.985174 0.094847 -0.142265 14.267089
-0.143849 0.016895 0.989362 99.807055 0.094967 0.995385 -0.003190 -1.219216 -0.984936 0.093506 -0.144802 14.000476
-0.147702 0.017962 0.988773 101.709974 0.095583 0.995322 -0.003803 -1.232597 -0.984303 0.093957 -0.148741 13.721353
-0.152175 0.017169 0.988105 103.588854 0.093677 0.995503 -0.002870 -1.248371 -0.983802 0.092135 -0.153113 13.440691
-0.156872 0.016481 0.987382 105.493096 0.092223 0.995641 -0.001967 -1.265374 -0.983202 0.090759 -0.157722 13.146884
-0.161291 0.017422 0.986657 107.395305 0.090973 0.995757 -0.002711 -1.281750 -0.982606 0.089330 -0.162206 12.844150
-0.165733 0.019437 0.985885 109.297121 0.091668 0.995689 -0.004220 -1.300035 -0.981804 0.089683 -0.166814 12.529057
-0.170216 0.021271 0.985083 111.213409 0.091350 0.995712 -0.005716 -1.321685 -0.981067 0.089022 -0.171444 12.204476
-0.174856 0.021711 0.984259 113.155240 0.090073 0.995826 -0.005964 -1.343390 -0.980368 0.087620 -0.176096 11.868683
-0.179641 0.021640 0.983396 115.078126 0.088276 0.995985 -0.005791 -1.366863 -0.979663 0.085778 -0.180846 11.525445
-0.185028 0.021157 0.982401 117.036639 0.086440 0.996143 -0.005173 -1.389261 -0.978818 0.083971 -0.186161 11.171199
-0.190498 0.020674 0.981366 119.011504 0.085666 0.996215 -0.004358 -1.412317 -0.977839 0.083248 -0.191565 10.800612
-0.195862 0.020533 0.980307 120.981594 0.085819 0.996198 -0.003720 -1.434488 -0.976759 0.083409 -0.196899 10.418524
-0.201260 0.022202 0.979174 122.958756 0.086490 0.996134 -0.004810 -1.457588 -0.975599 0.083730 -0.202423 10.022496
-0.206696 0.023290 0.978017 124.925726 0.086148 0.996161 -0.005515 -1.480810 -0.974494 0.083123 -0.207929 9.615005
-0.212452 0.023331 0.976787 126.910422 0.086673 0.996124 -0.004942 -1.504589 -0.973214 0.083619 -0.213670 9.191244
-0.217782 0.023379 0.975608 128.896362 0.086015 0.996179 -0.004671 -1.527943 -0.972090 0.082909 -0.218982 8.757215
-0.222796 0.024237 0.974448 130.878974 0.085661 0.996202 -0.005193 -1.552119 -0.970978 0.082324 -0.224049 8.309559
-0.227760 0.024785 0.973277 132.879812 0.084897 0.996256 -0.005503 -1.577805 -0.969884 0.081384 -0.229037 7.850766
-0.231791 0.024080 0.972340 134.869926 0.086197 0.996150 -0.004121 -1.599695 -0.968811 0.082868 -0.233001 7.377332
-0.235585 0.023976 0.971431 136.865678 0.088542 0.995948 -0.003108 -1.622971 -0.967684 0.085290 -0.236780 6.891358
-0.238822 0.024856 0.970619 138.880162 0.089985 0.995819 -0.003360 -1.643353 -0.966759 0.086549 -0.240087 6.393131
-0.241414 0.025620 0.969956 140.891245 0.090648 0.995756 -0.003740 -1.665700 -0.966051 0.087033 -0.242740 5.884952
-0.244199 0.025637 0.969263 142.901783 0.089982 0.995821 -0.003669 -1.686496 -0.965418 0.086330 -0.245512 5.375206
-0.247792 0.026370 0.968321 144.935590 0.088814 0.995914 -0.004394 -1.709762 -0.964600 0.084922 -0.249151 4.858251
-0.251825 0.027339 0.967239 146.968695 0.087876 0.995979 -0.005272 -1.733337 -0.963627 0.083682 -0.253249 4.332292
-0.255831 0.027233 0.966203 148.989061 0.087180 0.996054 -0.004991 -1.757557 -0.962647 0.082968 -0.257226 3.797442
-0.260055 0.028063 0.965049 151.031098 0.087642 0.996011 -0.005347 -1.782739 -0.961471 0.083199 -0.261509 3.253640
-0.264269 0.028859 0.963881 153.075155 0.087455 0.996024 -0.005844 -1.808394 -0.960339 0.082762 -0.265775 2.699966
-0.268564 0.029037 0.962688 155.119448 0.086919 0.996071 -0.005796 -1.834607 -0.959196 0.082130 -0.270066 2.139151
-0.272671 0.028592 0.961545 157.164349 0.086833 0.996083 -0.004995 -1.861343 -0.958044 0.082143 -0.274119 1.568812
-0.276596 0.028802 0.960417 159.226896 0.087489 0.996026 -0.004673 -1.888364 -0.956858 0.082744 -0.278050 0.984244
-0.280400 0.029893 0.959277 161.280199 0.088819 0.995904 -0.005072 -1.914504 -0.955625 0.083791 -0.281942 0.390935
-0.283855 0.031261 0.958213 163.338553 0.089177 0.995862 -0.006072 -1.940554 -0.954567 0.083739 -0.285505 -0.211081
-0.287156 0.033220 0.957156 165.396754 0.089450 0.995820 -0.007726 -1.968610 -0.953547 0.083411 -0.288967 -0.824222
-0.290468 0.034488 0.956116 167.450307 0.090415 0.995732 -0.008448 -2.000061 -0.952457 0.084005 -0.292384 -1.442336
-0.293783 0.035515 0.955064 169.531729 0.090278 0.995735 -0.009258 -2.033073 -0.951452 0.083513 -0.295776 -2.075201
-0.297315 0.035709 0.953960 171.619894 0.090589 0.995706 -0.009039 -2.067395 -0.950322 0.083743 -0.299314 -2.719481
-0.301333 0.036014 0.952685 173.716811 0.090467 0.995715 -0.009026 -2.102043 -0.949065 0.083479 -0.303342 -3.376470
-0.304957 0.036950 0.951492 175.820116 0.092817 0.995497 -0.008911 -2.137448 -0.947676 0.085609 -0.307056 -4.048183
-0.308120 0.037450 0.950448 177.898652 0.095111 0.995280 -0.008383 -2.171199 -0.946420 0.087828 -0.310273 -4.724880
-0.310786 0.037275 0.949588 180.002758 0.096169 0.995186 -0.007591 -2.204740 -0.945443 0.088975 -0.312919 -5.414175
-0.313481 0.036921 0.948711 182.116045 0.095990 0.995203 -0.007013 -2.237180 -0.944566 0.088882 -0.315569 -6.116457
-0.316005 0.037631 0.947840 184.209678 0.095306 0.995258 -0.007740 -2.270655 -0.943788 0.087902 -0.318142 -6.822851
-0.318718 0.039610 0.946848 186.293452 0.094691 0.995297 -0.009762 -2.307876 -0.942935 0.086561 -0.321020 -7.526347
-0.321717 0.041620 0.945745 188.387765 0.094479 0.995294 -0.011662 -2.346803 -0.941935 0.085615 -0.324187 -8.240706
-0.324739 0.042749 0.944655 190.488818 0.093832 0.995335 -0.012786 -2.391394 -0.940955 0.084501 -0.327289 -8.965860
-0.327885 0.043736 0.943523 192.612082 0.092475 0.995447 -0.014007 -2.438064 -0.940000 0.082674 -0.330491 -9.703158
-0.331379 0.044409 0.942269 194.728492 0.093597 0.995340 -0.013995 -2.484205 -0.938660 0.083570 -0.334048 -10.451784
-0.334711 0.043799 0.941114 196.870377 0.093395 0.995368 -0.013108 -2.531112 -0.937494 0.083523 -0.337308 -11.212904
-0.338113 0.043405 0.939901 198.984577 0.093445 0.995360 -0.012351 -2.575904 -0.936254 0.083669 -0.340662 -11.977043
-0.341822 0.043478 0.938545 201.137116 0.093659 0.995334 -0.011998 -2.620650 -0.934874 0.083818 -0.344365 -12.759561
-0.345267 0.043818 0.937261 203.308028 0.092952 0.995390 -0.012295 -2.665891 -0.933671 0.082892 -0.347818 -13.556864
-0.348685 0.044671 0.935950 205.460748 0.092363 0.995431 -0.013101 -2.712274 -0.932454 0.081896 -0.351289 -14.357065
-0.351678 0.045481 0.934790 207.609692 0.092624 0.995400 -0.013584 -2.764278 -0.931304 0.081824 -0.354344 -15.161922
-0.354408 0.046298 0.933717 209.758611 0.093626 0.995302 -0.013815 -2.817915 -0.930166 0.082542 -0.357150 -15.968243
-0.356829 0.046181 0.932797 211.903454 0.094760 0.995202 -0.013021 -2.869411 -0.929122 0.083763 -0.359568 -16.781955
-0.359199 0.045798 0.931902 214.054223 0.096070 0.995087 -0.011873 -2.919079 -0.928070 0.085281 -0.361910 -17.608047
-0.361593 0.046690 0.930926 216.231046 0.097371 0.994953 -0.012080 -2.967558 -0.926999 0.086296 -0.364393 -18.451236
-0.363987 0.047654 0.929937 218.388904 0.097410 0.994933 -0.012857 -3.016636 -0.926050 0.085924 -0.366866 -19.293437
-0.366430 0.048055 0.928956 220.534426 0.097101 0.994959 -0.013167 -3.068291 -0.925119 0.085397 -0.369331 -20.141479
-0.368987 0.049478 0.927870 222.721960 0.097035 0.994948 -0.014467 -3.122945 -0.924110 0.084717 -0.372007 -21.013713
-0.371566 0.050813 0.926768 224.902785 0.097073 0.994927 -0.015632 -3.180157 -0.923072 0.084174 -0.374696 -21.891632
-0.373802 0.050992 0.925852 227.071688 0.095004 0.995106 -0.016449 -3.239659 -0.922375 0.081830 -0.376904 -22.770472
-0.376495 0.052108 0.924690 229.244433 0.096010 0.994994 -0.016979 -3.301421 -0.921168 0.082407 -0.379703 -23.656924
-0.378765 0.051871 0.923774 231.402539 0.097678 0.994849 -0.015813 -3.362274 -0.920059 0.084263 -0.381972 -24.547220
-0.381219 0.051125 0.922804 233.601691 0.098258 0.994807 -0.014523 -3.421925 -0.918981 0.085157 -0.384357 -25.453478
-0.384318 0.050943 0.921541 235.711104 0.097559 0.994891 -0.014312 -3.476670 -0.917776 0.084423 -0.387414 -26.329674
-0.387716 0.051413 0.920082 237.773051 0.096382 0.994989 -0.014984 -3.537574 -0.916463 0.082890 -0.390822 -27.172540
-0.390943 0.050829 0.918741 239.963231 0.094908 0.995129 -0.014671 -3.594957 -0.915239 0.081480 -0.393960 -28.101851
-0.394241 0.050455 0.917348 242.106611 0.094300 0.995190 -0.014210 -3.651680 -0.913881 0.080924 -0.397202 -29.020154
-0.397566 0.050938 0.915876 244.269369 0.094037 0.995203 -0.014530 -3.708220 -0.912458 0.080370 -0.400552 -29.956910
-0.400987 0.050845 0.914386 246.449963 0.093662 0.995239 -0.014268 -3.765010 -0.910995 0.079943 -0.403946 -30.909716
-0.404823 0.050585 0.912707 248.569861 0.093040 0.995300 -0.013896 -3.822336 -0.909360 0.079313 -0.407734 -31.842134
-0.408379 0.050750 0.911110 250.711772 0.092506 0.995346 -0.013980 -3.879766 -0.907820 0.078595 -0.411282 -32.800079
-0.412027 0.051786 0.909407 252.853248 0.092875 0.995303 -0.014598 -3.936689 -0.906132 0.078467 -0.415012 -33.765896
-0.415262 0.052337 0.907904 255.012846 0.093436 0.995251 -0.014637 -3.995346 -0.904598 0.078773 -0.418291 -34.750916
-0.418733 0.052443 0.906291 257.161154 0.093481 0.995240 -0.014399 -4.053476 -0.902981 0.078713 -0.421758 -35.740956
-0.422095 0.053007 0.904696 259.289265 0.092460 0.995322 -0.015180 -4.110010 -0.901518 0.077262 -0.425139 -36.732173
-0.425371 0.053509 0.903128 261.446289 0.093223 0.995251 -0.015060 -4.166976 -0.899896 0.077807 -0.428458 -37.747860
-0.428461 0.054317 0.901620 263.607817 0.094051 0.995172 -0.015259 -4.224194 -0.898344 0.078281 -0.431620 -38.773146
-0.431570 0.055651 0.900051 265.751553 0.095523 0.995022 -0.015720 -4.281941 -0.896696 0.079213 -0.434859 -39.803854
-0.434564 0.057786 0.898473 267.913207 0.097825 0.994781 -0.016666 -4.341335 -0.894998 0.080673 -0.438072 -40.850384
-0.437020 0.058844 0.897213 270.032355 0.099301 0.994632 -0.016865 -4.400135 -0.893639 0.081746 -0.440641 -41.885395
-0.439527 0.061188 0.895825 272.166234 0.101292 0.994402 -0.018224 -4.459314 -0.892179 0.082753 -0.443391 -42.934041
-0.441853 0.063978 0.894475 274.300858 0.103301 0.994152 -0.020079 -4.519093 -0.890789 0.083552 -0.446009 -43.989393
-0.444496 0.064854 0.893103 276.440594 0.104547 0.994021 -0.020149 -4.579996 -0.889329 0.084439 -0.448750 -45.057348
-0.447469 0.066160 0.891520 278.594531 0.105006 0.993952 -0.021057 -4.640181 -0.887781 0.084217 -0.451843 -46.139345
-0.450709 0.066213 0.889877 280.792898 0.104244 0.994025 -0.021165 -4.704024 -0.886225 0.083249 -0.455055 -47.246406
-0.453899 0.067698 0.888143 282.975645 0.105392 0.993888 -0.021897 -4.767963 -0.884460 0.083689 -0.458397 -48.360530
-0.456862 0.068299 0.886576 285.138249 0.104835 0.993933 -0.022548 -4.833974 -0.882999 0.082667 -0.461389 -49.472200
-0.459482 0.068306 0.885220 287.285779 0.103389 0.994071 -0.023041 -4.902656 -0.881808 0.080959 -0.463961 -50.581655
-0.461724 0.069105 0.883987 289.443557 0.105151 0.993889 -0.022775 -4.971192 -0.880424 0.082461 -0.466312 -51.713058
-0.463558 0.069359 0.883007 291.633647 0.106915 0.993720 -0.021929 -5.039936 -0.879247 0.084266 -0.468206 -52.868072
-0.465281 0.069777 0.882066 293.817657 0.108194 0.993589 -0.021529 -5.105949 -0.878179 0.085442 -0.469992 -54.026395
-0.467184 0.069671 0.881072 295.949920 0.108211 0.993598 -0.021192 -5.173639 -0.877169 0.085466 -0.471876 -55.153243
-0.469220 0.069224 0.880024 298.157632 0.108046 0.993629 -0.020552 -5.236728 -0.876102 0.085465 -0.473855 -56.335539
-0.471289 0.069604 0.878871 300.379954 0.109555 0.993462 -0.019932 -5.299402 -0.874786 0.086918 -0.475985 -57.534740
-0.473169 0.069750 0.877850 302.553376 0.110062 0.993413 -0.019609 -5.361246 -0.873708 0.087367 -0.477882 -58.714166
-0.474855 0.070834 0.876850 304.762914 0.109699 0.993426 -0.020845 -5.423771 -0.872836 0.086318 -0.479657 -59.918811
-0.476731 0.073548 0.875607 307.015011 0.109483 0.993382 -0.023832 -5.492886 -0.871839 0.084529 -0.481782 -61.150744
-0.479671 0.073134 0.874025 309.213166 0.108164 0.993520 -0.023772 -5.565147 -0.870380 0.083162 -0.484633 -62.363853
-0.483647 0.071639 0.871951 311.410845 0.106305 0.993742 -0.022681 -5.636109 -0.868402 0.081749 -0.488398 -63.586694
-0.488136 0.069669 0.869609 313.645751 0.104490 0.993974 -0.020980 -5.703860 -0.866112 0.080650 -0.492637 -64.840553
-0.492643 0.068460 0.867161 315.929904 0.103524 0.994102 -0.019669 -5.771940 -0.863673 0.080108 -0.496989 -66.127354
-0.496663 0.069038 0.864817 318.221018 0.104373 0.994017 -0.019412 -5.835050 -0.861263 0.080648 -0.501064 -67.433905
-0.500432 0.070545 0.862512 320.522211 0.106969 0.993738 -0.019215 -5.900060 -0.858752 0.082673 -0.505016 -68.761660
-0.503895 0.071772 0.860391 322.806613 0.108405 0.993577 -0.019395 -5.965004 -0.856544 0.083524 -0.508612 -70.099053
-0.507139 0.071972 0.858465 325.074348 0.109363 0.993484 -0.018686 -6.031853 -0.854503 0.084436 -0.511880 -71.442698
-0.510840 0.070838 0.856350 327.323922 0.109711 0.993469 -0.016735 -6.099035 -0.852238 0.085431 -0.515457 -72.783288
-0.514696 0.069288 0.854167 329.593358 0.108460 0.993632 -0.015248 -6.166166 -0.850078 0.084823 -0.519115 -74.145975
-0.518151 0.069430 0.852063 331.845257 0.108186 0.993662 -0.015180 -6.231808 -0.848010 0.084344 -0.522562 -75.514466
-0.522136 0.069476 0.849636 334.089234 0.108466 0.993654 -0.014597 -6.294767 -0.845539 0.084563 -0.526537 -76.882944
-0.526042 0.069902 0.847194 336.339281 0.109851 0.993519 -0.013767 -6.356021 -0.842942 0.085850 -0.530488 -78.268067
-0.530126 0.069384 0.844674 338.620725 0.110271 0.993478 -0.012401 -6.414070 -0.840311 0.086597 -0.534504 -79.686511
-0.533625 0.068730 0.842516 340.860824 0.109025 0.993616 -0.012004 -6.470558 -0.838251 0.085478 -0.537899 -81.093793
-0.536893 0.067969 0.840499 343.111044 0.108715 0.993663 -0.010911 -6.524339 -0.836202 0.085545 -0.541069 -82.516840
-0.539469 0.067503 0.838894 345.338627 0.109048 0.993644 -0.009830 -6.575948 -0.834506 0.086205 -0.543588 -83.943056
-0.542145 0.066956 0.837212 347.573789 0.106561 0.993909 -0.010484 -6.626917 -0.833094 0.083557 -0.546164 -85.379433
-0.544707 0.066399 0.835615 349.784017 0.102964 0.994291 -0.011889 -6.676736 -0.831897 0.079587 -0.548611 -86.813477
-0.547579 0.066213 0.833753 352.001688 0.099918 0.994585 -0.013364 -6.730304 -0.830384 0.076013 -0.551407 -88.256843
-0.549681 0.063851 0.832553 354.187581 0.097802 0.994816 -0.011724 -6.786642 -0.829246 0.075004 -0.553253 -89.702439
-0.552773 0.063301 0.830538 356.452186 0.098450 0.994761 -0.010294 -6.840151 -0.827104 0.076100 -0.556292 -91.194140
-0.555158 0.063883 0.828912 358.690215 0.098184 0.994790 -0.010910 -6.892277 -0.825548 0.075352 -0.558716 -92.685588
-0.557712 0.063024 0.827262 360.923583 0.096243 0.994979 -0.010918 -6.947161 -0.824053 0.073551 -0.561157 -94.181940
-0.560325 0.059668 0.825737 363.120698 0.094129 0.995204 -0.008041 -7.000722 -0.822517 0.073242 -0.563437 -95.662331
-0.563198 0.057536 0.823930 365.333033 0.091687 0.995439 -0.006840 -7.044576 -0.820828 0.071713 -0.566088 -97.158964
-0.565633 0.056983 0.822299 367.569017 0.090506 0.995548 -0.006733 -7.085277 -0.819283 0.070637 -0.568457 -98.690780
-0.567488 0.057377 0.820984 369.795639 0.090201 0.995566 -0.007229 -7.129805 -0.818024 0.069973 -0.570337 -100.224661
-0.569466 0.057034 0.819638 371.982020 0.090240 0.995567 -0.006580 -7.177013 -0.816645 0.070240 -0.572278 -101.739678
-0.571536 0.056501 0.818236 374.180519 0.089918 0.995602 -0.005942 -7.224846 -0.815236 0.070200 -0.574293 -103.272418
-0.573693 0.055476 0.816792 376.382628 0.087077 0.995849 -0.006477 -7.272564 -0.814026 0.067429 -0.576333 -104.813951
-0.566621 0.068173 0.820766 376.212486 0.091156 0.995316 -0.019742 -7.354666 -0.818528 0.063651 -0.570367 -104.553517
-0.534242 0.083222 0.840843 375.269936 0.093598 0.994528 -0.038964 -7.333391 -0.839749 0.057904 -0.539279 -104.386944
-0.521852 0.098647 0.846926 375.193177 0.106109 0.992767 -0.050250 -7.334641 -0.846023 0.063665 -0.528710 -104.537373
-0.519121 0.105789 0.847739 375.729853 0.119685 0.991217 -0.050400 -7.407495 -0.845888 0.075324 -0.527387 -104.878801
-0.510388 0.098964 0.853840 375.793110 0.118341 0.991674 -0.044197 -7.366901 -0.851369 0.078515 -0.518011 -105.113940
-0.468759 0.110423 0.876012 376.295697 0.122979 0.990340 -0.059022 -7.291714 -0.874336 0.080093 -0.477958 -105.851265
-0.500707 0.091831 0.860333 376.550943 0.114717 0.992313 -0.039150 -7.405099 -0.857579 0.079122 -0.507551 -105.669147
-0.519747 0.087552 0.849409 376.816658 0.113684 0.992659 -0.032749 -7.443243 -0.846306 0.079574 -0.526050 -105.669981
-0.452397 0.128906 0.882049 376.218699 0.134346 0.987736 -0.075437 -7.201507 -0.881235 0.084405 -0.464314 -106.095489
-0.451232 0.135961 0.881579 377.390466 0.139645 0.986581 -0.080669 -7.310427 -0.881001 0.086742 -0.464314 -106.775598
-0.404376 0.164283 0.899314 376.032823 0.157290 0.981240 -0.108514 -7.100159 -0.900560 0.097610 -0.422769 -106.578486
-0.403227 0.169470 0.898862 375.859251 0.158432 0.980457 -0.113772 -7.002761 -0.900871 0.096571 -0.422335 -106.679601
-0.410698 0.165958 0.896125 375.935953 0.160108 0.980806 -0.108252 -7.053282 -0.897187 0.099058 -0.429529 -106.704526
-0.405925 0.168179 0.897876 376.125838 0.159152 0.980570 -0.111705 -7.054543 -0.899520 0.097595 -0.424946 -106.879633
-0.390184 0.178114 0.902914 376.177689 0.163235 0.978602 -0.122493 -7.022029 -0.905721 0.099634 -0.411051 -107.088339
-0.387107 0.179284 0.904007 376.155806 0.163967 0.978316 -0.123797 -7.006184 -0.906908 0.100347 -0.408249 -107.221388
-0.380092 0.181602 0.906517 377.392433 0.164172 0.977868 -0.127048 -7.171432 -0.909834 0.100577 -0.401630 -107.887176
-0.349679 0.198216 0.915232 377.180111 0.177245 0.973363 -0.143071 -7.097010 -0.919521 0.112239 -0.375624 -108.127021
-0.375728 0.181260 0.908397 376.195931 0.168212 0.977389 -0.125436 -6.970072 -0.910900 0.105719 -0.397858 -107.611727
-0.372397 0.180893 0.909829 376.219368 0.169532 0.977219 -0.124886 -6.945280 -0.912011 0.107785 -0.394720 -107.752336
-0.371593 0.182814 0.909764 378.593780 0.169358 0.976953 -0.127126 -7.288130 -0.912363 0.106884 -0.394132 -108.831674
-0.368778 0.186295 0.910201 378.584808 0.166042 0.976787 -0.132634 -7.254049 -0.914110 0.102266 -0.391292 -108.978773
-0.364355 0.189331 0.911349 378.582169 0.163608 0.976526 -0.137447 -7.221321 -0.916314 0.099070 -0.386921 -109.136875
-0.346006 0.210458 0.913861 378.640186 0.162943 0.972808 -0.162326 -7.078112 -0.923514 0.092785 -0.371028 -109.347681
-0.320944 0.229535 0.918401 378.288772 0.172164 0.967781 -0.181698 -6.965240 -0.930861 0.099847 -0.350252 -109.501148
-0.320336 0.239405 0.916088 379.476195 0.167253 0.966249 -0.194014 -7.111267 -0.931963 0.091112 -0.349697 -110.013784
-0.320932 0.239199 0.915929 381.913382 0.166384 0.966386 -0.194062 -7.657595 -0.931909 0.090158 -0.350076 -110.939673
-0.315666 0.237588 0.918174 382.052953 0.164441 0.966805 -0.193623 -7.696330 -0.934049 0.089908 -0.344388 -111.118727
-0.314080 0.235029 0.919374 384.490332 0.166378 0.967116 -0.190381 -8.235204 -0.934239 0.093214 -0.342987 -112.036036
-0.311041 0.231515 0.921292 386.937305 0.170246 0.967367 -0.185602 -8.764843 -0.934554 0.099164 -0.340437 -112.955329
-0.307793 0.228922 0.923021 389.407024 0.173145 0.967491 -0.182199 -9.285392 -0.935088 0.103787 -0.337557 -113.870421
-0.306726 0.228893 0.923385 391.844557 0.166877 0.968150 -0.184543 -9.799793 -0.936579 0.097535 -0.335285 -114.750495
-0.306665 0.231664 0.922714 394.281335 0.159401 0.968329 -0.190125 -10.323820 -0.937900 0.088821 -0.334011 -115.624607
-0.304476 0.231631 0.923445 396.736919 0.153896 0.968797 -0.192251 -10.863098 -0.939530 0.083621 -0.330752 -116.512337
-0.300640 0.232493 0.924479 399.180419 0.151310 0.968769 -0.194411 -11.404292 -0.941180 0.081476 -0.326559 -117.385649
-0.295852 0.232569 0.925997 401.653033 0.152129 0.968586 -0.194648 -11.951235 -0.942558 0.083327 -0.322069 -118.257036
-0.290988 0.232309 0.927601 404.110488 0.151401 0.968615 -0.195072 -12.494420 -0.944188 0.083719 -0.317155 -119.114773
-0.287609 0.234737 0.928044 406.562475 0.148136 0.968320 -0.199002 -13.040988 -0.945739 0.080284 -0.313397 -119.951836
-0.286570 0.232378 0.928956 409.041558 0.140536 0.969423 -0.199133 -13.601186 -0.947211 0.073525 -0.310592 -120.777399
-0.286992 0.229168 0.929621 411.508917 0.131676 0.970764 -0.198647 -14.161670 -0.948354 0.065435 -0.308904 -121.582286
-0.287339 0.228803 0.929607 413.974045 0.124487 0.971317 -0.200577 -14.719364 -0.949222 0.058123 -0.307705 -122.385272
-0.286149 0.229066 0.929902 416.431235 0.122340 0.971368 -0.201620 -15.280318 -0.949852 0.056103 -0.306107 -123.186143
-0.281925 0.227855 0.931482 417.331033 0.121526 0.971619 -0.200877 -15.490597 -0.951212 0.056600 -0.301740 -123.468343
-0.277105 0.226115 0.933357 418.516242 0.121236 0.971956 -0.199458 -15.758000 -0.952672 0.057919 -0.296869 -123.868922
-0.269761 0.224301 0.935948 418.920243 0.116289 0.972548 -0.199540 -15.840331 -0.955398 0.055044 -0.288555 -124.061610
-0.268453 0.225058 0.936136 421.413884 0.113562 0.972518 -0.201223 -16.405534 -0.956088 0.052322 -0.286751 -124.817550
-0.266687 0.226915 0.936193 423.890641 0.111949 0.972183 -0.203733 -16.969458 -0.956773 0.050503 -0.284788 -125.572420
-0.264168 0.228467 0.936523 426.386001 0.112195 0.971795 -0.205410 -17.543397 -0.957436 0.050841 -0.282468 -126.328010
-0.261258 0.228257 0.937384 428.876689 0.113626 0.971722 -0.204935 -18.118985 -0.958059 0.053002 -0.279924 -127.076171
-0.258720 0.227344 0.938311 431.393320 0.114485 0.971844 -0.203887 -18.698297 -0.958648 0.054706 -0.277580 -127.825585
-0.252792 0.227011 0.939990 432.221808 0.111559 0.971993 -0.204723 -18.890811 -0.960557 0.053145 -0.271155 -128.087913
-0.250970 0.226499 0.940600 434.688188 0.110234 0.972156 -0.204669 -19.457966 -0.961186 0.052353 -0.269067 -128.791216
-0.236966 0.226683 0.944182 433.821007 0.106165 0.972170 -0.206742 -19.241830 -0.965191 0.051280 -0.254548 -128.642430
-0.235057 0.226018 0.944820 435.907053 0.105064 0.972352 -0.206452 -19.722941 -0.965781 0.050770 -0.252414 -129.195764
-0.229078 0.227768 0.945849 436.792430 0.102439 0.972016 -0.209245 -19.920442 -0.967480 0.048989 -0.246111 -129.455158
-0.223545 0.229718 0.946688 438.213111 0.101200 0.971570 -0.211845 -20.246482 -0.968891 0.048480 -0.240548 -129.863306
-0.204358 0.234096 0.949933 438.287204 0.098528 0.970482 -0.217949 -20.220023 -0.973380 0.049088 -0.221495 -130.046304
-0.201511 0.233084 0.950798 439.636077 0.096486 0.970798 -0.217520 -20.547371 -0.974188 0.047938 -0.218216 -130.352319
-0.196024 0.231646 0.952308 438.727026 0.089465 0.971408 -0.217858 -20.341602 -0.975988 0.042522 -0.211237 -130.053125
-0.158666 0.261115 0.951645 438.670107 0.111041 0.962535 -0.245570 -20.287266 -0.980555 0.066748 -0.181795 -130.325989
-0.137252 0.271030 0.952205 438.643778 0.110712 0.959555 -0.257141 -20.238415 -0.983823 0.070169 -0.161776 -130.460482
-0.132840 0.271886 0.952586 439.630033 0.109249 0.959342 -0.258557 -20.512980 -0.984590 0.069764 -0.157209 -130.646847
-0.119394 0.275322 0.953379 439.557907 0.106863 0.958309 -0.263340 -20.446381 -0.986572 0.070482 -0.143899 -130.759252
-0.089490 0.301342 0.948770 439.581147 0.107351 0.950035 -0.291595 -20.313015 -0.989677 0.075801 -0.117418 -130.911623
-0.074696 0.311655 0.946715 439.395679 0.119870 0.945359 -0.301728 -20.298196 -0.989466 0.090997 -0.108018 -130.928817
-0.073730 0.312142 0.946621 441.915134 0.118655 0.945278 -0.302435 -21.130739 -0.989677 0.090074 -0.106779 -131.217036
-0.036190 0.330153 0.942662 440.555092 0.122795 0.937666 -0.323666 -20.610319 -0.991235 0.104101 -0.074509 -131.285283
-0.032633 0.330558 0.942657 442.099793 0.121948 0.937487 -0.324506 -21.157885 -0.991471 0.104425 -0.070936 -131.414964
-0.021378 0.331226 0.942751 442.330326 0.117097 0.937357 -0.326663 -21.224040 -0.992368 0.103467 -0.058851 -131.517944
-0.016178 0.332124 0.942528 443.576876 0.114053 0.937164 -0.328263 -21.673343 -0.992811 0.102245 -0.053065 -131.610509
0.020097 0.362278 0.931263 443.682855 0.128300 0.922864 -0.361766 -21.630730 -0.990986 0.126822 -0.027945 -131.753296
0.039293 0.368659 0.928126 442.705932 0.120086 0.920417 -0.370668 -21.223049 -0.991424 0.126092 -0.008107 -131.823896
0.051775 0.373818 0.925433 443.291232 0.116781 0.918100 -0.377377 -21.391520 -0.991231 0.127687 0.003883 -131.919473
0.053006 0.372649 0.925829 445.736465 0.115968 0.918611 -0.376370 -22.419938 -0.991257 0.127392 0.005481 -131.905891
0.071165 0.377627 0.922593 445.314269 0.109212 0.916477 -0.383534 -22.183144 -0.990890 0.128128 0.023994 -132.050021
0.073339 0.378171 0.922185 447.166082 0.109112 0.916129 -0.384354 -22.976782 -0.990728 0.128887 0.025941 -132.001730
0.074658 0.377758 0.922234 449.600205 0.109050 0.916223 -0.384112 -24.021912 -0.990623 0.129326 0.027226 -131.929315
0.081537 0.378002 0.921545 450.636966 0.104451 0.916342 -0.385096 -24.458082 -0.990572 0.127735 0.035254 -131.935105
0.125404 0.411133 0.902227 450.988593 0.112133 0.897755 -0.424668 -24.503170 -0.985130 0.154520 0.066519 -132.071034
0.128708 0.410246 0.902160 449.566412 0.111246 0.898061 -0.424241 -23.852940 -0.984800 0.155061 0.069990 -132.221577
0.136685 0.416458 0.898125 450.719392 0.104066 0.895632 -0.431128 -24.304836 -0.984505 0.152488 0.079127 -132.185558
0.137698 0.415178 0.898570 452.837009 0.102885 0.896361 -0.429911 -25.351600 -0.984496 0.151741 0.080759 -131.990681
0.183732 0.444401 0.876085 452.242049 0.091087 0.879784 -0.465367 -24.831381 -0.978128 0.165403 0.121234 -132.291473
0.191380 0.447395 0.872917 453.050433 0.084949 0.878530 -0.468883 -25.254257 -0.977214 0.163988 0.130201 -132.232491
0.232143 0.476388 0.847310 453.185862 0.082009 0.858484 -0.505129 -25.155050 -0.968591 0.186862 0.160314 -132.410480
0.224306 0.489025 0.842200 452.697959 0.075301 0.853002 -0.515344 -24.817277 -0.970976 0.179121 0.154599 -132.402996
0.240456 0.493472 0.835118 453.213608 0.072520 0.848886 -0.522484 -25.037654 -0.967314 0.186309 0.168431 -132.430893
0.243097 0.492423 0.834971 453.265869 0.071413 0.849433 -0.521741 -25.066055 -0.966733 0.186574 0.171429 -132.464934
0.243584 0.491979 0.835087 453.199633 0.069044 0.850101 -0.520964 -25.022688 -0.966780 0.184668 0.173204 -132.497307
0.262772 0.502899 0.822667 453.275195 0.078950 0.838629 -0.537871 -25.078050 -0.960980 0.206411 0.180770 -132.532277
0.237647 0.491919 0.836821 453.557610 0.077430 0.849226 -0.521198 -25.276325 -0.967620 0.188770 0.163824 -132.390544
0.235795 0.491180 0.837775 452.505371 0.074743 0.850421 -0.519632 -24.679107 -0.968282 0.185257 0.163911 -132.556002
0.237042 0.490227 0.837979 454.725545 0.074373 0.850932 -0.518843 -26.090717 -0.968003 0.185423 0.165346 -132.113929
0.263112 0.514564 0.815299 454.270155 0.048048 0.837106 -0.543834 -25.582858 -0.962917 0.182374 0.195647 -132.282426
0.263973 0.514942 0.814809 456.435239 0.047281 0.836918 -0.544233 -27.065284 -0.962743 0.182295 0.196691 -131.755617
0.271642 0.516979 0.810995 457.295474 0.039240 0.836104 -0.546128 -27.635683 -0.960974 0.180280 0.206954 -131.568056
0.319855 0.537276 0.779606 457.471115 0.032696 0.816177 -0.575886 -27.568146 -0.946265 0.209814 0.243631 -131.822147
0.333306 0.546070 0.767765 457.261112 0.022884 0.809507 -0.585682 -27.342915 -0.941898 0.212908 0.257465 -131.943461
0.321098 0.541229 0.776348 457.553251 0.030727 0.813471 -0.579803 -27.602002 -0.945906 0.210155 0.244713 -131.817962
0.322058 0.542334 0.775189 459.605553 0.029509 0.812766 -0.580870 -29.178147 -0.945628 0.210073 0.245893 -131.159118
0.332346 0.543727 0.769852 460.289864 0.023145 0.811401 -0.583057 -29.660705 -0.942239 0.211719 0.257228 -131.040806
0.341189 0.544685 0.765285 461.262917 0.017153 0.810498 -0.584508 -30.393827 -0.939197 0.212680 0.267345 -130.779771
0.349113 0.544979 0.761492 462.167009 0.010354 0.810439 -0.584749 -31.081800 -0.936379 0.212153 0.277452 -130.513233
0.377128 0.559989 0.736844 462.896887 -0.006678 0.797341 -0.602540 -31.442849 -0.925484 0.222446 0.304616 -130.465333
0.378280 0.560734 0.735679 464.823530 -0.007543 0.796705 -0.603361 -33.062572 -0.925001 0.222823 0.305786 -129.655444
0.379067 0.561324 0.734808 466.738881 -0.009307 0.796473 -0.603622 -34.676344 -0.924651 0.222109 0.307325 -128.847533
0.379898 0.561786 0.734041 468.653706 -0.010664 0.796271 -0.603887 -36.292204 -0.924307 0.221720 0.308674 -128.033566
0.380845 0.561784 0.733551 470.592669 -0.012516 0.796528 -0.603510 -37.928054 -0.923894 0.220795 0.310567 -127.208347
0.381616 0.562123 0.732889 472.531085 -0.014187 0.796495 -0.603516 -39.565009 -0.923551 0.220045 0.312114 -126.375159
0.381880 0.562595 0.732383 474.458046 -0.016368 0.796566 -0.603359 -41.192949 -0.923401 0.218555 0.313587 -125.542689
0.381792 0.563569 0.731676 476.376895 -0.018677 0.796321 -0.603610 -42.817405 -0.923390 0.216919 0.314742 -124.703920
0.381832 0.564968 0.730573 478.296978 -0.019867 0.795435 -0.604738 -44.446105 -0.923348 0.216525 0.315135 -123.863774
0.382300 0.565371 0.730002 479.501191 -0.021791 0.795446 -0.604638 -45.478895 -0.923100 0.215378 0.316611 -123.298439
0.382804 0.564167 0.730655 481.406401 -0.022071 0.796397 -0.603359 -47.094438 -0.922873 0.214977 0.317512 -122.457420
0.382445 0.564127 0.730881 483.312309 -0.023495 0.796834 -0.602735 -48.708770 -0.922993 0.213473 0.318195 -121.613126
0.382336 0.565568 0.729817 485.223236 -0.024514 0.795894 -0.603927 -50.326566 -0.923007 0.213145 0.318360 -120.766670
0.389881 0.568376 0.723614 486.324609 -0.032272 0.793893 -0.606187 -51.230485 -0.919604 0.213121 0.328070 -120.345360
0.390718 0.569402 0.722340 488.209466 -0.032689 0.792952 -0.607378 -52.851033 -0.919222 0.213837 0.328641 -119.476427
0.418008 0.583625 0.695198 487.704612 -0.058228 0.781076 -0.620705 -52.180149 -0.905853 0.219120 0.360709 -119.977793
0.418759 0.582802 0.695435 489.532616 -0.058796 0.781784 -0.619758 -53.851265 -0.905468 0.218780 0.361876 -119.018732
0.419599 0.582038 0.695568 491.351065 -0.059142 0.782368 -0.618988 -55.511235 -0.905057 0.218729 0.362935 -118.058332
0.420431 0.581809 0.695253 493.189300 -0.060030 0.782602 -0.618600 -57.187044 -0.904608 0.218483 0.364189 -117.086548
0.421238 0.582572 0.694133 495.033405 -0.061244 0.782050 -0.619189 -58.869335 -0.904159 0.218453 0.365340 -116.109636
0.422062 0.583331 0.692995 496.863212 -0.062451 0.781485 -0.619782 -60.541644 -0.903693 0.218447 0.366497 -115.135366
0.422970 0.583106 0.692633 498.673026 -0.063133 0.781658 -0.619497 -62.201728 -0.903222 0.218440 0.367664 -114.163939
0.423747 0.582821 0.692392 500.473996 -0.063925 0.781931 -0.619065 -63.855993 -0.902797 0.218205 0.368833 -113.192382
0.424158 0.583040 0.691952 502.289683 -0.065466 0.782014 -0.618795 -65.521193 -0.902491 0.217307 0.370104 -112.213151
0.424773 0.583388 0.691278 504.089191 -0.066802 0.781887 -0.618808 -67.174562 -0.902101 0.216813 0.371335 -111.235867
