1.000000 0.000000 0.000000 0.000000 0.000000 1.000000 0.000000 0.000000 0.000000 0.000000 1.000000 0.000000
0.999995 -0.002289 -0.001460 -0.006085 0.002293 0.999992 0.002911 -0.019191 0.001454 -0.002915 0.999993 1.532435
0.999984 -0.002702 -0.003056 -0.017888 0.002713 0.999982 0.003641 -0.036470 0.003046 -0.003649 0.999980 3.051957
0.999981 -0.001455 -0.004729 -0.034493 0.001471 0.999987 0.003410 -0.053002 0.004724 -0.003417 0.999976 4.563069
0.999970 -0.000954 -0.006470 -0.052498 0.000974 0.999987 0.003188 -0.068448 0.006467 -0.003194 0.999966 6.070449
0.999957 -0.001065 -0.008030 -0.071850 0.001093 0.999984 0.003436 -0.084822 0.008026 -0.003445 0.999952 7.580082
0.999949 -0.001190 -0.010010 -0.092834 0.001228 0.999992 0.003793 -0.101195 0.010005 -0.003806 0.999942 9.084709
0.999916 -0.003074 -0.011982 -0.114149 0.003109 0.999983 0.002944 -0.117138 0.011973 -0.002981 0.999916 10.585050
0.999888 -0.004236 -0.013656 -0.138811 0.004280 0.999976 0.003207 -0.133223 0.013642 -0.003265 0.999891 12.081851
0.999868 -0.003966 -0.015189 -0.167387 0.004013 0.999978 0.003095 -0.148767 0.015176 -0.003156 0.999871 13.582106
0.999846 -0.003436 -0.016450 -0.198677 0.003487 0.999976 0.003076 -0.164990 0.016439 -0.003133 0.999847 15.083593
0.999831 -0.001936 -0.017348 -0.232727 0.001997 0.999975 0.003519 -0.179773 0.017341 -0.003553 0.999828 16.564998
0.999819 -0.000553 -0.018149 -0.268589 0.000630 0.999975 0.004208 -0.194958 0.018146 -0.004218 0.999812 18.045247
0.999805 0.000414 -0.018972 -0.305053 -0.000317 0.999972 0.005086 -0.210445 0.018973 -0.005079 0.999793 19.512768
0.999779 0.000330 -0.019743 -0.340755 -0.000231 0.999961 0.005018 -0.224417 0.019744 -0.005012 0.999769 20.975616
0.999756 0.001051 -0.020602 -0.376716 -0.000946 0.999954 0.005102 -0.237185 0.020607 -0.005082 0.999745 22.434432
0.999737 0.001801 -0.020918 -0.414455 -0.001684 0.999939 0.005649 -0.250574 0.020927 -0.005612 0.999725 23.890710
0.999731 0.002821 -0.020975 -0.454051 -0.002677 0.999927 0.006898 -0.262564 0.020994 -0.006841 0.999714 25.340968
0.999726 0.003025 -0.021206 -0.492654 -0.002907 0.999935 0.005580 -0.275227 0.021223 -0.005517 0.999718 26.785667
0.999721 0.003389 -0.021308 -0.531089 -0.003314 0.999942 0.003564 -0.288503 0.021319 -0.003493 0.999724 28.238571
0.999729 0.001508 -0.021175 -0.568015 -0.001439 0.999948 0.003289 -0.302416 0.021180 -0.003258 0.999727 29.670904
0.999728 0.000653 -0.021194 -0.602616 -0.000527 0.999936 0.005969 -0.316397 0.021197 -0.005956 0.999714 31.094833
0.999726 -0.000959 -0.021246 -0.636073 0.001111 0.999927 0.007159 -0.329903 0.021239 -0.007181 0.999704 32.510849
0.999723 -0.001703 -0.021250 -0.671652 0.001841 0.999928 0.006481 -0.341729 0.021238 -0.006518 0.999707 33.912864
0.999723 -0.001626 -0.021078 -0.707040 0.001724 0.999935 0.004614 -0.355222 0.021070 -0.004649 0.999717 35.299675
0.999732 -0.000751 -0.020651 -0.745403 0.000830 0.999939 0.003852 -0.369956 0.020648 -0.003869 0.999729 36.681503
0.999746 -0.000072 -0.019981 -0.781396 0.000128 0.999943 0.002797 -0.386215 0.019981 -0.002799 0.999746 38.039178
0.999766 0.000523 -0.018950 -0.815754 -0.000451 0.999939 0.003829 -0.403435 0.018952 -0.003820 0.999762 39.382863
0.999789 0.001014 -0.017625 -0.847386 -0.000909 0.999928 0.005914 -0.420808 0.017631 -0.005897 0.999776 40.720383
0.999816 0.000459 -0.016251 -0.875199 -0.000346 0.999925 0.006930 -0.436211 0.016253 -0.006923 0.999796 42.028328
0.999847 0.000949 -0.014263 -0.900678 -0.000842 0.999922 0.007511 -0.449621 0.014270 -0.007498 0.999823 43.320314
0.999890 0.000663 -0.010986 -0.924175 -0.000587 0.999927 0.006933 -0.463374 0.010990 -0.006926 0.999870 44.598338
0.999918 -0.000061 -0.007620 -0.939336 0.000100 0.999934 0.005090 -0.476465 0.007620 -0.005090 0.999908 45.849473
0.999938 -0.000113 -0.004449 -0.951923 0.000128 0.999943 0.003278 -0.490206 0.004449 -0.003278 0.999936 47.084885
0.999959 0.000129 -0.000492 -0.957670 -0.000127 0.999951 0.003922 -0.505965 0.000493 -0.003922 0.999955 48.314099
0.999947 0.000507 0.004580 -0.959461 -0.000525 0.999950 0.003755 -0.521606 -0.004578 -0.003757 0.999944 49.527773
0.999896 0.002170 0.010827 -0.956079 -0.002200 0.999951 0.002807 -0.536450 -0.010821 -0.002831 0.999899 50.730228
0.999786 0.003558 0.018101 -0.943751 -0.003610 0.999945 0.002855 -0.551642 -0.018091 -0.002920 0.999792 51.927129
0.999612 0.004653 0.026268 -0.921490 -0.004756 0.999949 0.003858 -0.566532 -0.026250 -0.003982 0.999619 53.110352
0.999282 0.006964 0.036366 -0.889211 -0.007132 0.999932 0.004475 -0.580999 -0.036333 -0.004731 0.999300 54.281218
0.998712 0.009250 0.049210 -0.844239 -0.009479 0.999912 0.004429 -0.595486 -0.049166 -0.004890 0.998749 55.443723
0.997858 0.011353 0.063890 -0.784083 -0.011688 0.999885 0.004873 -0.608490 -0.063830 -0.005610 0.997915 56.582484
0.996676 0.013651 0.079911 -0.705859 -0.014188 0.999847 0.006155 -0.620952 -0.079817 -0.007268 0.996754 57.714625
0.995108 0.013721 0.097523 -0.606213 -0.014462 0.999840 0.006891 -0.632676 -0.097417 -0.008268 0.995183 58.848116
0.993082 0.013293 0.116391 -0.485164 -0.014076 0.999850 0.005910 -0.643275 -0.116300 -0.007508 0.993157 59.950678
0.990527 0.012401 0.136515 -0.344454 -0.013208 0.999866 0.005005 -0.652992 -0.136440 -0.006760 0.990595 61.039076
0.987460 0.009614 0.157344 -0.178813 -0.010485 0.999896 0.004712 -0.662553 -0.157289 -0.006303 0.987500 62.120013
0.983777 0.004571 0.179134 0.010728 -0.005867 0.999923 0.006709 -0.672314 -0.179097 -0.007651 0.983769 63.169948
0.979340 -0.000847 0.202039 0.229184 -0.000818 0.999929 0.008157 -0.682621 -0.202040 -0.008154 0.979310 64.218924
0.974141 -0.005940 0.225698 0.474236 0.004337 0.999923 0.007597 -0.692256 -0.225736 -0.006422 0.974134 65.260574
0.967970 -0.011968 0.250615 0.739154 0.010883 0.999881 0.005714 -0.700192 -0.250665 -0.002804 0.968031 66.263263
0.960775 -0.015530 0.276740 1.026039 0.014332 0.999834 0.006350 -0.707816 -0.276806 -0.002135 0.960884 67.247654
0.952473 -0.018085 0.303947 1.334904 0.016213 0.999787 0.008683 -0.716166 -0.304054 -0.003343 0.952609 68.218825
0.943114 -0.022479 0.331621 1.669623 0.019786 0.999706 0.011494 -0.722343 -0.331795 -0.004279 0.943315 69.161308
0.932518 -0.025548 0.360139 2.030796 0.023102 0.999639 0.011095 -0.728674 -0.360306 -0.002026 0.932804 70.086631
0.920760 -0.024928 0.389259 2.413617 0.023997 0.999653 0.007254 -0.735026 -0.389320 0.002662 0.921071 70.995461
0.908028 -0.026033 0.418033 2.823083 0.027845 0.999580 0.001767 -0.739870 -0.417918 0.010036 0.908402 71.875526
0.894194 -0.027930 0.446745 3.259728 0.031557 0.999471 -0.000679 -0.747750 -0.446505 0.014706 0.894632 72.732583
0.878855 -0.028447 0.476181 3.722225 0.030967 0.999486 0.002556 -0.756889 -0.476026 0.012500 0.879314 73.581281
0.861511 -0.027242 0.506944 4.207062 0.026768 0.999573 0.008225 -0.765748 -0.506972 0.006485 0.861905 74.413883
0.842229 -0.027367 0.538364 4.716323 0.024875 0.999584 0.011898 -0.775111 -0.538487 0.003371 0.842592 75.216467
0.821424 -0.021145 0.569869 5.246539 0.020899 0.999722 0.006970 -0.780712 -0.569880 0.006185 0.821669 75.993983
0.799845 -0.014312 0.599977 5.804427 0.018055 0.999799 -0.000220 -0.785041 -0.599879 0.011009 0.799975 76.744682
0.777781 -0.011971 0.628383 6.392549 0.017302 0.999819 -0.002369 -0.790694 -0.628261 0.012716 0.777871 77.469458
0.754866 -0.014401 0.655684 7.012888 0.018414 0.999801 0.000759 -0.801457 -0.655586 0.011501 0.755005 78.173749
0.730734 -0.014584 0.682458 7.644065 0.018674 0.999786 0.001370 -0.815499 -0.682361 0.011743 0.730880 78.844402
0.705689 -0.012540 0.708361 8.291305 0.019337 0.999772 -0.001565 -0.825417 -0.708212 0.014802 0.705800 79.485283
0.679759 -0.010085 0.733324 8.956687 0.019265 0.999769 -0.004109 -0.835043 -0.733143 0.016921 0.679823 80.101723
0.653064 -0.007643 0.757222 9.648280 0.017663 0.999793 -0.005141 -0.845792 -0.757057 0.016733 0.653090 80.697683
0.625359 -0.006152 0.780272 10.363784 0.017733 0.999785 -0.006329 -0.860161 -0.780098 0.017795 0.625359 81.269428
0.596906 0.000423 0.802272 11.098202 0.016404 0.999747 -0.012732 -0.876679 -0.802107 0.020762 0.596771 81.820050
0.567106 0.009774 0.823549 11.849671 0.015298 0.999595 -0.022398 -0.896470 -0.823468 0.025302 0.566749 82.342041
0.536505 0.018256 0.843663 12.625269 0.014293 0.999389 -0.030715 -0.920215 -0.843742 0.028538 0.535938 82.838664
0.504937 0.023206 0.862809 13.427927 0.011953 0.999317 -0.033873 -0.949823 -0.863041 0.027418 0.504334 83.314869
0.472621 0.022909 0.880931 14.250935 0.010065 0.999417 -0.031390 -0.983774 -0.881175 0.023703 0.472134 83.762975
0.439508 0.021826 0.897937 15.091882 0.005468 0.999582 -0.026973 -1.017450 -0.898189 0.016765 0.439224 84.184529
0.405401 0.023193 0.913806 15.952152 0.001446 0.999617 -0.026013 -1.051238 -0.914102 0.011868 0.405230 84.574790
0.370335 0.026390 0.928499 16.823143 -0.005632 0.999610 -0.026165 -1.081507 -0.928859 0.004461 0.370352 84.935833
0.334583 0.028534 0.941908 17.714116 -0.010513 0.999559 -0.026546 -1.111057 -0.942283 -0.001020 0.334748 85.263572
0.298788 0.028030 0.953880 18.626335 -0.013091 0.999560 -0.025272 -1.142394 -0.954204 -0.004937 0.299035 85.552589
0.262798 0.027739 0.964421 19.559045 -0.013768 0.999555 -0.024997 -1.172626 -0.964724 -0.006710 0.263074 85.806233
0.227192 0.027281 0.973436 20.506826 -0.013014 0.999564 -0.024976 -1.203951 -0.973733 -0.006995 0.227457 86.022554
0.192147 0.026048 0.980987 21.465998 -0.010772 0.999603 -0.024433 -1.232962 -0.981277 -0.005873 0.192360 86.203883
0.157917 0.025190 0.987099 22.427161 -0.002590 0.999641 -0.025096 -1.264459 -0.987419 0.001407 0.157932 86.342949
0.124506 0.028722 0.991766 23.396565 -0.000255 0.999537 -0.028915 -1.298039 -0.992184 0.003347 0.124462 86.454730
0.092071 0.033738 0.995141 24.370110 0.000607 0.999375 -0.033937 -1.333892 -0.995714 0.003729 0.091998 86.542827
0.063243 0.037666 0.997248 25.340991 0.007560 0.999193 -0.038219 -1.372088 -0.997933 0.009956 0.062911 86.593324
0.037915 0.035981 0.998598 26.325691 0.009452 0.999250 -0.036364 -1.411243 -0.999205 0.010818 0.037548 86.623769
0.015767 0.033005 0.999298 27.315852 0.011233 0.999344 -0.033184 -1.452891 -0.999783 0.011749 0.015387 86.637081
-0.002926 0.030560 0.999487 28.306738 0.011687 0.999415 -0.030523 -1.493009 -0.999889 0.011592 -0.003282 86.631071
-0.019249 0.033831 0.999200 29.302433 0.013382 0.999295 -0.033576 -1.532116 -0.999686 0.012726 -0.019689 86.607867
-0.033757 0.038163 0.998653 30.299826 0.016336 0.999100 -0.037628 -1.572925 -0.999251 0.015045 -0.034353 86.569008
-0.045469 0.043421 0.997983 31.292358 0.020825 0.998830 -0.042509 -1.617403 -0.998713 0.018851 -0.046322 86.516006
-0.054171 0.046890 0.997393 32.286848 0.026292 0.998570 -0.045517 -1.667239 -0.998150 0.023759 -0.055329 86.452707
-0.059885 0.052253 0.996800 33.287189 0.030212 0.998219 -0.050512 -1.721559 -0.997713 0.027092 -0.061360 86.388369
-0.063323 0.057014 0.996324 34.282836 0.032096 0.997917 -0.055065 -1.779658 -0.997440 0.028493 -0.065024 86.322597
-0.065964 0.061190 0.995905 35.285135 0.034265 0.997619 -0.059026 -1.841619 -0.997196 0.030233 -0.067908 86.252554
-0.068617 0.064131 0.995541 36.291246 0.034538 0.997435 -0.061873 -1.908618 -0.997006 0.030140 -0.070660 86.184354
-0.070870 0.067646 0.995148 37.296416 0.035583 0.997182 -0.065251 -1.979489 -0.996810 0.030788 -0.073082 86.111138
-0.072752 0.071469 0.994745 38.298350 0.036819 0.996889 -0.068931 -2.051689 -0.996629 0.031613 -0.075162 86.035714
-0.074809 0.072915 0.994486 39.311492 0.039393 0.996707 -0.070115 -2.126416 -0.996378 0.033932 -0.077439 85.956607
-0.076731 0.071719 0.994426 40.326893 0.039496 0.996791 -0.068842 -2.202862 -0.996227 0.033995 -0.079322 85.876874
-0.078962 0.071454 0.994273 41.342787 0.038912 0.996836 -0.068548 -2.280715 -0.996077 0.033279 -0.081497 85.798662
-0.081073 0.072939 0.993997 42.363098 0.038913 0.996740 -0.069967 -2.355923 -0.995910 0.033008 -0.083651 85.717709
-0.083417 0.075217 0.993633 43.380386 0.037835 0.996616 -0.072267 -2.433062 -0.995757 0.031567 -0.085985 85.637186
-0.085999 0.077568 0.993234 44.404707 0.036158 0.996501 -0.074693 -2.512741 -0.995602 0.029491 -0.088508 85.552611
-0.088440 0.081206 0.992739 45.426190 0.033880 0.996302 -0.078479 -2.597371 -0.995477 0.026694 -0.090868 85.467097
-0.090578 0.085552 0.992179 46.464300 0.030425 0.996035 -0.083107 -2.684241 -0.995394 0.022660 -0.092826 85.378546
-0.093081 0.088062 0.991725 47.499896 0.028171 0.995872 -0.085787 -2.774360 -0.995226 0.019953 -0.095182 85.286694
-0.095860 0.086636 0.991582 48.541443 0.026200 0.996033 -0.084492 -2.867409 -0.995013 0.017881 -0.097754 85.193180
-0.098689 0.082563 0.991651 49.588761 0.023124 0.996426 -0.080660 -2.959378 -0.994812 0.014971 -0.100251 85.097358
-0.100886 0.081091 0.991553 50.640869 0.023279 0.996545 -0.079131 -3.049444 -0.994589 0.015100 -0.102431 84.994556
-0.102791 0.081599 0.991327 51.690300 0.022550 0.996529 -0.079690 -3.139847 -0.994422 0.014164 -0.104279 84.892553
-0.103923 0.084556 0.990957 52.740786 0.023886 0.996265 -0.082505 -3.228808 -0.994270 0.015096 -0.105559 84.784833
-0.104459 0.087483 0.990646 53.798680 0.024222 0.996012 -0.085403 -3.320272 -0.994204 0.015075 -0.106166 84.675254
-0.104891 0.088188 0.990537 54.860623 0.022907 0.995969 -0.086247 -3.416932 -0.994189 0.013644 -0.106493 84.571275
-0.104670 0.087138 0.990647 55.916097 0.019826 0.996092 -0.085523 -3.512561 -0.994273 0.010689 -0.105993 84.469226
-0.104697 0.086622 0.990688 56.981401 0.015904 0.996169 -0.085421 -3.610500 -0.994338 0.006813 -0.105679 84.367047
-0.104874 0.087754 0.990568 58.047099 0.012038 0.996088 -0.086969 -3.710387 -0.994373 0.002803 -0.105526 84.269865
-0.105160 0.088120 0.990505 59.116378 0.007677 0.996058 -0.087799 -3.807830 -0.994386 -0.001629 -0.105428 84.169636
-0.105472 0.087728 0.990504 60.192623 0.004177 0.996078 -0.087778 -3.907538 -0.994371 -0.005121 -0.105431 84.067844
-0.105782 0.082642 0.990902 61.277539 0.004520 0.996510 -0.082628 -4.005236 -0.994329 -0.004262 -0.105793 83.961530
-0.105994 0.074062 0.991548 62.374738 0.007611 0.997185 -0.073670 -4.097817 -0.994279 -0.000262 -0.106267 83.847593
-0.105687 0.068712 0.991964 63.475181 0.012970 0.997549 -0.067718 -4.185606 -0.994253 0.005710 -0.106327 83.728552
-0.104759 0.071133 0.991888 64.573382 0.021204 0.997298 -0.069282 -4.266631 -0.994208 0.013775 -0.105993 83.603538
-0.103402 0.076872 0.991601 65.669383 0.026683 0.996789 -0.074492 -4.347254 -0.994216 0.018758 -0.105130 83.482377
-0.102368 0.082653 0.991244 66.769198 0.030216 0.996266 -0.079951 -4.435437 -0.994222 0.021769 -0.104492 83.366056
-0.101728 0.087075 0.990931 67.873706 0.030917 0.995882 -0.084337 -4.531817 -0.994266 0.022059 -0.104009 83.256932
-0.101596 0.084349 0.991176 68.988883 0.027854 0.996170 -0.081919 -4.626731 -0.994365 0.019287 -0.103565 83.151038
-0.101282 0.079828 0.991582 70.117564 0.026998 0.996549 -0.077470 -4.724823 -0.994420 0.018926 -0.103096 83.040133
-0.101133 0.077832 0.991751 71.250557 0.024608 0.996741 -0.075715 -4.818651 -0.994492 0.016749 -0.102728 82.932987
-0.100986 0.078585 0.991703 72.375943 0.022873 0.996707 -0.076653 -4.911041 -0.994545 0.014944 -0.102461 82.828138
-0.100634 0.083856 0.991305 73.501070 0.024060 0.996265 -0.081834 -5.007069 -0.994552 0.015617 -0.102285 82.719197
-0.100173 0.086350 0.991135 74.625290 0.023923 0.996055 -0.084361 -5.108565 -0.994599 0.015261 -0.101853 82.617336
-0.099534 0.085414 0.991276 75.775056 0.024120 0.996128 -0.083410 -5.207174 -0.994655 0.015609 -0.101219 82.501510
-0.098724 0.078680 0.991918 76.926324 0.025723 0.996646 -0.076495 -5.307112 -0.994699 0.017965 -0.100426 82.384786
-0.098931 0.077135 0.992018 78.075679 0.025076 0.996775 -0.075005 -5.402465 -0.994693 0.017457 -0.100556 82.275102
-0.098475 0.080316 0.991810 79.212570 0.022645 0.996567 -0.078454 -5.494755 -0.994796 0.014735 -0.099965 82.170113
-0.098073 0.083564 0.991580 80.371155 0.022037 0.996311 -0.081783 -5.589240 -0.994848 0.013832 -0.099563 82.060046
-0.098005 0.083035 0.991624 81.539886 0.021158 0.996361 -0.081341 -5.689679 -0.994867 0.013011 -0.099415 81.950293
-0.097604 0.079610 0.991944 82.720310 0.020711 0.996641 -0.077949 -5.789562 -0.994915 0.012937 -0.098935 81.837412
-0.096603 0.078548 0.992120 83.900540 0.021366 0.996708 -0.076830 -5.888413 -0.994993 0.013777 -0.097974 81.723299
-0.095404 0.079058 0.992195 85.085675 0.022892 0.996643 -0.077211 -5.985698 -0.995073 0.015349 -0.096904 81.612462
-0.094183 0.079425 0.992282 86.278728 0.025354 0.996573 -0.077361 -6.081432 -0.995130 0.017874 -0.095885 81.497435
-0.093008 0.078943 0.992430 87.470567 0.024999 0.996614 -0.076933 -6.179209 -0.995249 0.017657 -0.094678 81.388564
-0.091651 0.079604 0.992496 88.665207 0.026213 0.996536 -0.077506 -6.278213 -0.995337 0.018915 -0.093431 81.281919
-0.090422 0.077934 0.992739 89.868977 0.026356 0.996659 -0.075840 -6.375700 -0.995443 0.019309 -0.092185 81.175019
-0.089299 0.077260 0.992893 91.074970 0.024729 0.996738 -0.075334 -6.472880 -0.995585 0.017829 -0.090929 81.073823
-0.087875 0.076627 0.993069 92.289778 0.025853 0.996763 -0.074623 -6.567760 -0.995683 0.019119 -0.089582 80.970560
-0.086084 0.077617 0.993150 93.509769 0.023885 0.996722 -0.075825 -6.665765 -0.995889 0.017196 -0.087666 80.869201
-0.084365 0.080400 0.993077 94.734233 0.024468 0.996494 -0.078597 -6.764267 -0.996023 0.017670 -0.086046 80.766503
-0.083275 0.079278 0.993262 95.969334 0.022471 0.996616 -0.077661 -6.865961 -0.996164 0.015855 -0.084785 80.669687
-0.082747 0.078030 0.993402 97.202006 0.018937 0.996761 -0.076716 -6.969979 -0.996279 0.012466 -0.083967 80.574965
-0.082577 0.079266 0.993318 98.433424 0.016214 0.996694 -0.078187 -7.069766 -0.996341 0.009651 -0.083599 80.480727
-0.082990 0.078783 0.993320 99.671861 0.013501 0.996753 -0.077926 -7.170959 -0.996345 0.006945 -0.083794 80.387994
-0.083915 0.076381 0.993430 100.923313 0.011010 0.996953 -0.075721 -7.273372 -0.996298 0.004584 -0.084511 80.289003
-0.085148 0.075083 0.993424 102.174729 0.008942 0.997059 -0.074591 -7.375282 -0.996215 0.002532 -0.085579 80.189475
-0.086593 0.074424 0.993350 103.427941 0.007039 0.997115 -0.074091 -7.477461 -0.996110 0.000577 -0.086877 80.090351
-0.088096 0.074730 0.993193 104.677649 0.007118 0.997091 -0.074390 -7.578856 -0.995976 0.000516 -0.088382 79.983935
-0.090293 0.073520 0.993095 105.934275 0.006707 0.997191 -0.073212 -7.678856 -0.995792 0.000050 -0.090542 79.873209
-0.093357 0.068788 0.993151 107.196687 0.003980 0.997526 -0.068715 -7.779179 -0.995522 -0.002462 -0.093410 79.763287
-0.097428 0.068900 0.992752 108.449763 0.003555 0.997516 -0.068881 -7.876656 -0.995134 -0.003181 -0.097441 79.645650
-0.102937 0.074903 0.991761 109.682913 -0.001521 0.997045 -0.075459 -7.974097 -0.994584 -0.009277 -0.102530 79.531575
-0.110024 0.078089 0.990757 110.913587 -0.000621 0.996801 -0.078634 -8.074634 -0.993829 -0.009268 -0.109635 79.404290
-0.118805 0.074098 0.990049 112.158668 0.001244 0.997120 -0.074477 -8.179842 -0.992817 -0.007617 -0.118567 79.257091
-0.129482 0.071910 0.988870 113.406603 0.003407 0.997290 -0.072075 -8.285971 -0.991475 -0.005963 -0.129390 79.094484
-0.142307 0.072926 0.987035 114.643219 0.003890 0.997216 -0.073116 -8.387277 -0.989717 -0.006566 -0.142209 78.921943
-0.156412 0.073286 0.984870 115.864813 0.005979 0.997194 -0.073253 -8.484922 -0.987574 -0.005569 -0.156427 78.733623
-0.170790 0.071118 0.982636 117.075568 0.006768 0.997350 -0.071005 -8.585962 -0.985183 -0.005476 -0.170837 78.527956
-0.185883 0.073683 0.979702 118.274055 0.011224 0.997174 -0.072867 -8.687776 -0.982405 -0.002548 -0.186204 78.300793
-0.200952 0.077014 0.976465 119.455895 0.011909 0.996919 -0.076176 -8.788535 -0.979425 -0.003678 -0.201271 78.064190
-0.216178 0.080988 0.972885 120.622771 0.012022 0.996595 -0.080290 -8.891151 -0.976176 -0.005661 -0.216438 77.812564
-0.232577 0.078893 0.969269 121.784220 0.008591 0.996729 -0.079065 -8.995995 -0.972439 -0.010062 -0.232518 77.554525
-0.248792 0.073322 0.965671 122.959753 0.003056 0.997079 -0.074918 -9.100290 -0.968449 -0.015689 -0.248315 77.271073
-0.264551 0.069464 0.961759 124.133249 -0.000779 0.997280 -0.072243 -9.200174 -0.964267 -0.019863 -0.263805 76.964620
-0.279730 0.070975 0.957343 125.297434 -0.002471 0.997100 -0.074643 -9.299039 -0.959970 -0.023248 -0.278774 76.637700
-0.294134 0.073041 0.952858 126.450088 -0.002576 0.996902 -0.077211 -9.396838 -0.955652 -0.025167 -0.293067 76.291576
-0.308044 0.075411 0.948254 127.593737 -0.000787 0.996711 -0.079519 -9.499087 -0.951250 -0.025244 -0.307008 75.925216
-0.322264 0.075192 0.943524 128.726699 0.001218 0.996739 -0.079016 -9.604199 -0.946515 -0.024317 -0.321348 75.548488
-0.336421 0.073257 0.938716 129.856048 0.001018 0.996858 -0.077428 -9.708006 -0.941570 -0.025096 -0.335486 75.152721
-0.350875 0.072016 0.933509 130.985693 0.000835 0.996926 -0.076593 -9.810879 -0.936283 -0.026099 -0.349905 74.735689
-0.365612 0.073439 0.927739 132.109000 -0.000486 0.996745 -0.079092 -9.914463 -0.930641 -0.029371 -0.364431 74.301657
-0.380464 0.075763 0.921558 133.210071 0.000580 0.996534 -0.081687 -10.016043 -0.924667 -0.030547 -0.379237 73.855662
-0.395193 0.077531 0.915189 134.306812 0.001854 0.996371 -0.083607 -10.121490 -0.918465 -0.031348 -0.393953 73.390524
-0.409725 0.080113 0.908550 135.401953 0.004773 0.996182 -0.085687 -10.231637 -0.912064 -0.030775 -0.408596 72.903631
-0.424639 0.083701 0.901349 136.485859 0.004713 0.995779 -0.090249 -10.342096 -0.905216 -0.034079 -0.423296 72.402905
-0.439700 0.086104 0.893864 137.570443 0.005921 0.995514 -0.092983 -10.454736 -0.897983 -0.035596 -0.438298 71.877961
-0.455236 0.083391 0.886307 138.657425 0.004728 0.995677 -0.091252 -10.572135 -0.890210 -0.037355 -0.453726 71.333555
-0.471361 0.079053 0.878241 139.741164 0.002050 0.995932 -0.088546 -10.688371 -0.881791 -0.039942 -0.469670 70.767264
-0.487580 0.079310 0.869322 140.811269 0.001845 0.995821 -0.089816 -10.801942 -0.872932 -0.042193 -0.485755 70.180675
-0.503657 0.078436 0.860198 141.878054 0.000643 0.995777 -0.090422 -10.916291 -0.863768 -0.044994 -0.501644 69.571508
-0.519646 0.077433 0.850732 142.931233 0.000218 0.995775 -0.090501 -11.031828 -0.854250 -0.046848 -0.517531 68.941473
-0.535415 0.077024 0.840940 143.978170 -0.000902 0.995663 -0.091769 -11.150413 -0.844462 -0.049898 -0.533086 68.289461
-0.551056 0.076310 0.830847 145.020793 -0.001239 0.995622 -0.092265 -11.270219 -0.834346 -0.051878 -0.548610 67.616529
-0.566584 0.073637 0.820595 146.054687 -0.001619 0.995797 -0.090477 -11.388271 -0.823892 -0.052595 -0.564140 66.920369
-0.581908 0.070186 0.810106 147.079325 -0.001344 0.996084 -0.087263 -11.506050 -0.813141 -0.051873 -0.579593 66.201749
-0.596992 0.068573 0.799194 148.095368 -0.000221 0.996224 -0.085644 -11.624017 -0.802131 -0.051310 -0.594784 65.457928
-0.612095 0.066841 0.787834 149.093592 -0.001002 0.996252 -0.085301 -11.738675 -0.790665 -0.053007 -0.609797 64.700566
-0.627197 0.068027 0.775762 150.083465 -0.002133 0.995921 -0.089057 -11.855995 -0.778737 -0.057516 -0.624559 63.921105
-0.642845 0.067492 0.762892 151.069336 -0.004158 0.995684 -0.091590 -11.975105 -0.765862 -0.062056 -0.639857 63.119173
-0.659055 0.064308 0.749211 152.039792 -0.005806 0.995767 -0.090577 -12.095999 -0.751945 -0.064051 -0.655962 62.295917
-0.675802 0.056681 0.734761 153.001226 -0.009343 0.996189 -0.085441 -12.216348 -0.736886 -0.064613 -0.672772 61.447133
-0.693122 0.054176 0.718623 153.948386 -0.010087 0.996222 -0.084833 -12.335326 -0.720593 -0.066056 -0.690042 60.570546
-0.711006 0.051519 0.701127 154.863114 -0.011669 0.996183 -0.085032 -12.448388 -0.702921 -0.068648 -0.707782 59.677401
-0.728883 0.047792 0.682796 155.764623 -0.014673 0.996114 -0.085385 -12.565044 -0.684310 -0.072263 -0.725442 58.752586
-0.745905 0.045778 0.664321 156.642770 -0.014115 0.996211 -0.084495 -12.684218 -0.665749 -0.072409 -0.742515 57.794395
-0.762290 0.047890 0.645299 157.485735 -0.011840 0.995945 -0.087899 -12.803199 -0.646968 -0.074653 -0.758717 56.825752
-0.777854 0.047186 0.626504 158.310263 -0.008405 0.996192 -0.085464 -12.921887 -0.628225 -0.071751 -0.774582 55.829040
-0.792792 0.048338 0.607400 159.111318 -0.004305 0.996266 -0.084903 -13.046645 -0.609307 -0.069933 -0.789713 54.804885
-0.807670 0.049331 0.587390 159.883795 -0.002609 0.996070 -0.087240 -13.166940 -0.589454 -0.072001 -0.804458 53.770298
-0.821842 0.051010 0.567243 160.621026 -0.001431 0.995681 -0.091610 -13.288211 -0.569532 -0.076109 -0.818312 52.727176
-0.835139 0.051396 0.547442 161.334929 0.001407 0.995707 -0.091334 -13.412595 -0.549850 -0.075515 -0.831719 51.664951
-0.847247 0.049410 0.528697 162.026578 0.002757 0.995945 -0.088658 -13.539100 -0.530996 -0.073665 -0.844043 50.579405
-0.858031 0.051010 0.510873 162.691648 0.005552 0.995814 -0.090106 -13.665080 -0.513386 -0.074485 -0.854810 49.479232
-0.867880 0.053667 0.493701 163.332789 0.008280 0.995480 -0.093656 -13.789871 -0.496542 -0.077200 -0.864479 48.367716
-0.877219 0.051509 0.477150 163.954138 0.006787 0.995368 -0.094974 -13.918092 -0.479877 -0.080081 -0.873583 47.250214
-0.885748 0.048702 0.461426 164.557499 0.005711 0.995455 -0.094105 -14.047252 -0.463956 -0.080725 -0.882081 46.117990
-0.893366 0.046548 0.446719 165.168648 0.004706 0.995437 -0.094312 -14.181238 -0.449116 -0.082160 -0.889594 44.939440
-0.900294 0.044531 0.432804 165.740881 0.004214 0.995502 -0.093660 -14.311126 -0.435070 -0.082505 -0.896516 43.778472
-0.906807 0.041874 0.419262 166.294598 0.003019 0.995579 -0.092902 -14.438878 -0.421339 -0.082985 -0.903008 42.614668
-0.912849 0.036731 0.406436 166.845338 0.000408 0.995932 -0.089087 -14.566213 -0.408094 -0.081164 -0.909235 41.427545
-0.918209 0.033402 0.394473 167.367789 -0.000640 0.996217 -0.085843 -14.687497 -0.395886 -0.079081 -0.914799 40.250301
-0.922706 0.033585 0.383806 167.870643 0.001942 0.996490 -0.082529 -14.804789 -0.385270 -0.075412 -0.919623 39.065317
-0.925989 0.037774 0.375414 168.359751 0.006450 0.996317 -0.084339 -14.922105 -0.377256 -0.075683 -0.922915 37.869743
-0.928278 0.042938 0.369155 168.834354 0.011904 0.996132 -0.085930 -15.037705 -0.371455 -0.075380 -0.925291 36.679784
-0.930190 0.046326 0.363892 169.300995 0.015008 0.995871 -0.088417 -15.154891 -0.366523 -0.076791 -0.927138 35.493717
-0.932163 0.043461 0.359162 169.772941 0.012835 0.996006 -0.087211 -15.276653 -0.361556 -0.076692 -0.929093 34.300019
-0.934187 0.036135 0.354678 170.244791 0.006810 0.996373 -0.083574 -15.395295 -0.356450 -0.075665 -0.931145 33.104297
-0.936182 0.029930 0.349964 170.712117 0.001295 0.996546 -0.081762 -15.511887 -0.351241 -0.076099 -0.933086 31.905536
-0.938047 0.023467 0.345436 171.177411 -0.005698 0.996415 -0.083164 -15.626417 -0.346188 -0.079988 -0.934648 30.706862
-0.939443 0.021096 0.341767 171.631116 -0.008890 0.996154 -0.085925 -15.742309 -0.342304 -0.083768 -0.935743 29.507619
-0.940196 0.021571 0.339666 172.074856 -0.009082 0.995939 -0.088386 -15.861781 -0.340232 -0.086193 -0.936281 28.305308
-0.940434 0.022166 0.338974 172.517981 -0.009111 0.995761 -0.090392 -15.984870 -0.339577 -0.088105 -0.936344 27.096417
-0.940281 0.025049 0.339199 172.955780 -0.006718 0.995620 -0.092145 -16.110629 -0.340058 -0.088930 -0.936091 25.894461
-0.939867 0.025973 0.340271 173.397384 -0.006440 0.995469 -0.093771 -16.237810 -0.341202 -0.090332 -0.935540 24.695852
-0.939376 0.027041 0.341545 173.844682 -0.006118 0.995295 -0.095627 -16.368414 -0.342560 -0.091929 -0.934889 23.493848
-0.938636 0.028445 0.343465 174.287511 -0.004734 0.995330 -0.095368 -16.498718 -0.344610 -0.091150 -0.934214 22.299742
-0.937765 0.028037 0.345864 174.737517 -0.005538 0.995293 -0.095695 -16.630701 -0.346955 -0.091663 -0.933294 21.104626
-0.936388 0.026881 0.349662 175.195002 -0.007175 0.995278 -0.095727 -16.763518 -0.350622 -0.092155 -0.931872 19.903212
-0.934612 0.025438 0.354506 175.651207 -0.008418 0.995474 -0.093624 -16.892446 -0.355319 -0.090494 -0.930261 18.719646
-0.932390 0.023312 0.360441 176.115239 -0.010238 0.995707 -0.090882 -17.019994 -0.361051 -0.088436 -0.928245 17.538577
-0.929700 0.020904 0.367449 176.591391 -0.012421 0.995925 -0.088084 -17.144562 -0.367835 -0.086465 -0.925756 16.359307
-0.926673 0.023303 0.374858 177.066013 -0.010609 0.995935 -0.088136 -17.266097 -0.375434 -0.085660 -0.922768 15.190009
-0.923126 0.023631 0.383488 177.551488 -0.011242 0.995902 -0.088430 -17.384917 -0.384053 -0.085952 -0.919186 14.033868
-0.918978 0.027000 0.393106 178.047804 -0.009709 0.995678 -0.091084 -17.505149 -0.393914 -0.087530 -0.914853 12.877434
-0.914362 0.028274 0.403644 178.553667 -0.009135 0.995743 -0.090441 -17.622938 -0.404532 -0.086392 -0.910317 11.737208
-0.908960 0.030295 0.415524 179.078362 -0.008948 0.995587 -0.092158 -17.744732 -0.416534 -0.087495 -0.904783 10.597693
-0.902767 0.032350 0.428661 179.619430 -0.008696 0.995462 -0.093439 -17.868595 -0.429796 -0.088091 -0.898498 9.464399
-0.896209 0.034874 0.442012 180.178997 -0.007458 0.995448 -0.093661 -17.993563 -0.443326 -0.087245 -0.891981 8.330595
-0.889553 0.034208 0.455307 180.760457 -0.008335 0.995679 -0.091091 -18.119559 -0.456517 -0.084834 -0.885535 7.203959
-0.882485 0.037172 0.468635 181.354927 -0.006662 0.995653 -0.091519 -18.246349 -0.470063 -0.083895 -0.878510 6.084391
-0.875149 0.039564 0.481986 181.964010 -0.004962 0.995725 -0.090744 -18.369149 -0.483586 -0.081815 -0.871327 4.979575
-0.867191 0.041326 0.496015 182.583408 -0.003269 0.995915 -0.088690 -18.493004 -0.497727 -0.078542 -0.863630 3.890121
-0.858940 0.043208 0.510011 183.220448 -0.000979 0.996151 -0.086042 -18.612806 -0.511841 -0.074413 -0.855708 2.816509
-0.850204 0.046103 0.524217 183.871420 0.001893 0.996287 -0.084549 -18.732585 -0.526241 -0.070898 -0.847241 1.755129
-0.840474 0.049502 0.539359 184.538029 0.005145 0.996359 -0.083428 -18.848963 -0.541604 -0.067351 -0.837784 0.711333
-0.829485 0.052198 0.555852 185.226136 0.007439 0.996417 -0.082469 -18.963813 -0.558251 -0.064279 -0.827021 -0.322914
-0.817963 0.055235 0.572382 185.927331 0.010077 0.996450 -0.081757 -19.075666 -0.574955 -0.061113 -0.815736 -1.329784
-0.812120 0.029488 0.582517 186.749946 -0.021242 0.996411 -0.080055 -19.762196 -0.582878 -0.077397 -0.808701 -2.041544
-0.793629 0.059133 0.605303 187.392990 0.011960 0.996436 -0.081663 -19.294943 -0.608069 -0.057577 -0.791626 -3.302079
-0.780195 0.061449 0.622260 188.152865 0.013289 0.996389 -0.081735 -19.404277 -0.625146 -0.055507 -0.778331 -4.261471
-0.765749 0.062322 0.639875 188.933600 0.014315 0.996524 -0.079928 -19.511379 -0.642744 -0.052051 -0.764111 -5.202974
-0.749910 0.063861 0.658228 189.735929 0.016052 0.996624 -0.078404 -19.621585 -0.661124 -0.048236 -0.748529 -6.118088
-0.732593 0.066556 0.677179 190.551000 0.016869 0.996503 -0.079692 -19.728178 -0.680234 -0.046964 -0.731280 -7.009339
-0.714663 0.069522 0.695788 191.381640 0.017094 0.996314 -0.081993 -19.835916 -0.699045 -0.046709 -0.713339 -7.869355
-0.696227 0.070300 0.714165 192.236723 0.016099 0.996301 -0.082379 -19.944893 -0.717437 -0.045862 -0.694900 -8.703759
-0.676576 0.070503 0.732788 193.107867 0.014696 0.996329 -0.082292 -20.052140 -0.736026 -0.044913 -0.675243 -9.507212
-0.655937 0.069975 0.751393 193.998260 0.012267 0.996398 -0.082083 -20.159924 -0.754544 -0.044628 -0.654532 -10.285574
-0.634838 0.070445 0.769268 194.914050 0.009716 0.996339 -0.083221 -20.269030 -0.772425 -0.045362 -0.633289 -11.044306
-0.613371 0.070193 0.786514 195.838294 0.006491 0.996313 -0.083856 -20.374299 -0.789613 -0.046334 -0.611653 -11.765168
-0.591385 0.070283 0.803170 196.784567 0.004603 0.996329 -0.083797 -20.479608 -0.806228 -0.045864 -0.589621 -12.460958
-0.568000 0.070123 0.819890 197.756031 0.003629 0.996424 -0.082709 -20.586324 -0.822877 -0.044007 -0.566303 -13.141010
-0.543056 0.070889 0.836553 198.731610 0.002518 0.996418 -0.082802 -20.691436 -0.839550 -0.042863 -0.541366 -13.782462
-0.516571 0.074119 0.852880 199.726231 0.003753 0.996282 -0.084309 -20.796682 -0.856089 -0.040355 -0.515005 -14.396563
-0.488997 0.074793 0.868920 200.747141 0.002651 0.996283 -0.084264 -20.902184 -0.872131 -0.038904 -0.487452 -14.983049
-0.461019 0.073802 0.884169 201.780576 0.000333 0.996397 -0.082997 -21.007458 -0.887246 -0.037972 -0.459450 -15.523940
-0.432081 0.071959 0.898814 202.832586 -0.001518 0.996598 -0.080518 -21.112079 -0.901691 -0.036158 -0.430566 -16.035980
-0.401465 0.073070 0.912811 203.904708 -0.001651 0.996599 -0.080504 -21.219221 -0.915732 -0.033829 -0.400038 -16.518280
-0.369504 0.075653 0.925993 204.985384 -0.001907 0.996464 -0.082171 -21.322471 -0.929076 -0.032131 -0.368108 -16.957651
-0.336669 0.077489 0.938288 206.080397 -0.001407 0.996422 -0.082794 -21.423412 -0.941482 -0.029196 -0.335402 -17.364223
-0.303590 0.077902 0.949475 207.195043 -0.000203 0.996504 -0.081825 -21.529679 -0.952666 -0.025035 -0.302554 -17.736628
-0.269842 0.077889 0.959611 208.314840 -0.000945 0.996555 -0.081153 -21.633016 -0.962765 -0.022806 -0.268877 -18.062823
-0.235303 0.076941 0.968734 209.448863 -0.000616 0.996704 -0.079312 -21.731971 -0.971784 -0.019259 -0.234513 -18.349321
-0.200013 0.075047 0.976778 210.600330 -0.001556 0.996893 -0.076910 -21.834092 -0.979656 -0.016903 -0.199303 -18.598483
-0.164495 0.073918 0.983467 211.748504 -0.001370 0.997024 -0.075165 -21.932859 -0.986240 -0.013711 -0.163926 -18.800399
-0.128505 0.073642 0.988829 212.902157 -0.001471 0.997073 -0.074447 -22.029337 -0.991567 -0.011021 -0.128038 -18.962905
-0.092286 0.073113 0.992893 214.065385 -0.001721 0.997126 -0.073584 -22.125236 -0.995580 -0.008499 -0.091908 -19.084749
-0.055867 0.073192 0.995613 215.220637 -0.002011 0.997149 -0.073417 -22.218602 -0.998300 -0.006103 -0.055568 -19.161947
-0.019964 0.073765 0.996937 216.376405 -0.003815 0.997112 -0.073853 -22.313719 -0.999657 -0.005276 -0.019626 -19.193870
0.014954 0.073322 0.997056 217.538299 -0.005026 0.997149 -0.073253 -22.407073 -0.999738 -0.003914 0.015284 -19.183321
0.049044 0.072585 0.996016 218.692238 -0.006912 0.997205 -0.072330 -22.500787 -0.998636 -0.003335 0.049418 -19.132061
0.070089 0.113473 0.990909 217.203011 -0.035448 0.992994 -0.111204 -22.999491 -0.996754 -0.027334 0.073635 -17.833515
0.115736 0.072610 0.990461 220.996629 -0.007898 0.997185 -0.072179 -22.687814 -0.993086 0.000533 0.116006 -18.915252
0.148036 0.070306 0.986318 222.142656 -0.007102 0.997345 -0.070025 -22.779200 -0.988794 0.003364 0.148171 -18.750102
0.179415 0.069023 0.981187 223.287081 -0.006196 0.997421 -0.069031 -22.870552 -0.983591 0.006309 0.179413 -18.547539
0.209700 0.068808 0.975178 224.421914 -0.005399 0.997413 -0.069215 -22.961455 -0.977587 0.009253 0.209568 -18.309206
0.240028 0.068196 0.968205 225.546277 -0.003704 0.997414 -0.069334 -23.050312 -0.970595 0.013061 0.239703 -18.038976
0.270298 0.067080 0.960273 226.668901 -0.001603 0.997427 -0.069224 -23.139810 -0.962610 0.017177 0.269758 -17.730757
0.300373 0.065271 0.951414 227.790726 0.000555 0.997465 -0.068605 -23.227269 -0.953649 0.021141 0.299631 -17.384999
0.330327 0.063660 0.941542 228.898310 0.002267 0.997486 -0.068237 -23.316741 -0.943687 0.024682 0.329414 -17.005363
0.359806 0.062853 0.930728 229.997315 0.004737 0.997409 -0.069187 -23.405050 -0.932833 0.029311 0.358643 -16.590772
0.388263 0.061910 0.919282 231.089360 0.005219 0.997391 -0.069374 -23.494892 -0.921348 0.031741 0.387000 -16.137341
0.416089 0.059983 0.907153 232.161241 0.005626 0.997443 -0.068534 -23.584400 -0.909114 0.033628 0.414768 -15.651265
0.443902 0.058891 0.893946 233.219271 0.005400 0.997454 -0.068391 -23.674428 -0.895865 0.035195 0.442540 -15.132586
0.471823 0.059625 0.879478 234.262421 0.006418 0.997261 -0.071053 -23.766584 -0.881472 0.039178 0.470239 -14.578520
0.499456 0.060333 0.864033 235.283096 0.007655 0.997032 -0.074045 -23.858031 -0.866101 0.043607 0.497609 -13.996104
0.526197 0.058441 0.848145 236.293758 0.008667 0.997020 -0.074076 -23.952810 -0.850110 0.046341 0.524225 -13.376373
0.552131 0.055448 0.831705 237.289110 0.009389 0.997117 -0.072709 -24.052243 -0.833497 0.047965 0.550125 -12.721881
0.576752 0.053212 0.814971 238.263168 0.008717 0.997225 -0.071281 -24.149174 -0.816658 0.048226 0.574799 -12.036967
0.599286 0.053279 0.798543 239.219625 0.007047 0.997199 -0.071822 -24.244431 -0.800286 0.048680 0.597348 -11.322332
0.619596 0.053005 0.782909 240.158742 0.005727 0.997192 -0.072045 -24.338540 -0.784679 0.049134 0.617673 -10.580567
0.638686 0.051541 0.767514 241.082857 0.004882 0.997268 -0.071033 -24.432271 -0.769225 0.049125 0.636814 -9.815643
0.656615 0.049003 0.752399 242.001368 0.004458 0.997420 -0.068851 -24.525661 -0.753978 0.048574 0.654833 -9.021015
0.673306 0.045740 0.737703 242.911646 0.005526 0.997543 -0.066895 -24.617887 -0.739098 0.049129 0.671535 -8.200734
0.689146 0.043160 0.723087 243.799751 0.006277 0.997630 -0.065529 -24.706975 -0.724345 0.049710 0.687381 -7.367108
0.704185 0.040880 0.708583 244.670477 0.007815 0.997631 -0.065323 -24.794472 -0.709716 0.051549 0.702340 -6.511038
0.718683 0.040225 0.693908 245.521431 0.007445 0.997617 -0.065543 -24.883773 -0.695031 0.052283 0.716819 -5.629111
0.733164 0.038677 0.678660 246.355933 0.008027 0.997599 -0.065525 -24.970212 -0.679712 0.053501 0.731254 -4.733247
0.747201 0.036281 0.663308 247.174870 0.007570 0.997759 -0.063102 -25.056525 -0.664255 0.052184 0.745416 -3.814622
0.760794 0.033240 0.647835 247.977975 0.008215 0.997893 -0.060849 -25.144888 -0.648633 0.051629 0.759086 -2.872338
0.774212 0.031230 0.631837 248.761591 0.008668 0.997941 -0.059947 -25.229533 -0.632547 0.051901 0.772520 -1.916672
0.787144 0.030444 0.615689 249.522949 0.009685 0.997823 -0.061721 -25.311880 -0.616364 0.054560 0.785312 -0.950474
0.798988 0.029324 0.600294 250.267456 0.010178 0.997782 -0.062288 -25.395048 -0.600922 0.055891 0.797096 0.035985
0.810030 0.028564 0.585338 250.999287 0.009588 0.997804 -0.061960 -25.478987 -0.585954 0.055816 0.808162 1.045751
0.820456 0.025865 0.570760 251.718282 0.010113 0.997932 -0.059761 -25.562491 -0.571254 0.054817 0.818686 2.076731
0.830265 0.023093 0.556514 252.418645 0.011617 0.997975 -0.058743 -25.647174 -0.556870 0.055252 0.828507 3.127804
0.839581 0.022465 0.542367 253.105957 0.011557 0.997939 -0.059224 -25.729682 -0.542707 0.056006 0.837791 4.190438
0.848135 0.019344 0.529010 253.777759 0.015527 0.997752 -0.061378 -25.812159 -0.529134 0.060287 0.846133 5.260086
0.856029 0.016915 0.516219 254.435118 0.016688 0.997793 -0.060368 -25.894900 -0.516224 0.060307 0.854066 6.351440
0.863218 0.013638 0.504200 255.080464 0.019229 0.997772 -0.059909 -25.978792 -0.504016 0.061426 0.861245 7.453381
0.869643 0.012090 0.493081 255.713842 0.020307 0.997732 -0.060279 -26.059415 -0.492809 0.062451 0.867637 8.569015
0.874697 0.010461 0.484104 256.339247 0.021033 0.997763 -0.059564 -26.145265 -0.483758 0.062299 0.872730 9.701266
0.878382 0.009546 0.477425 256.958272 0.020583 0.997882 -0.057821 -26.229355 -0.477075 0.060631 0.876529 10.843026
0.881052 0.008436 0.472498 257.574796 0.020825 0.997944 -0.056650 -26.311195 -0.472113 0.059767 0.879269 11.996211
0.883499 0.007409 0.467944 258.188373 0.021486 0.997956 -0.056367 -26.393795 -0.467507 0.059869 0.881731 13.156788
0.885785 0.006011 0.463651 258.800503 0.022414 0.997982 -0.055760 -26.474856 -0.463145 0.059798 0.884051 14.329777
0.887840 0.003933 0.459725 259.409815 0.023436 0.998066 -0.053799 -26.554832 -0.459142 0.058553 0.886219 15.503125
0.889854 0.001908 0.455825 260.015654 0.025098 0.998057 -0.053174 -26.634906 -0.455135 0.058771 0.888267 16.681995
0.891887 0.000596 0.451832 260.612280 0.026444 0.998001 -0.053516 -26.714115 -0.451055 0.059692 0.890283 17.869333
0.893858 -0.000482 0.447921 261.202416 0.027144 0.998005 -0.053095 -26.792098 -0.447095 0.059632 0.892282 19.051477
0.895794 -0.000184 0.444035 261.788366 0.026497 0.998024 -0.053042 -26.871360 -0.443240 0.059294 0.894225 20.241241
0.897706 -0.000688 0.440154 262.374544 0.026561 0.998044 -0.052613 -26.952948 -0.439349 0.058936 0.896166 21.442005
0.899482 -0.000280 0.436516 262.950660 0.025763 0.998074 -0.052447 -27.033307 -0.435751 0.058435 0.897955 22.636324
0.900619 0.000749 0.434164 263.522889 0.024465 0.998105 -0.052471 -27.114386 -0.433471 0.057892 0.899093 23.837686
