1.000000 0.000000 0.000000 0.000000 0.000000 1.000000 0.000000 0.000000 0.000000 0.000000 1.000000 0.000000
0.999998 -0.000564 -0.000348 -0.004549 0.000564 0.999997 0.001507 -0.017896 0.000347 -0.001507 0.999997 1.338951
0.999997 -0.001700 -0.000920 -0.011607 0.001701 0.999996 0.001432 -0.035241 0.000918 -0.001433 0.999997 2.671786
0.999990 -0.003121 -0.001183 -0.014147 0.003121 0.999990 0.000296 -0.054710 0.001182 -0.000300 0.999993 4.004985
0.999992 -0.003404 -0.001209 -0.021939 0.003404 0.999993 0.000241 -0.072718 0.001209 -0.000245 0.999997 5.338310
0.999989 -0.003869 -0.001315 -0.030491 0.003870 0.999989 0.000962 -0.090617 0.001311 -0.000967 0.999995 6.682540
0.999981 -0.005330 -0.001281 -0.036287 0.005332 0.999979 0.002132 -0.111454 0.001269 -0.002139 0.999991 8.034801
0.999977 -0.004946 -0.001686 -0.044200 0.004950 0.999975 0.002549 -0.129542 0.001673 -0.002557 0.999984 9.369316
0.999978 -0.004117 -0.002235 -0.052969 0.004118 0.999979 0.000611 -0.147028 0.002232 -0.000621 0.999984 10.714091
0.999983 -0.001281 -0.002415 -0.064278 0.001277 0.999985 -0.001633 -0.168330 0.002417 0.001630 0.999980 12.058819
0.999981 0.002214 -0.002285 -0.080076 -0.002220 0.999980 -0.002662 -0.189091 0.002279 0.002667 0.999978 13.404982
0.999971 0.004611 -0.002229 -0.096669 -0.004618 0.999970 -0.002879 -0.212259 0.002215 0.002889 0.999976 14.755692
0.999964 0.005783 -0.002153 -0.108847 -0.005788 0.999965 -0.002144 -0.234765 0.002141 0.002156 0.999976 16.114727
0.999975 0.003395 -0.001871 -0.114750 -0.003394 0.999977 0.000482 -0.255445 0.001873 -0.000476 0.999979 17.476037
0.999979 -0.000656 -0.001803 -0.119179 0.000659 0.999978 0.002140 -0.275243 0.001802 -0.002141 0.999974 18.834519
0.999971 -0.002849 -0.002215 -0.122584 0.002849 0.999973 -0.000327 -0.294739 0.002216 0.000320 0.999973 20.193804
0.999967 -0.003804 -0.002243 -0.131364 0.003798 0.999967 -0.002447 -0.314030 0.002252 0.002438 0.999969 21.551013
0.999975 -0.001403 -0.001637 -0.144864 0.001396 0.999967 -0.004159 -0.338257 0.001642 0.004156 0.999965 22.920359
0.999976 0.001444 -0.000891 -0.158288 -0.001446 0.999974 -0.002236 -0.360473 0.000888 0.002237 0.999972 24.314922
0.999974 0.001951 -0.000513 -0.167343 -0.001950 0.999974 0.001208 -0.381832 0.000515 -0.001207 0.999973 25.690139
0.999975 -0.000370 -0.000106 -0.171135 0.000371 0.999971 0.003007 -0.397601 0.000104 -0.003007 0.999968 27.075878
0.999965 -0.004250 -0.000549 -0.173434 0.004251 0.999964 0.001055 -0.416901 0.000545 -0.001058 0.999971 28.454654
0.999967 -0.004616 -0.000642 -0.178868 0.004615 0.999966 -0.001292 -0.438202 0.000648 0.001290 0.999974 29.829761
0.999965 -0.004821 0.000115 -0.187024 0.004822 0.999957 -0.003911 -0.461378 -0.000096 0.003912 0.999966 31.217742
0.999974 -0.001426 0.000796 -0.197872 0.001429 0.999964 -0.004679 -0.490172 -0.000789 0.004680 0.999961 32.613491
0.999976 -0.000505 0.001174 -0.205796 0.000513 0.999953 -0.006978 -0.517339 -0.001170 0.006979 0.999950 34.001803
0.999977 0.000555 0.001359 -0.213598 -0.000546 0.999956 -0.006507 -0.545698 -0.001362 0.006506 0.999952 35.398490
0.999977 0.000589 0.001103 -0.218185 -0.000583 0.999964 -0.005385 -0.574093 -0.001107 0.005384 0.999960 36.813484
0.999974 0.001809 0.000826 -0.226084 -0.001805 0.999967 -0.003960 -0.601021 -0.000833 0.003959 0.999965 38.220440
0.999956 0.004662 0.001012 -0.238010 -0.004658 0.999950 -0.003796 -0.627090 -0.001029 0.003791 0.999957 39.633604
0.999939 0.006979 0.001125 -0.244008 -0.006974 0.999932 -0.004197 -0.655388 -0.001154 0.004189 0.999952 41.064232
0.999915 0.009502 0.001171 -0.255918 -0.009497 0.999910 -0.003879 -0.682176 -0.001207 0.003868 0.999950 42.478440
0.999910 0.010325 0.000861 -0.264794 -0.010322 0.999904 -0.003923 -0.709270 -0.000901 0.003914 0.999953 43.893824
0.999926 0.009502 0.000150 -0.267099 -0.009502 0.999920 -0.004066 -0.738557 -0.000189 0.004064 0.999960 45.320758
0.999934 0.008752 -0.000540 -0.274366 -0.008755 0.999925 -0.004609 -0.765879 0.000500 0.004613 0.999958 46.740514
0.999936 0.008212 -0.001437 -0.282872 -0.008218 0.999929 -0.004482 -0.794183 0.001400 0.004494 0.999957 48.168067
0.999929 0.008575 -0.002578 -0.288957 -0.008583 0.999928 -0.003391 -0.823173 0.002548 0.003413 0.999957 49.617456
0.999924 0.009137 -0.003630 -0.302540 -0.009151 0.999925 -0.003836 -0.851265 0.003595 0.003869 0.999956 51.042965
0.999916 0.009669 -0.004728 -0.318208 -0.009685 0.999922 -0.003522 -0.878366 0.004694 0.003567 0.999953 52.471924
0.999909 0.009805 -0.005942 -0.333198 -0.009821 0.999924 -0.002682 -0.906534 0.005915 0.002741 0.999950 53.916783
0.999918 0.008394 -0.006517 -0.348131 -0.008406 0.999938 -0.001841 -0.933712 0.006501 0.001896 0.999948 55.360574
0.999924 0.007333 -0.006944 -0.363439 -0.007346 0.999946 -0.001840 -0.960286 0.006930 0.001891 0.999945 56.804025
0.999934 0.004907 -0.007545 -0.372738 -0.004926 0.999960 -0.002495 -0.989361 0.007533 0.002532 0.999940 58.256262
0.999938 0.003954 -0.007496 -0.388469 -0.003971 0.999964 -0.002286 -1.017109 0.007487 0.002316 0.999940 59.692103
0.999947 0.002739 -0.006987 -0.403616 -0.002751 0.999969 -0.001692 -1.045191 0.006982 0.001712 0.999947 61.128542
0.999960 0.001567 -0.006719 -0.412202 -0.001573 0.999982 -0.001021 -1.075182 0.006718 0.001031 0.999960 62.576101
0.999961 -0.000083 -0.006108 -0.426870 0.000074 0.999978 -0.001501 -1.103268 0.006108 0.001501 0.999958 64.010675
0.999959 -0.001781 -0.005629 -0.439122 0.001768 0.999972 -0.002343 -1.132079 0.005633 0.002333 0.999957 65.435217
0.999959 -0.001138 -0.005167 -0.450351 0.001124 0.999969 -0.002769 -1.163672 0.005170 0.002763 0.999954 66.872980
0.999964 0.000460 -0.004151 -0.469269 -0.000473 0.999968 -0.003062 -1.193766 0.004150 0.003064 0.999957 68.305610
0.999961 0.003866 -0.003472 -0.488473 -0.003873 0.999966 -0.001880 -1.222144 0.003464 0.001894 0.999965 69.722761
0.999943 0.007222 -0.002911 -0.502558 -0.007224 0.999946 -0.000573 -1.252244 0.002907 0.000594 0.999967 71.149356
0.999921 0.011427 -0.002059 -0.520744 -0.011427 0.999921 -0.000198 -1.279236 0.002056 0.000221 0.999983 72.559701
0.999859 0.015729 -0.001383 -0.538717 -0.015730 0.999858 -0.000597 -1.305815 0.001374 0.000619 0.999979 73.969207
0.999797 0.018972 -0.000863 -0.550987 -0.018973 0.999795 -0.001235 -1.334360 0.000839 0.001251 0.999975 75.390078
0.999758 0.020907 -0.000089 -0.564380 -0.020907 0.999754 -0.001472 -1.361151 0.000058 0.001473 0.999973 76.802606
0.999768 0.021120 0.000290 -0.574841 -0.021120 0.999765 -0.001191 -1.388553 -0.000315 0.001185 0.999988 78.203554
0.999790 0.020304 0.000246 -0.579661 -0.020304 0.999787 -0.001572 -1.417181 -0.000278 0.001567 0.999994 79.612051
0.999807 0.019165 0.000127 -0.586314 -0.019164 0.999802 -0.002546 -1.445790 -0.000176 0.002543 0.999986 81.009636
0.999813 0.018806 -0.000201 -0.593706 -0.018807 0.999807 -0.002690 -1.474932 0.000150 0.002694 0.999985 82.409864
0.999813 0.018630 -0.000691 -0.600092 -0.018631 0.999808 -0.002537 -1.505040 0.000644 0.002550 0.999982 83.826554
0.999814 0.018530 -0.001185 -0.611316 -0.018533 0.999808 -0.003159 -1.532890 0.001126 0.003181 0.999980 85.220694
0.999810 0.018681 -0.001865 -0.624264 -0.018686 0.999805 -0.002937 -1.560822 0.001810 0.002972 0.999979 86.612574
0.999824 0.018169 -0.002959 -0.635765 -0.018175 0.999824 -0.002119 -1.590646 0.002920 0.002173 0.999985 88.012357
0.999855 0.016089 -0.003930 -0.649069 -0.016094 0.999860 -0.001265 -1.617801 0.003909 0.001328 0.999982 89.407232
0.999879 0.013991 -0.005236 -0.660040 -0.013996 0.999889 -0.000932 -1.643123 0.005222 0.001005 0.999974 90.789892
0.999896 0.012106 -0.006248 -0.668268 -0.012113 0.999912 -0.000972 -1.670896 0.006236 0.001048 0.999967 92.177314
0.999910 0.010704 -0.006610 -0.685359 -0.010714 0.999928 -0.001547 -1.696909 0.006593 0.001618 0.999965 93.568882
0.999918 0.009793 -0.006734 -0.703447 -0.009808 0.999935 -0.002112 -1.723189 0.006713 0.002178 0.999962 94.957314
0.999910 0.010368 -0.006941 -0.718877 -0.010388 0.999927 -0.002787 -1.752251 0.006911 0.002859 0.999958 96.363246
0.999913 0.010212 -0.006836 -0.736811 -0.010236 0.999928 -0.003462 -1.779851 0.006800 0.003532 0.999958 97.730096
0.999902 0.011289 -0.006655 -0.757078 -0.011319 0.999912 -0.004385 -1.807760 0.006605 0.004460 0.999955 99.098829
0.999886 0.012629 -0.006525 -0.772509 -0.012656 0.999897 -0.004082 -1.839172 0.006473 0.004164 0.999956 100.469691
0.999878 0.013365 -0.006215 -0.792177 -0.013382 0.999892 -0.002796 -1.867077 0.006177 0.002879 0.999963 101.826785
0.999860 0.014598 -0.006122 -0.810227 -0.014608 0.999876 -0.001557 -1.896073 0.006099 0.001647 0.999964 103.183594
0.999870 0.013852 -0.006139 -0.823933 -0.013871 0.999882 -0.003021 -1.926085 0.006097 0.003106 0.999960 104.546278
0.999871 0.013888 -0.005982 -0.840977 -0.013921 0.999871 -0.005513 -1.953957 0.005905 0.005595 0.999951 105.888274
0.999874 0.013293 -0.006054 -0.857654 -0.013334 0.999867 -0.006807 -1.983828 0.005963 0.006887 0.999939 107.228049
0.999896 0.011097 -0.006019 -0.868892 -0.011132 0.999896 -0.005661 -2.015525 0.005955 0.005728 0.999941 108.582130
0.999922 0.008742 -0.005174 -0.883166 -0.008761 0.999927 -0.003775 -2.044842 0.005141 0.003821 0.999953 109.930148
0.999938 0.007274 -0.004032 -0.897543 -0.007288 0.999939 -0.003314 -2.073505 0.004008 0.003343 0.999958 111.280563
0.999945 0.006493 -0.003147 -0.908994 -0.006508 0.999937 -0.004755 -2.103448 0.003116 0.004775 0.999954 112.640833
0.999932 0.008622 -0.002266 -0.923791 -0.008638 0.999907 -0.007198 -2.133173 0.002204 0.007218 0.999942 113.983609
0.999908 0.010753 -0.000835 -0.938732 -0.010761 0.999864 -0.009390 -2.165107 0.000734 0.009399 0.999922 115.326863
0.999858 0.013777 0.000530 -0.950383 -0.013772 0.999814 -0.009314 -2.200660 -0.000658 0.009305 0.999909 116.681357
0.999840 0.015037 0.002213 -0.961340 -0.015020 0.999814 -0.007461 -2.233528 -0.002324 0.007427 0.999925 118.038811
0.999835 0.015127 0.003460 -0.968061 -0.015109 0.999826 -0.005339 -2.263738 -0.003540 0.005286 0.999934 119.387276
0.999843 0.014378 0.004173 -0.965320 -0.014357 0.999839 -0.004845 -2.294579 -0.004243 0.004785 0.999934 120.746974
0.999818 0.014738 0.005346 -0.966780 -0.014708 0.999816 -0.005503 -2.322962 -0.005426 0.005423 0.999911 122.099566
0.999786 0.016692 0.006683 -0.969244 -0.016651 0.999789 -0.006141 -2.351827 -0.006785 0.006029 0.999906 123.450605
0.999750 0.018765 0.007849 -0.968469 -0.018714 0.999759 -0.006541 -2.382747 -0.007971 0.006392 0.999904 124.813454
0.999729 0.019465 0.009043 -0.968385 -0.019395 0.999739 -0.007704 -2.412302 -0.009191 0.007527 0.999888 126.161975
0.999688 0.020624 0.010085 -0.966970 -0.020537 0.999701 -0.008636 -2.442780 -0.010260 0.008427 0.999862 127.508930
0.999692 0.019666 0.011055 -0.959563 -0.019569 0.999714 -0.008846 -2.476178 -0.011227 0.008627 0.999846 128.866910
0.999684 0.019216 0.012078 -0.955115 -0.019122 0.999726 -0.007903 -2.507763 -0.012228 0.007670 0.999837 130.226457
0.999689 0.017788 0.013045 -0.948319 -0.017696 0.999749 -0.007093 -2.539282 -0.013169 0.006860 0.999822 131.585635
0.999694 0.016961 0.013382 -0.939503 -0.016872 0.999760 -0.006803 -2.571310 -0.013495 0.006576 0.999815 132.960830
0.999719 0.014723 0.013552 -0.930201 -0.014633 0.999788 -0.006758 -2.601275 -0.013650 0.006558 0.999804 134.320388
0.999741 0.013124 0.013442 -0.921028 -0.013043 0.999812 -0.006148 -2.631215 -0.013521 0.005972 0.999808 135.673233
0.999766 0.011576 0.012874 -0.909629 -0.011492 0.999828 -0.006532 -2.662629 -0.012949 0.006383 0.999812 137.034178
0.999792 0.010240 0.011879 -0.902302 -0.010161 0.999840 -0.006701 -2.691813 -0.011946 0.006580 0.999822 138.386017
0.999817 0.008845 0.010891 -0.894444 -0.008782 0.999859 -0.005877 -2.722092 -0.010942 0.005781 0.999839 139.741978
0.999841 0.007267 0.009816 -0.885598 -0.007211 0.999873 -0.005712 -2.754049 -0.009857 0.005641 0.999851 141.101548
0.999851 0.006871 0.008647 -0.882461 -0.006821 0.999871 -0.005764 -2.783959 -0.008686 0.005705 0.999858 142.446512
0.999859 0.006667 0.007584 -0.880486 -0.006618 0.999866 -0.006476 -2.813469 -0.007627 0.006426 0.999860 143.800031
0.999866 0.006549 0.006554 -0.875359 -0.006504 0.999863 -0.006882 -2.845046 -0.006599 0.006839 0.999863 145.160313
0.999883 0.004248 0.005746 -0.873875 -0.004194 0.999855 -0.009392 -2.877879 -0.005786 0.009368 0.999848 146.514742
0.999896 -0.001078 0.004761 -0.868654 0.001125 0.999857 -0.009914 -2.910400 -0.004750 0.009919 0.999847 147.861075
0.999862 -0.008728 0.003654 -0.857807 0.008755 0.999838 -0.007677 -2.944060 -0.003587 0.007709 0.999870 149.217552
0.999786 -0.015378 0.001998 -0.846908 0.015391 0.999767 -0.006372 -2.972998 -0.001900 0.006402 0.999883 150.561336
0.999729 -0.018575 0.001085 -0.842786 0.018585 0.999680 -0.009914 -3.004390 -0.000900 0.009932 0.999852 151.916023
0.999735 -0.017979 0.001368 -0.841617 0.017995 0.999650 -0.013079 -3.041293 -0.001132 0.013102 0.999811 153.285403
0.999786 -0.014740 0.002415 -0.849280 0.014775 0.999671 -0.015275 -3.081714 -0.002189 0.015309 0.999777 154.638968
0.999781 -0.014801 0.003266 -0.851134 0.014850 0.999666 -0.015431 -3.123436 -0.003037 0.015478 0.999770 155.996515
0.999721 -0.018174 0.003801 -0.843553 0.018219 0.999656 -0.011957 -3.164967 -0.003583 0.012024 0.999814 157.365098
0.999609 -0.023351 0.004261 -0.834917 0.023390 0.999574 -0.009298 -3.202250 -0.004043 0.009395 0.999838 158.725410
0.999516 -0.027014 0.004373 -0.827575 0.027049 0.999492 -0.008102 -3.235673 -0.004152 0.008218 0.999847 160.080430
0.999470 -0.028644 0.004385 -0.819800 0.028680 0.999444 -0.008272 -3.270327 -0.004146 0.008394 0.999845 161.440124
0.999516 -0.026701 0.005511 -0.820418 0.026742 0.999501 -0.007605 -3.304306 -0.005305 0.007750 0.999843 162.797688
0.999617 -0.022708 0.006823 -0.823787 0.022766 0.999602 -0.008510 -3.339135 -0.006628 0.008663 0.999837 164.154330
0.999686 -0.019176 0.007670 -0.822175 0.019258 0.999656 -0.010687 -3.374868 -0.007463 0.010832 0.999811 165.516075
0.999729 -0.016292 0.008497 -0.820382 0.016388 0.999700 -0.011291 -3.410573 -0.008312 0.011428 0.999797 166.874996
0.999751 -0.014446 0.009015 -0.818471 0.014538 0.999739 -0.010142 -3.446901 -0.008867 0.010271 0.999803 168.237116
0.999779 -0.012502 0.008709 -0.812412 0.012593 0.999759 -0.010568 -3.485576 -0.008576 0.010677 0.999800 169.617821
0.999799 -0.010462 0.008406 -0.810994 0.010572 0.999747 -0.013095 -3.523489 -0.008268 0.013182 0.999767 170.981547
0.999827 -0.006564 0.007996 -0.811563 0.006691 0.999729 -0.015992 -3.563589 -0.007890 0.016045 0.999719 172.344357
0.999843 -0.001432 0.007677 -0.808896 0.001564 0.999724 -0.017211 -3.608963 -0.007651 0.017222 0.999694 173.722859
0.999820 0.003253 0.008097 -0.813131 -0.003122 0.999721 -0.016124 -3.652167 -0.008148 0.016099 0.999693 175.100326
0.999799 0.006216 0.008759 -0.814545 -0.006091 0.999734 -0.014263 -3.695268 -0.008846 0.014209 0.999714 176.477686
0.999793 0.007050 0.008592 -0.807459 -0.006946 0.999756 -0.012067 -3.735533 -0.008676 0.012007 0.999744 177.879853
0.999821 0.003810 0.008006 -0.802558 -0.003721 0.999790 -0.011110 -3.774426 -0.008047 0.011080 0.999764 179.265132
0.999839 0.001698 0.006465 -0.798774 -0.001627 0.999798 -0.010929 -3.811989 -0.006484 0.010918 0.999777 180.653727
0.999853 0.001374 0.004280 -0.792395 -0.001308 0.999744 -0.015254 -3.852382 -0.004300 0.015248 0.999733 182.057339
0.999851 0.003203 0.002856 -0.795884 -0.003146 0.999662 -0.019618 -3.894384 -0.002918 0.019609 0.999660 183.448182
0.999828 0.008079 0.002321 -0.805698 -0.008030 0.999624 -0.020303 -3.941296 -0.002484 0.020284 0.999648 184.848865
0.999804 0.011567 0.001948 -0.810313 -0.011527 0.999616 -0.019439 -3.988643 -0.002172 0.019415 0.999674 186.282067
0.999774 0.013729 0.002278 -0.818029 -0.013691 0.999647 -0.016046 -4.032804 -0.002498 0.016014 0.999731 187.698737
0.999755 0.014487 0.002604 -0.823510 -0.014449 0.999656 -0.014222 -4.073974 -0.002810 0.014183 0.999750 189.125513
0.999760 0.013920 0.002440 -0.820973 -0.013886 0.999673 -0.013360 -4.113563 -0.002625 0.013325 0.999759 190.566756
0.999780 0.012227 0.002495 -0.822458 -0.012194 0.999699 -0.012869 -4.152259 -0.002652 0.012838 0.999764 192.005237
0.999807 0.009670 0.002593 -0.821133 -0.009637 0.999732 -0.012407 -4.191162 -0.002713 0.012382 0.999769 193.434583
0.999823 0.006970 0.002639 -0.815560 -0.006936 0.999747 -0.012489 -4.230595 -0.002726 0.012470 0.999762 194.885931
0.999834 0.003863 0.003051 -0.813918 -0.003827 0.999769 -0.011561 -4.268303 -0.003095 0.011549 0.999766 196.325136
0.999838 -0.000444 0.003512 -0.809936 0.000480 0.999791 -0.010148 -4.305137 -0.003508 0.010150 0.999779 197.768002
0.999831 -0.003138 0.003674 -0.802442 0.003176 0.999783 -0.010331 -4.343422 -0.003642 0.010343 0.999775 199.221519
0.999849 -0.000949 0.003926 -0.804541 0.001007 0.999744 -0.014857 -4.382011 -0.003912 0.014861 0.999731 200.661525
0.999826 0.006395 0.004304 -0.813676 -0.006308 0.999634 -0.020016 -4.425727 -0.004431 0.019989 0.999638 202.091950
0.999720 0.015396 0.005422 -0.824556 -0.015285 0.999533 -0.020078 -4.475359 -0.005730 0.019993 0.999629 203.537253
0.999561 0.023346 0.006633 -0.836687 -0.023234 0.999447 -0.016535 -4.522100 -0.007017 0.016376 0.999689 204.981004
0.999528 0.024330 0.007559 -0.838628 -0.024219 0.999452 -0.014498 -4.564562 -0.007909 0.014311 0.999711 206.444279
0.999570 0.022439 0.007030 -0.831791 -0.022338 0.999494 -0.014121 -4.605701 -0.007345 0.013960 0.999714 207.937756
0.999637 0.019297 0.005792 -0.823440 -0.019212 0.999550 -0.014308 -4.646507 -0.006066 0.014194 0.999713 209.396481
0.999677 0.017301 0.004837 -0.818365 -0.017226 0.999575 -0.014991 -4.689784 -0.005096 0.014905 0.999707 210.858649
0.999673 0.017676 0.004119 -0.814849 -0.017610 0.999560 -0.015525 -4.735774 -0.004393 0.015450 0.999701 212.326675
0.999646 0.019042 0.003984 -0.817519 -0.018978 0.999533 -0.015458 -4.779994 -0.004277 0.015379 0.999699 213.797582
0.999619 0.020299 0.003890 -0.820514 -0.020240 0.999517 -0.014668 -4.824499 -0.004187 0.014586 0.999709 215.269618
0.999632 0.019602 0.003371 -0.817780 -0.019549 0.999520 -0.015220 -4.870846 -0.003668 0.015151 0.999700 216.755980
0.999632 0.019345 0.002999 -0.820692 -0.019294 0.999502 -0.016318 -4.915953 -0.003314 0.016257 0.999678 218.230800
0.999634 0.018622 0.002673 -0.822854 -0.018575 0.999495 -0.016746 -4.961638 -0.002984 0.016694 0.999659 219.705739
0.999614 0.019075 0.002092 -0.824150 -0.019036 0.999471 -0.016949 -5.009362 -0.002415 0.016906 0.999644 221.201345
0.999616 0.019429 0.001912 -0.830925 -0.019393 0.999468 -0.017235 -5.057746 -0.002246 0.017195 0.999648 222.691352
0.999617 0.019443 0.001614 -0.835647 -0.019412 0.999463 -0.017498 -5.105636 -0.001954 0.017464 0.999644 224.178116
0.999597 0.020448 0.001070 -0.841392 -0.020426 0.999436 -0.017860 -5.156497 -0.001435 0.017835 0.999638 225.686541
0.999603 0.020217 0.000708 -0.848062 -0.020201 0.999436 -0.018117 -5.204112 -0.001074 0.018099 0.999634 227.185286
0.999583 0.020822 0.000520 -0.857543 -0.020809 0.999415 -0.018207 -5.252810 -0.000899 0.018193 0.999625 228.690557
0.999595 0.020076 0.000266 -0.860619 -0.020068 0.999425 -0.018279 -5.304899 -0.000633 0.018270 0.999620 230.208393
0.999634 0.018725 0.000393 -0.867772 -0.018714 0.999457 -0.018683 -5.353926 -0.000742 0.018673 0.999626 231.721200
0.999646 0.017715 0.000503 -0.874521 -0.017702 0.999471 -0.018598 -5.403644 -0.000832 0.018587 0.999621 233.229580
0.999667 0.016399 0.000790 -0.881035 -0.016382 0.999505 -0.017927 -5.454531 -0.001083 0.017911 0.999633 234.743841
0.999668 0.016524 0.000802 -0.888799 -0.016508 0.999507 -0.017872 -5.504419 -0.001097 0.017856 0.999637 236.256716
0.999652 0.017038 0.000924 -0.895529 -0.017018 0.999483 -0.018322 -5.555101 -0.001236 0.018303 0.999621 237.770012
0.999639 0.017691 0.001261 -0.902444 -0.017664 0.999456 -0.019113 -5.605557 -0.001599 0.019088 0.999605 239.284471
0.999610 0.019054 0.001837 -0.910432 -0.019017 0.999438 -0.018571 -5.656362 -0.002190 0.018532 0.999611 240.799699
0.999597 0.019446 0.002668 -0.918492 -0.019399 0.999460 -0.016661 -5.705283 -0.002991 0.016606 0.999639 242.324023
0.999596 0.019342 0.003267 -0.923737 -0.019286 0.999465 -0.016396 -5.753324 -0.003583 0.016330 0.999640 243.845098
0.999584 0.019730 0.003789 -0.928788 -0.019658 0.999425 -0.018208 -5.802310 -0.004147 0.018130 0.999606 245.368461
0.999568 0.020060 0.004288 -0.933244 -0.019971 0.999383 -0.019768 -5.851591 -0.004683 0.019678 0.999567 246.895305
0.999548 0.020885 0.004635 -0.938370 -0.020791 0.999370 -0.019506 -5.902215 -0.005041 0.019405 0.999569 248.426052
0.999555 0.020518 0.004584 -0.940586 -0.020429 0.999394 -0.018575 -5.954547 -0.004964 0.018477 0.999586 249.959850
0.999548 0.020779 0.004353 -0.943553 -0.020695 0.999391 -0.018339 -6.006007 -0.004732 0.018245 0.999590 251.501161
0.999544 0.021056 0.004047 -0.944833 -0.020977 0.999383 -0.018464 -6.057499 -0.004435 0.018375 0.999589 253.039171
0.999521 0.022573 0.004249 -0.949323 -0.022492 0.999363 -0.018352 -6.109082 -0.004662 0.018252 0.999601 254.584324
0.999492 0.023775 0.004479 -0.954153 -0.023688 0.999332 -0.018546 -6.160595 -0.004918 0.018434 0.999596 256.122146
0.999485 0.023950 0.004520 -0.959955 -0.023863 0.999329 -0.018378 -6.213372 -0.004958 0.018265 0.999597 257.664424
0.999516 0.022565 0.004572 -0.961964 -0.022478 0.999361 -0.018274 -6.266389 -0.004982 0.018166 0.999598 259.204127
0.999555 0.020768 0.004553 -0.962538 -0.020684 0.999411 -0.017655 -6.317723 -0.004918 0.017557 0.999609 260.741422
0.999600 0.018442 0.004670 -0.960846 -0.018360 0.999467 -0.017048 -6.368871 -0.004983 0.016960 0.999618 262.287542
0.999621 0.017054 0.004318 -0.958879 -0.016974 0.999470 -0.017945 -6.420103 -0.004623 0.017869 0.999599 263.830291
0.999633 0.016029 0.004027 -0.958218 -0.015950 0.999460 -0.019058 -6.472855 -0.004331 0.018992 0.999573 265.374753
0.999658 0.014327 0.004547 -0.960339 -0.014245 0.999517 -0.017458 -6.524645 -0.004796 0.017392 0.999602 266.910093
0.999679 0.012362 0.004938 -0.959539 -0.012283 0.999568 -0.015740 -6.577397 -0.005132 0.015678 0.999625 268.457560
0.999690 0.011378 0.004886 -0.958029 -0.011295 0.999563 -0.016688 -6.626568 -0.005075 0.016632 0.999609 269.995669
0.999686 0.010981 0.005332 -0.957984 -0.010885 0.999544 -0.017732 -6.677897 -0.005526 0.017673 0.999583 271.545111
0.999684 0.011745 0.005962 -0.959219 -0.011636 0.999539 -0.018105 -6.731251 -0.006173 0.018035 0.999582 273.087592
0.999647 0.013579 0.006952 -0.961455 -0.013451 0.999508 -0.018143 -6.784974 -0.007197 0.018048 0.999568 274.626695
0.999621 0.015309 0.007915 -0.963163 -0.015160 0.999479 -0.018562 -6.839291 -0.008197 0.018439 0.999558 276.166590
0.999591 0.016514 0.008899 -0.961357 -0.016344 0.999453 -0.018872 -6.894538 -0.009208 0.018724 0.999542 277.719273
0.999571 0.017310 0.009667 -0.956254 -0.017121 0.999434 -0.019226 -6.949126 -0.009996 0.019057 0.999528 279.260144
0.999553 0.017678 0.010336 -0.949460 -0.017468 0.999406 -0.020057 -7.005134 -0.010687 0.019873 0.999500 280.804543
0.999555 0.017127 0.011199 -0.937840 -0.016893 0.999404 -0.020693 -7.063815 -0.011549 0.020499 0.999480 282.361857
0.999556 0.016509 0.012004 -0.923061 -0.016262 0.999421 -0.020408 -7.121574 -0.012337 0.020208 0.999476 283.921353
0.999566 0.015383 0.012554 -0.909006 -0.015137 0.999455 -0.019500 -7.178390 -0.012850 0.019306 0.999486 285.486361
0.999573 0.014395 0.012771 -0.896533 -0.014147 0.999467 -0.019325 -7.235132 -0.013046 0.019141 0.999481 287.030169
0.999581 0.013914 0.012702 -0.883259 -0.013633 0.999422 -0.021891 -7.292979 -0.013002 0.021714 0.999430 288.594119
0.999600 0.012658 0.012435 -0.871188 -0.012355 0.999385 -0.024144 -7.352484 -0.012736 0.023986 0.999381 290.167186
0.999609 0.012827 0.011534 -0.859453 -0.012544 0.999380 -0.024278 -7.413686 -0.011841 0.024130 0.999389 291.724984
0.999634 0.011610 0.010569 -0.850484 -0.011348 0.999389 -0.024451 -7.472201 -0.010849 0.024328 0.999395 293.257540
0.999641 0.011720 0.009529 -0.839181 -0.011477 0.999368 -0.025138 -7.534801 -0.009820 0.025026 0.999386 294.818788
0.999645 0.011884 0.008882 -0.831220 -0.011655 0.999358 -0.025476 -7.598601 -0.009182 0.025370 0.999383 296.401624
0.999652 0.011798 0.008149 -0.824431 -0.011591 0.999369 -0.025068 -7.662691 -0.008442 0.024971 0.999400 297.975699
0.999658 0.011377 0.007140 -0.818601 -0.011195 0.999370 -0.024982 -7.726983 -0.007422 0.024899 0.999403 299.549057
0.999670 0.010804 0.006113 -0.814818 -0.010657 0.999407 -0.023650 -7.789824 -0.006367 0.023583 0.999441 301.135700
0.999652 0.012677 0.005541 -0.814785 -0.012550 0.999413 -0.022429 -7.850515 -0.005824 0.022357 0.999473 302.731784
0.999643 0.013009 0.006223 -0.814260 -0.012866 0.999409 -0.022415 -7.910859 -0.006512 0.022332 0.999469 304.330402
0.999624 0.013429 0.006998 -0.811556 -0.013266 0.999387 -0.022772 -7.970502 -0.007301 0.022677 0.999447 305.933657
0.999642 0.012189 0.007238 -0.806506 -0.012020 0.999401 -0.023023 -8.030120 -0.007516 0.022934 0.999443 307.537694
0.999665 0.010184 0.007218 -0.798482 -0.010008 0.999398 -0.024106 -8.090771 -0.007462 0.024032 0.999418 309.144285
0.999666 0.008708 0.007278 -0.788179 -0.008515 0.999347 -0.026191 -8.153774 -0.007504 0.026127 0.999353 310.753506
0.999675 0.008198 0.006955 -0.783039 -0.008005 0.999324 -0.027305 -8.218830 -0.007176 0.027248 0.999328 312.365788
0.999690 0.008814 0.004571 -0.780290 -0.008681 0.999295 -0.028370 -8.285901 -0.004819 0.028328 0.999317 313.979501
0.999688 0.009763 0.002310 -0.781578 -0.009696 0.999303 -0.027739 -8.353256 -0.002580 0.027715 0.999342 315.608149
0.999676 0.010882 0.001842 -0.786416 -0.010833 0.999372 -0.024557 -8.419178 -0.002109 0.024536 0.999425 317.236336
0.999684 0.009373 0.002324 -0.787492 -0.009321 0.999448 -0.021625 -8.480324 -0.002526 0.021602 0.999485 318.881878
0.999690 0.008532 0.002394 -0.789534 -0.008479 0.999467 -0.021071 -8.538562 -0.002574 0.021050 0.999495 320.513118
0.999698 0.007524 0.002681 -0.791305 -0.007462 0.999446 -0.022430 -8.598161 -0.002849 0.022409 0.999466 322.154718
0.999704 0.006540 0.003073 -0.793506 -0.006469 0.999449 -0.022569 -8.660196 -0.003220 0.022548 0.999461 323.803940
0.999702 0.006526 0.003464 -0.797174 -0.006448 0.999455 -0.022317 -8.724925 -0.003608 0.022295 0.999465 325.452560
0.999693 0.006607 0.004037 -0.800260 -0.006515 0.999444 -0.022438 -8.789129 -0.004185 0.022411 0.999453 327.090343
0.999673 0.008144 0.004491 -0.803367 -0.008036 0.999402 -0.023483 -8.854786 -0.004681 0.023446 0.999420 328.720409
0.999655 0.008960 0.005283 -0.807851 -0.008830 0.999373 -0.024168 -8.920108 -0.005498 0.024120 0.999393 330.348814
0.999661 0.007719 0.006158 -0.807454 -0.007579 0.999427 -0.022319 -8.985767 -0.006328 0.022271 0.999432 331.983808
0.999667 0.006812 0.006263 -0.804615 -0.006675 0.999450 -0.021570 -9.050284 -0.006409 0.021527 0.999448 333.616217
0.999663 0.005757 0.006158 -0.801206 -0.005614 0.999417 -0.022875 -9.113291 -0.006288 0.022840 0.999410 335.251537
0.999653 0.007250 0.006146 -0.801471 -0.007108 0.999406 -0.022915 -9.178329 -0.006310 0.022870 0.999408 336.877008
0.999635 0.008993 0.005882 -0.803464 -0.008843 0.999337 -0.025002 -9.244373 -0.006105 0.024949 0.999355 338.498828
0.999621 0.010729 0.005134 -0.803314 -0.010581 0.999238 -0.028041 -9.313963 -0.005433 0.027984 0.999277 340.124987
0.999602 0.012037 0.004289 -0.809262 -0.011914 0.999225 -0.027664 -9.384214 -0.004620 0.027611 0.999283 341.751474
0.999596 0.012812 0.003242 -0.813502 -0.012730 0.999304 -0.024260 -9.452365 -0.003552 0.024216 0.999375 343.358551
0.999589 0.013977 0.002091 -0.818313 -0.013929 0.999355 -0.021552 -9.517936 -0.002391 0.021520 0.999445 344.980727
0.999586 0.014393 0.000669 -0.823755 -0.014374 0.999321 -0.022797 -9.581956 -0.000997 0.022785 0.999421 346.601303
0.999593 0.013840 -0.001260 -0.831597 -0.013867 0.999291 -0.024416 -9.645815 0.000922 0.024431 0.999383 348.198990
0.999615 0.012549 -0.003160 -0.841385 -0.012619 0.999347 -0.023101 -9.711831 0.002869 0.023139 0.999419 349.816368
0.999628 0.011020 -0.004265 -0.852318 -0.011114 0.999375 -0.022662 -9.776895 0.004014 0.022708 0.999424 351.427298
0.999622 0.010818 -0.004862 -0.865218 -0.010930 0.999350 -0.023588 -9.840793 0.004605 0.023640 0.999395 353.032522
0.999632 0.010193 -0.005299 -0.877864 -0.010320 0.999338 -0.024572 -9.905769 0.005046 0.024626 0.999374 354.649783
0.999631 0.009999 -0.005400 -0.894661 -0.010130 0.999333 -0.024798 -9.972065 0.005150 0.024851 0.999366 356.263344
0.999636 0.009514 -0.005423 -0.911744 -0.009648 0.999330 -0.025110 -10.038164 0.005182 0.025161 0.999358 357.863590
0.999639 0.009071 -0.005469 -0.929523 -0.009209 0.999315 -0.025811 -10.106258 0.005233 0.025860 0.999339 359.463032
0.999643 0.008943 -0.005425 -0.951933 -0.009085 0.999296 -0.026667 -10.173603 0.005184 0.026715 0.999319 361.069983
0.999648 0.008391 -0.005274 -0.970259 -0.008529 0.999304 -0.026559 -10.242370 0.005049 0.026603 0.999323 362.668760
0.999646 0.008702 -0.005242 -0.987531 -0.008843 0.999276 -0.027539 -10.311728 0.004999 0.027584 0.999297 364.266838
0.999657 0.007160 -0.005412 -0.999615 -0.007314 0.999248 -0.028929 -10.382749 0.005202 0.028968 0.999257 365.861533
0.999668 0.005697 -0.005347 -1.016178 -0.005840 0.999307 -0.027238 -10.453165 0.005190 0.027269 0.999306 367.461528
0.999672 0.004159 -0.005394 -1.031341 -0.004301 0.999328 -0.026609 -10.522785 0.005281 0.026632 0.999319 369.073135
0.999673 0.003777 -0.005347 -1.046488 -0.003924 0.999296 -0.027809 -10.590594 0.005240 0.027829 0.999286 370.678943
0.999665 0.005025 -0.005065 -1.065233 -0.005168 0.999263 -0.028661 -10.658694 0.004919 0.028686 0.999260 372.286083
0.999655 0.006680 -0.004784 -1.082432 -0.006812 0.999268 -0.028065 -10.727793 0.004594 0.028096 0.999277 373.890974
0.999646 0.007989 -0.004440 -1.098836 -0.008108 0.999275 -0.027403 -10.797051 0.004220 0.027438 0.999295 375.501582
0.999643 0.008371 -0.004205 -1.113723 -0.008485 0.999259 -0.027838 -10.866851 0.003970 0.027872 0.999284 377.109357
0.999648 0.008277 -0.004182 -1.128257 -0.008395 0.999235 -0.028889 -10.936840 0.003941 0.028923 0.999259 378.711638
0.999646 0.008381 -0.004020 -1.143723 -0.008495 0.999222 -0.029200 -11.008346 0.003774 0.029233 0.999248 380.325626
0.999642 0.008825 -0.003716 -1.157850 -0.008930 0.999211 -0.029421 -11.081369 0.003454 0.029453 0.999242 381.947033
0.999632 0.010116 -0.003674 -1.170426 -0.010219 0.999200 -0.029412 -11.153965 0.003374 0.029448 0.999244 383.559016
0.999612 0.011637 -0.003499 -1.182812 -0.011733 0.999197 -0.028832 -11.228374 0.003161 0.028871 0.999257 385.179665
0.999593 0.012819 -0.003207 -1.201424 -0.012909 0.999154 -0.029624 -11.300190 0.002825 0.029663 0.999229 386.804512
0.999582 0.013864 -0.002965 -1.219194 -0.013948 0.999120 -0.030375 -11.373204 0.002542 0.030414 0.999209 388.417150
0.999571 0.014751 -0.002756 -1.235489 -0.014828 0.999107 -0.030415 -11.447875 0.002306 0.030452 0.999210 390.031572
0.999552 0.015880 -0.002516 -1.251902 -0.015947 0.999112 -0.029601 -11.521768 0.002045 0.029637 0.999233 391.651309
0.999535 0.016764 -0.002308 -1.266495 -0.016825 0.999101 -0.029361 -11.595686 0.001814 0.029395 0.999237 393.273424
0.999522 0.017619 -0.002058 -1.281606 -0.017673 0.999069 -0.029995 -11.668295 0.001528 0.030027 0.999220 394.897875
0.999518 0.017829 -0.002006 -1.293685 -0.017881 0.999067 -0.029911 -11.740860 0.001472 0.029942 0.999222 396.525305
