1.000000 0.000000 0.000000 0.000000 0.000000 1.000000 0.000000 0.000000 0.000000 0.000000 1.000000 0.000000
0.999998 0.000738 0.001736 -0.007443 -0.000737 1.000000 -0.000972 -0.019393 -0.001737 0.000970 0.999998 1.210384
0.999995 0.001102 0.003169 -0.012255 -0.001100 1.000000 -0.000508 -0.039885 -0.003169 0.000505 0.999996 2.419153
0.999993 0.000522 0.004216 -0.015348 -0.000522 1.000001 -0.000117 -0.061866 -0.004216 0.000115 0.999992 3.623807
0.999988 0.000307 0.005077 -0.017494 -0.000306 1.000000 -0.000082 -0.081809 -0.005077 0.000080 0.999987 4.827317
0.999981 0.000018 0.006091 -0.019512 -0.000018 0.999999 -0.000032 -0.102470 -0.006091 0.000031 0.999980 6.028087
0.999973 0.000389 0.006977 -0.021184 -0.000383 0.999997 -0.000914 -0.125767 -0.006978 0.000911 0.999972 7.230802
0.999968 0.000120 0.007510 -0.016530 -0.000111 0.999995 -0.001235 -0.147326 -0.007510 0.001234 0.999967 8.430878
0.999965 -0.000275 0.007464 -0.012917 0.000272 0.999993 0.000290 -0.168753 -0.007464 -0.000288 0.999965 9.628386
0.999973 -0.000952 0.006108 -0.010607 0.000945 0.999991 0.001163 -0.189092 -0.006109 -0.001157 0.999973 10.827409
0.999985 -0.002047 0.003738 -0.013790 0.002045 0.999992 0.000605 -0.208240 -0.003739 -0.000597 0.999987 12.030796
0.999990 -0.001740 0.001823 -0.023715 0.001740 0.999992 0.000138 -0.228753 -0.001823 -0.000134 0.999991 13.232581
0.999992 -0.001470 0.000632 -0.033325 0.001470 0.999992 -0.000090 -0.248886 -0.000632 0.000091 0.999993 14.430406
0.999993 0.000046 -0.000140 -0.044863 -0.000046 0.999993 -0.000251 -0.270238 0.000140 0.000251 0.999993 15.630252
0.999989 -0.000269 -0.000684 -0.055396 0.000269 0.999990 -0.000147 -0.292630 0.000684 0.000147 0.999989 16.832300
0.999985 -0.000766 -0.001213 -0.065377 0.000766 0.999986 0.000307 -0.313628 0.001212 -0.000308 0.999985 18.031114
0.999985 -0.001075 -0.001599 -0.077907 0.001076 0.999986 0.000473 -0.334328 0.001598 -0.000475 0.999985 19.236050
0.999985 -0.000746 -0.002109 -0.093181 0.000745 0.999987 -0.000457 -0.357014 0.002109 0.000456 0.999985 20.443417
0.999982 -0.001033 -0.002671 -0.105416 0.001030 0.999985 -0.001367 -0.377135 0.002672 0.001364 0.999982 21.644876
0.999980 -0.000268 -0.003564 -0.118034 0.000265 0.999986 -0.000836 -0.399296 0.003564 0.000835 0.999980 22.849201
0.999988 -0.000256 -0.004336 -0.129743 0.000251 0.999997 -0.001002 -0.422324 0.004336 0.001001 0.999988 24.052809
0.999984 -0.000265 -0.005161 -0.144914 0.000256 0.999997 -0.001717 -0.444429 0.005161 0.001716 0.999984 25.258947
0.999980 0.000152 -0.005983 -0.161499 -0.000158 0.999998 -0.001077 -0.465659 0.005983 0.001078 0.999980 26.464150
0.999974 -0.001240 -0.006850 -0.174838 0.001245 0.999998 0.000703 -0.488372 0.006849 -0.000711 0.999976 27.672467
0.999968 -0.001522 -0.007881 -0.189563 0.001529 0.999999 0.000830 -0.509694 0.007879 -0.000842 0.999970 28.873018
0.999954 -0.002228 -0.008951 -0.203215 0.002227 0.999995 -0.000072 -0.529498 0.008951 0.000052 0.999957 30.081529
0.999940 -0.002717 -0.009943 -0.220269 0.002707 0.999989 -0.001088 -0.551799 0.009946 0.001061 0.999944 31.289102
0.999935 -0.002190 -0.010873 -0.239807 0.002179 0.999994 -0.001037 -0.574360 0.010875 0.001014 0.999938 32.490369
0.999926 -0.002823 -0.011636 -0.260331 0.002817 0.999995 -0.000522 -0.596624 0.011638 0.000490 0.999931 33.691997
0.999919 -0.003341 -0.012192 -0.285271 0.003338 0.999995 -0.000253 -0.618402 0.012192 0.000212 0.999926 34.900785
0.999908 -0.003913 -0.012958 -0.305730 0.003907 0.999994 -0.000424 -0.639106 0.012960 0.000374 0.999918 36.103667
0.999900 -0.004167 -0.013821 -0.324369 0.004160 0.999997 -0.000548 -0.659102 0.013823 0.000491 0.999910 37.304283
0.999906 -0.005103 -0.014039 -0.346036 0.005103 1.000005 -0.000019 -0.679423 0.014039 -0.000053 0.999918 38.524272
0.999906 -0.004901 -0.014082 -0.370009 0.004918 1.000005 0.001125 -0.697596 0.014077 -0.001194 0.999917 39.734096
0.999909 -0.004431 -0.014167 -0.395939 0.004458 1.000008 0.001856 -0.716036 0.014158 -0.001919 0.999916 40.944570
0.999911 -0.003817 -0.013870 -0.428459 0.003837 1.000007 0.001438 -0.737527 0.013864 -0.001491 0.999917 42.155329
0.999917 -0.002751 -0.013613 -0.458506 0.002770 1.000009 0.001364 -0.754823 0.013610 -0.001401 0.999919 43.369672
0.999927 -0.000072 -0.012871 -0.490700 0.000112 1.000006 0.003098 -0.772092 0.012871 -0.003099 0.999921 44.581775
0.999958 -0.000104 -0.010949 -0.522244 0.000171 1.000000 0.006155 -0.789442 0.010949 -0.006156 0.999938 45.798359
0.999976 0.000416 -0.009118 -0.545152 -0.000335 0.999979 0.008939 -0.801982 0.009121 -0.008935 0.999936 47.006094
0.999993 0.000829 -0.007438 -0.567074 -0.000738 0.999948 0.012231 -0.810195 0.007448 -0.012225 0.999918 48.220447
1.000008 0.000040 -0.005900 -0.586375 0.000040 0.999936 0.013494 -0.817497 0.005900 -0.013494 0.999917 49.436351
1.000012 -0.001899 -0.004321 -0.600110 0.001950 0.999953 0.011893 -0.821014 0.004298 -0.011901 0.999944 50.648392
1.000018 -0.001121 -0.003270 -0.612601 0.001154 0.999974 0.010088 -0.826387 0.003259 -0.010092 0.999968 51.858280
1.000022 -0.000804 -0.002310 -0.628484 0.000826 0.999981 0.009465 -0.831284 0.002302 -0.009467 0.999978 53.075225
1.000022 -0.001228 -0.002166 -0.639824 0.001247 0.999987 0.008833 -0.839341 0.002155 -0.008836 0.999985 54.283218
1.000020 -0.002058 -0.002849 -0.652443 0.002080 0.999997 0.007738 -0.851011 0.002833 -0.007743 0.999995 55.492645
1.000015 -0.001697 -0.004417 -0.666925 0.001732 0.999995 0.008045 -0.860795 0.004403 -0.008052 0.999986 56.702008
1.000010 -0.001768 -0.005613 -0.684944 0.001819 0.999986 0.009231 -0.871374 0.005597 -0.009241 0.999972 57.917300
1.000007 -0.001928 -0.006681 -0.699890 0.001992 0.999985 0.009585 -0.883351 0.006662 -0.009598 0.999965 59.125504
1.000003 -0.000921 -0.007419 -0.719883 0.000990 0.999990 0.009303 -0.893506 0.007411 -0.009311 0.999962 60.335274
0.999996 -0.000523 -0.007837 -0.740220 0.000594 0.999988 0.009101 -0.903711 0.007832 -0.009106 0.999957 61.543055
0.999991 -0.001528 -0.007932 -0.758377 0.001596 0.999988 0.008570 -0.915828 0.007918 -0.008583 0.999958 62.753821
0.999991 -0.002661 -0.008038 -0.776600 0.002722 0.999997 0.007578 -0.928066 0.008017 -0.007599 0.999968 63.963584
0.999985 -0.003030 -0.008397 -0.793784 0.003105 0.999983 0.008859 -0.940008 0.008370 -0.008884 0.999953 65.173178
0.999978 -0.003259 -0.008618 -0.811957 0.003348 0.999963 0.010344 -0.951840 0.008584 -0.010372 0.999932 66.381636
0.999976 -0.002701 -0.008732 -0.832290 0.002776 0.999979 0.008636 -0.962811 0.008709 -0.008660 0.999947 67.586992
0.999979 -0.000910 -0.008610 -0.855569 0.000973 0.999991 0.007360 -0.973027 0.008603 -0.007368 0.999957 68.791227
0.999979 0.001332 -0.008538 -0.879906 -0.001267 0.999988 0.007651 -0.985373 0.008548 -0.007640 0.999956 69.990747
0.999977 0.003185 -0.008324 -0.902987 -0.003121 0.999983 0.007744 -0.997129 0.008348 -0.007718 0.999957 71.185642
0.999975 0.004646 -0.007938 -0.925679 -0.004581 0.999974 0.008191 -1.009858 0.007975 -0.008154 0.999956 72.376642
0.999980 0.005159 -0.006855 -0.945006 -0.005096 0.999963 0.009142 -1.021829 0.006902 -0.009106 0.999956 73.570204
0.999982 0.006943 -0.004678 -0.963298 -0.006897 0.999946 0.009836 -1.032523 0.004746 -0.009803 0.999962 74.752831
1.000000 0.005380 -0.002000 -0.973945 -0.005365 0.999974 0.007702 -1.046917 0.002042 -0.007691 0.999989 75.931808
1.000010 0.002557 0.000637 -0.979347 -0.002559 1.000008 0.002556 -1.059850 -0.000630 -0.002557 1.000014 77.112710
1.000000 0.003575 0.003126 -0.983379 -0.003581 1.000004 0.001998 -1.073909 -0.003119 -0.002009 1.000009 78.292765
0.999983 0.002641 0.005974 -0.984331 -0.002674 0.999986 0.005528 -1.092190 -0.005960 -0.005544 0.999977 79.470726
0.999953 0.003175 0.009527 -0.982709 -0.003239 0.999976 0.006781 -1.107722 -0.009506 -0.006811 0.999941 80.646265
0.999895 0.003596 0.013914 -0.978044 -0.003663 0.999979 0.004821 -1.120814 -0.013897 -0.004872 0.999892 81.817439
0.999837 0.002802 0.017461 -0.965706 -0.002835 0.999986 0.001843 -1.139889 -0.017456 -0.001892 0.999842 82.988578
0.999770 0.001674 0.021042 -0.948966 -0.001641 0.999988 -0.001588 -1.161381 -0.021045 0.001553 0.999772 84.148357
0.999695 0.001212 0.024593 -0.928087 -0.001149 0.999994 -0.002576 -1.184927 -0.024597 0.002547 0.999696 85.309180
0.999610 0.001137 0.028388 -0.904053 -0.001114 1.000010 -0.000831 -1.209156 -0.028389 0.000799 0.999613 86.476826
0.999484 0.002325 0.032369 -0.879258 -0.002314 1.000006 -0.000385 -1.233391 -0.032370 0.000310 0.999489 87.634915
0.999354 0.002043 0.036173 -0.848186 -0.001951 1.000004 -0.002580 -1.256338 -0.036178 0.002507 0.999356 88.791475
0.999225 0.001939 0.039594 -0.811566 -0.001747 0.999996 -0.004879 -1.281520 -0.039603 0.004806 0.999217 89.952277
0.999093 0.001989 0.042836 -0.769799 -0.001765 0.999995 -0.005259 -1.305902 -0.042846 0.005178 0.999083 91.108827
0.998970 0.000504 0.045669 -0.721413 -0.000315 1.000003 -0.004161 -1.329982 -0.045671 0.004143 0.998963 92.267815
0.998844 -0.000058 0.048363 -0.671728 0.000187 1.000009 -0.002661 -1.353606 -0.048363 0.002667 0.998843 93.433045
0.998715 -0.000832 0.050941 -0.616621 0.000881 1.000011 -0.000940 -1.374873 -0.050940 0.000984 0.998717 94.599950
0.998593 -0.002422 0.053297 -0.556750 0.002425 1.000013 0.000009 -1.395299 -0.053298 0.000121 0.998598 95.761008
0.998480 -0.003417 0.055567 -0.501022 0.003551 1.000020 -0.002310 -1.417043 -0.055559 0.002504 0.998484 96.919246
0.998369 -0.004736 0.057626 -0.438150 0.005087 1.000009 -0.005942 -1.438201 -0.057596 0.006226 0.998364 98.083926
0.998263 -0.004025 0.059476 -0.375091 0.004558 0.999990 -0.008825 -1.462278 -0.059438 0.009081 0.998233 99.250912
0.998156 -0.003867 0.061205 -0.313948 0.004473 0.999978 -0.009761 -1.488109 -0.061164 0.010017 0.998117 100.432381
0.998136 -0.003761 0.061345 -0.244903 0.004338 0.999976 -0.009265 -1.514340 -0.061307 0.009514 0.998101 101.623570
0.998196 -0.003510 0.060384 -0.176600 0.003973 0.999992 -0.007549 -1.539990 -0.060356 0.007776 0.998174 102.827054
0.998279 -0.004201 0.058939 -0.101521 0.004578 0.999998 -0.006262 -1.563187 -0.058912 0.006522 0.998270 104.064435
0.998412 -0.003774 0.056667 -0.034467 0.004092 1.000004 -0.005497 -1.585549 -0.056646 0.005721 0.998405 105.282914
0.998564 -0.003529 0.053877 0.028050 0.003808 1.000004 -0.005088 -1.608602 -0.053859 0.005286 0.998558 106.502155
0.998723 -0.002949 0.050827 0.087565 0.003219 1.000002 -0.005218 -1.632524 -0.050811 0.005375 0.998714 107.737969
0.998917 -0.001549 0.046893 0.136699 0.001820 1.000001 -0.005739 -1.656367 -0.046884 0.005818 0.998903 108.952885
0.999097 -0.001424 0.042776 0.183795 0.001657 0.999999 -0.005404 -1.680234 -0.042767 0.005470 0.999084 110.172901
0.999256 -0.000807 0.038854 0.221850 0.000979 1.000002 -0.004401 -1.706194 -0.038851 0.004436 0.999247 111.392314
0.999412 -0.000538 0.034553 0.256280 0.000663 1.000004 -0.003597 -1.730687 -0.034551 0.003618 0.999407 112.613905
0.999555 -0.000525 0.030120 0.284445 0.000618 1.000006 -0.003101 -1.753480 -0.030118 0.003118 0.999552 113.841354
0.999687 0.000039 0.025351 0.306805 0.000038 1.000006 -0.003020 -1.777675 -0.025351 0.003020 0.999683 115.067866
0.999809 0.000866 0.020293 0.324959 -0.000801 1.000012 -0.003218 -1.799673 -0.020296 0.003202 0.999805 116.299164
0.999897 0.001338 0.015283 0.337830 -0.001284 1.000009 -0.003598 -1.822961 -0.015288 0.003578 0.999893 117.536379
0.999955 0.002389 0.010595 0.343645 -0.002345 1.000004 -0.004230 -1.847229 -0.010605 0.004205 0.999950 118.781574
0.999989 0.004368 0.007000 0.343412 -0.004338 1.000006 -0.004317 -1.870126 -0.007019 0.004287 0.999990 120.023264
0.999984 0.006379 0.004807 0.340732 -0.006359 0.999988 -0.004308 -1.894566 -0.004835 0.004277 0.999995 121.263150
0.999967 0.007524 0.003744 0.334920 -0.007507 0.999965 -0.004650 -1.919440 -0.003779 0.004622 0.999986 122.505105
0.999951 0.009667 0.002530 0.329155 -0.009656 0.999946 -0.004528 -1.942661 -0.002574 0.004503 0.999989 123.757252
0.999937 0.010894 0.001468 0.322520 -0.010889 0.999932 -0.003733 -1.966806 -0.001509 0.003717 0.999990 125.008397
0.999932 0.010684 0.000875 0.313253 -0.010681 0.999929 -0.003358 -1.991873 -0.000911 0.003349 0.999984 126.262943
0.999884 0.014476 -0.000004 0.298649 -0.014476 0.999885 -0.001410 -2.012428 -0.000016 0.001410 0.999989 127.518131
0.999869 0.015479 -0.000725 0.285697 -0.015477 0.999870 0.001756 -2.032036 0.000752 -0.001745 0.999987 128.778826
0.999883 0.014213 -0.001202 0.272204 -0.014212 0.999888 0.001264 -2.049761 0.001220 -0.001247 0.999984 130.044230
0.999884 0.014205 -0.001822 0.258368 -0.014206 0.999890 -0.000381 -2.065029 0.001816 0.000407 0.999985 131.310987
0.999919 0.011389 -0.002706 0.247522 -0.011388 0.999927 0.000537 -2.082604 0.002711 -0.000506 0.999984 132.577969
0.999939 0.009268 -0.003475 0.233592 -0.009260 0.999947 0.002335 -2.100829 0.003497 -0.002303 0.999979 133.847429
0.999961 0.005942 -0.003810 0.221478 -0.005927 0.999965 0.004104 -2.116603 0.003834 -0.004081 0.999971 135.126248
0.999968 0.004158 -0.004232 0.209028 -0.004136 0.999968 0.005163 -2.133296 0.004253 -0.005145 0.999964 136.402447
0.999976 -0.000108 -0.004072 0.200483 0.000122 0.999984 0.003372 -2.151128 0.004071 -0.003373 0.999972 137.679032
0.999972 -0.002610 -0.004041 0.188949 0.002620 0.999983 0.002311 -2.166311 0.004034 -0.002321 0.999974 138.953796
0.999971 -0.004020 -0.003873 0.177650 0.004027 0.999981 0.001977 -2.184485 0.003864 -0.001992 0.999978 140.231683
0.999973 -0.004311 -0.003519 0.167427 0.004320 0.999981 0.002341 -2.202961 0.003509 -0.002356 0.999981 141.510455
0.999978 -0.003713 -0.002939 0.154958 0.003725 0.999978 0.004229 -2.220037 0.002923 -0.004239 0.999976 142.790489
0.999983 -0.001362 -0.002186 0.140308 0.001375 0.999973 0.005739 -2.237156 0.002178 -0.005742 0.999968 144.077597
0.999984 -0.001454 -0.001535 0.127785 0.001460 0.999982 0.003972 -2.254109 0.001529 -0.003974 0.999978 145.360610
0.999972 -0.000881 -0.001068 0.116197 0.000883 0.999975 0.002033 -2.270891 0.001066 -0.002034 0.999971 146.641243
0.999960 -0.001050 -0.000478 0.105083 0.001050 0.999964 -0.000446 -2.293092 0.000478 0.000446 0.999961 147.923574
0.999958 -0.002207 -0.000087 0.095832 0.002207 0.999951 -0.004588 -2.318094 0.000097 0.004588 0.999951 149.199019
0.999962 -0.002200 0.000377 0.085581 0.002203 0.999933 -0.008138 -2.346661 -0.000360 0.008139 0.999932 150.478072
0.999960 -0.002465 0.000615 0.077661 0.002471 0.999924 -0.009058 -2.380275 -0.000593 0.009060 0.999923 151.755332
0.999954 -0.002677 0.000561 0.067499 0.002682 0.999920 -0.008771 -2.415179 -0.000538 0.008772 0.999920 153.035179
0.999955 -0.001988 0.000407 0.057583 0.001992 0.999926 -0.008290 -2.449200 -0.000390 0.008291 0.999924 154.309881
0.999957 -0.001245 0.000239 0.046036 0.001247 0.999936 -0.007207 -2.483520 -0.000230 0.007208 0.999932 155.585380
0.999953 -0.000758 -0.000163 0.034789 0.000757 0.999935 -0.006697 -2.514975 0.000168 0.006697 0.999931 156.862381
0.999953 -0.000592 -0.000840 0.025952 0.000586 0.999933 -0.007116 -2.546148 0.000844 0.007115 0.999929 158.133458
0.999953 -0.000107 -0.001366 0.011149 0.000098 0.999935 -0.006854 -2.577911 0.001366 0.006854 0.999930 159.410971
0.999951 -0.000591 -0.002153 0.000927 0.000579 0.999941 -0.005771 -2.606943 0.002156 0.005770 0.999935 160.692619
0.999949 0.000392 -0.002854 -0.011953 -0.000408 0.999942 -0.005561 -2.636161 0.002852 0.005562 0.999934 161.963560
0.999947 0.000989 -0.003270 -0.029760 -0.001011 0.999935 -0.006569 -2.666951 0.003263 0.006572 0.999926 163.233099
0.999943 0.001414 -0.003915 -0.047758 -0.001444 0.999924 -0.007884 -2.697330 0.003904 0.007890 0.999914 164.504022
0.999931 0.002214 -0.004455 -0.066869 -0.002249 0.999915 -0.007922 -2.729267 0.004437 0.007932 0.999903 165.769820
0.999927 0.001674 -0.005015 -0.084192 -0.001718 0.999906 -0.008794 -2.764419 0.005000 0.008803 0.999891 167.039510
0.999921 0.002178 -0.005814 -0.102978 -0.002236 0.999894 -0.009877 -2.797434 0.005792 0.009890 0.999876 168.316435
0.999918 0.002491 -0.006469 -0.122039 -0.002553 0.999898 -0.009603 -2.831190 0.006445 0.009620 0.999877 169.590961
0.999916 0.002714 -0.007061 -0.143381 -0.002773 0.999911 -0.008273 -2.864677 0.007038 0.008292 0.999887 170.865485
0.999905 0.002689 -0.007896 -0.162478 -0.002752 0.999908 -0.007961 -2.896332 0.007874 0.007982 0.999878 172.138481
0.999894 0.003072 -0.008670 -0.184240 -0.003139 0.999906 -0.007684 -2.927260 0.008646 0.007711 0.999871 173.412377
0.999887 0.003436 -0.009440 -0.203660 -0.003506 0.999908 -0.007357 -2.960301 0.009414 0.007390 0.999867 174.681053
0.999877 0.003719 -0.010035 -0.226747 -0.003803 0.999897 -0.008301 -2.991442 0.010003 0.008339 0.999849 175.960513
0.999864 0.004654 -0.010620 -0.250415 -0.004748 0.999885 -0.008897 -3.022753 0.010578 0.008947 0.999835 177.233070
0.999857 0.004724 -0.011073 -0.271899 -0.004819 0.999885 -0.008598 -3.055332 0.011032 0.008651 0.999831 178.504884
0.999855 0.004511 -0.011387 -0.296194 -0.004623 0.999876 -0.009798 -3.088681 0.011342 0.009850 0.999817 179.778106
0.999859 0.003057 -0.011523 -0.318949 -0.003188 0.999865 -0.011407 -3.123164 0.011487 0.011444 0.999799 181.048834
0.999863 -0.000181 -0.011626 -0.339493 0.000050 0.999872 -0.011267 -3.159904 0.011628 0.011266 0.999799 182.316571
0.999858 0.000124 -0.012077 -0.362151 -0.000215 0.999908 -0.007569 -3.193577 0.012075 0.007571 0.999830 183.590025
0.999859 -0.000691 -0.012106 -0.385118 0.000651 0.999933 -0.003280 -3.225606 0.012108 0.003272 0.999855 184.858787
0.999858 0.000483 -0.012123 -0.410303 -0.000532 0.999931 -0.004022 -3.252805 0.012121 0.004028 0.999852 186.121998
0.999859 0.002032 -0.011903 -0.435967 -0.002118 0.999911 -0.007202 -3.280556 0.011888 0.007227 0.999836 187.367178
0.999854 0.002247 -0.012169 -0.458325 -0.002358 0.999893 -0.009158 -3.311786 0.012148 0.009186 0.999816 188.611877
0.999850 0.002220 -0.012213 -0.484151 -0.002329 0.999889 -0.008943 -3.344598 0.012192 0.008971 0.999814 189.848493
0.999853 0.002137 -0.012140 -0.506628 -0.002233 0.999901 -0.007838 -3.378248 0.012122 0.007864 0.999827 191.095644
0.999855 0.002378 -0.011936 -0.530230 -0.002447 0.999915 -0.005754 -3.410914 0.011921 0.005783 0.999843 192.338348
0.999864 0.001808 -0.011119 -0.556266 -0.001863 0.999920 -0.004918 -3.443927 0.011110 0.004939 0.999856 193.591771
0.999881 0.001895 -0.009645 -0.579761 -0.001949 0.999918 -0.005528 -3.474983 0.009634 0.005547 0.999869 194.835782
0.999893 0.000848 -0.008204 -0.599208 -0.000905 0.999908 -0.007037 -3.506201 0.008197 0.007045 0.999871 196.070485
0.999899 0.000537 -0.006999 -0.614684 -0.000597 0.999892 -0.008509 -3.540036 0.006994 0.008513 0.999864 197.300411
0.999907 -0.000132 -0.005665 -0.627993 0.000080 0.999886 -0.009131 -3.573650 0.005666 0.009130 0.999867 198.524520
0.999910 0.000167 -0.004425 -0.641247 -0.000204 0.999889 -0.008483 -3.606909 0.004423 0.008484 0.999876 199.743246
0.999913 -0.000202 -0.003023 -0.653058 0.000182 0.999902 -0.006538 -3.641866 0.003024 0.006537 0.999894 200.961329
0.999916 0.000895 -0.001848 -0.666413 -0.000906 0.999904 -0.006152 -3.674313 0.001842 0.006153 0.999899 202.172999
0.999917 0.000664 -0.000799 -0.677906 -0.000669 0.999904 -0.006104 -3.704476 0.000795 0.006105 0.999900 203.387359
0.999916 0.001086 0.000404 -0.693459 -0.001083 0.999903 -0.005972 -3.736293 -0.000411 0.005972 0.999901 204.608170
0.999911 0.000919 0.001461 -0.701103 -0.000910 0.999900 -0.005811 -3.766394 -0.001466 0.005810 0.999897 205.812321
0.999907 0.001282 0.002266 -0.709235 -0.001268 0.999897 -0.006051 -3.795058 -0.002274 0.006049 0.999892 207.008136
0.999903 0.001071 0.003096 -0.715549 -0.001053 0.999895 -0.005955 -3.826389 -0.003103 0.005952 0.999888 208.199265
0.999913 0.000046 0.003614 -0.718731 -0.000024 0.999906 -0.005986 -3.856805 -0.003614 0.005986 0.999896 209.369654
0.999910 -0.000098 0.003775 -0.725224 0.000118 0.999909 -0.005237 -3.886440 -0.003775 0.005237 0.999899 210.536010
0.999910 -0.000601 0.003378 -0.726674 0.000615 0.999912 -0.004156 -3.918880 -0.003376 0.004159 0.999903 211.675732
0.999910 -0.000339 0.002646 -0.731034 0.000350 0.999910 -0.004213 -3.948736 -0.002645 0.004214 0.999903 212.792472
0.999911 0.000093 0.002101 -0.735436 -0.000083 0.999906 -0.005171 -3.978511 -0.002101 0.005171 0.999900 213.892572
0.999912 0.000286 0.001603 -0.740639 -0.000277 0.999901 -0.005917 -4.009086 -0.001605 0.005916 0.999896 214.979560
0.999911 0.000183 0.000923 -0.747136 -0.000178 0.999898 -0.006104 -4.038089 -0.000924 0.006104 0.999894 216.055529
0.999911 -0.000159 -0.000389 -0.753924 0.000157 0.999898 -0.006105 -4.067778 0.000390 0.006105 0.999894 217.116806
0.999910 -0.000689 -0.002074 -0.762695 0.000678 0.999902 -0.005312 -4.096985 0.002077 0.005311 0.999896 218.172739
0.999902 -0.001720 -0.004245 -0.772337 0.001704 0.999908 -0.003654 -4.123875 0.004251 0.003647 0.999896 219.216412
0.999889 -0.001343 -0.006586 -0.785268 0.001330 0.999912 -0.002022 -4.149258 0.006588 0.002013 0.999888 220.251177
0.999870 -0.001016 -0.008937 -0.803270 0.001000 0.999912 -0.001878 -4.176446 0.008939 0.001870 0.999869 221.267591
0.999843 -0.000735 -0.011721 -0.821621 0.000706 0.999913 -0.002414 -4.199439 0.011723 0.002406 0.999841 222.264302
0.999806 -0.000668 -0.014723 -0.841897 0.000633 0.999913 -0.002361 -4.221371 0.014724 0.002352 0.999803 223.237580
0.999755 -0.000097 -0.017550 -0.867343 0.000065 0.999908 -0.001799 -4.247246 0.017550 0.001797 0.999753 224.186305
0.999698 0.000247 -0.020488 -0.895322 -0.000290 0.999907 -0.002107 -4.271472 0.020488 0.002113 0.999696 225.113296
0.999629 0.000153 -0.023624 -0.923828 -0.000216 0.999907 -0.002672 -4.294517 0.023623 0.002677 0.999626 226.015701
0.999547 0.000026 -0.026894 -0.954384 -0.000114 0.999906 -0.003279 -4.317978 0.026893 0.003281 0.999542 226.893395
0.999461 0.001247 -0.030071 -0.988345 -0.001355 0.999909 -0.003586 -4.341084 0.030066 0.003625 0.999455 227.750567
0.999365 0.001684 -0.033061 -1.023935 -0.001828 0.999904 -0.004322 -4.364133 0.033053 0.004380 0.999357 228.586894
0.999280 0.003553 -0.035360 -1.061901 -0.003707 0.999899 -0.004288 -4.387356 0.035344 0.004417 0.999278 229.405241
0.999251 0.004325 -0.036068 -1.098708 -0.004465 0.999897 -0.003814 -4.408181 0.036051 0.003972 0.999254 230.205618
0.999258 0.004394 -0.035779 -1.133260 -0.004500 0.999897 -0.002892 -4.428632 0.035766 0.003051 0.999265 230.987108
0.999277 0.004487 -0.035167 -1.167243 -0.004565 0.999896 -0.002125 -4.449444 0.035157 0.002285 0.999286 231.752035
0.999291 0.004390 -0.034769 -1.199161 -0.004483 0.999895 -0.002610 -4.468947 0.034756 0.002765 0.999298 232.497946
0.999304 0.004939 -0.034360 -1.230985 -0.005098 0.999887 -0.004560 -4.487849 0.034336 0.004733 0.999307 233.234962
0.999342 0.004948 -0.033523 -1.259536 -0.005175 0.999884 -0.006671 -4.507569 0.033489 0.006841 0.999334 233.965593
0.999380 0.005003 -0.032407 -1.285927 -0.005266 0.999875 -0.008035 -4.527026 0.032365 0.008202 0.999362 234.694313
0.999418 0.005620 -0.031068 -1.312694 -0.005890 0.999866 -0.008605 -4.546139 0.031018 0.008784 0.999399 235.419670
0.999474 0.005084 -0.029323 -1.336148 -0.005344 0.999867 -0.008788 -4.566316 0.029276 0.008941 0.999449 236.142662
0.999523 0.004941 -0.027550 -1.358119 -0.005187 0.999865 -0.008878 -4.585513 0.027504 0.009018 0.999497 236.862177
0.999572 0.005055 -0.025600 -1.379111 -0.005287 0.999861 -0.009014 -4.606394 0.025553 0.009146 0.999545 237.576538
0.999621 0.004816 -0.023591 -1.398295 -0.005038 0.999858 -0.009328 -4.627092 0.023545 0.009444 0.999590 238.291166
0.999684 0.005022 -0.020613 -1.418804 -0.005207 0.999858 -0.008943 -4.646785 0.020567 0.009048 0.999657 239.003642
0.999747 0.004014 -0.017555 -1.431558 -0.004160 0.999868 -0.008295 -4.666022 0.017521 0.008367 0.999721 239.709672
0.999797 0.003097 -0.014583 -1.444033 -0.003213 0.999874 -0.007980 -4.686505 0.014557 0.008026 0.999771 240.413962
0.999836 0.002912 -0.011639 -1.453860 -0.003004 0.999874 -0.007965 -4.706203 0.011615 0.008000 0.999809 241.110913
0.999867 0.002727 -0.008527 -1.463798 -0.002799 0.999871 -0.008357 -4.724914 0.008503 0.008381 0.999837 241.803376
0.999886 0.002832 -0.005429 -1.472934 -0.002879 0.999866 -0.008672 -4.743107 0.005404 0.008688 0.999854 242.496388
0.999892 0.003709 -0.002371 -1.480502 -0.003732 0.999852 -0.009570 -4.761230 0.002335 0.009579 0.999855 243.189487
0.999893 0.003804 0.000645 -1.484767 -0.003797 0.999844 -0.010196 -4.779591 -0.000685 0.010194 0.999850 243.887417
0.999884 0.004089 0.003610 -1.486641 -0.004055 0.999850 -0.009282 -4.798385 -0.003648 0.009267 0.999850 244.588160
0.999869 0.004371 0.006171 -1.486376 -0.004317 0.999852 -0.008768 -4.816657 -0.006209 0.008741 0.999842 245.292741
0.999851 0.004094 0.008656 -1.484985 -0.004017 0.999851 -0.008946 -4.835581 -0.008693 0.008911 0.999820 245.997165
0.999826 0.004131 0.010991 -1.481304 -0.004015 0.999834 -0.010571 -4.854744 -0.011034 0.010526 0.999780 246.702703
0.999802 0.004415 0.012830 -1.476617 -0.004248 0.999803 -0.012945 -4.873155 -0.012887 0.012890 0.999729 247.411853
0.999790 0.003425 0.013882 -1.469756 -0.003222 0.999783 -0.014579 -4.892867 -0.013931 0.014533 0.999691 248.129185
0.999785 0.003685 0.013800 -1.462081 -0.003477 0.999769 -0.015096 -4.913681 -0.013854 0.015047 0.999677 248.854487
0.999779 0.003034 0.014034 -1.455215 -0.002814 0.999757 -0.015640 -4.935703 -0.014080 0.015599 0.999660 249.582763
0.999764 0.004428 0.014356 -1.455460 -0.004197 0.999739 -0.016106 -4.957390 -0.014425 0.016044 0.999642 250.323161
0.999751 0.005111 0.014678 -1.448154 -0.004868 0.999724 -0.016575 -4.980329 -0.014761 0.016502 0.999625 251.061562
0.999746 0.004766 0.014995 -1.444259 -0.004486 0.999687 -0.018642 -5.005482 -0.015081 0.018572 0.999581 251.814614
0.999750 0.000746 0.015390 -1.431057 -0.000426 0.999653 -0.020743 -5.031408 -0.015403 0.020734 0.999532 252.565048
0.999732 -0.002525 0.016037 -1.420485 0.002874 0.999623 -0.021747 -5.054549 -0.015979 0.021791 0.999496 253.331840
0.999726 -0.000048 0.016589 -1.414841 0.000345 0.999704 -0.017871 -5.075951 -0.016586 0.017874 0.999564 254.105305
0.999706 0.003825 0.017309 -1.413823 -0.003622 0.999787 -0.011789 -5.097978 -0.017353 0.011724 0.999642 254.891113
0.999693 0.003054 0.018206 -1.403604 -0.002902 0.999825 -0.008350 -5.121418 -0.018231 0.008296 0.999662 255.680847
0.999648 0.002082 0.020438 -1.387716 -0.001865 0.999802 -0.010617 -5.141068 -0.020460 0.010577 0.999592 256.471531
0.999546 0.003217 0.024638 -1.375457 -0.002803 0.999710 -0.016805 -5.160327 -0.024689 0.016731 0.999408 257.268047
0.999435 0.005263 0.028469 -1.360884 -0.004682 0.999634 -0.020437 -5.181548 -0.028571 0.020295 0.999237 258.070651
0.999322 0.006769 0.031701 -1.341713 -0.006124 0.999622 -0.020381 -5.205482 -0.031832 0.020176 0.999135 258.891058
0.999217 0.005103 0.035124 -1.318165 -0.004472 0.999675 -0.018027 -5.233432 -0.035211 0.017859 0.999065 259.726582
0.999111 0.001999 0.038267 -1.288135 -0.001429 0.999733 -0.014915 -5.259180 -0.038293 0.014849 0.998999 260.564326
0.998982 -0.000364 0.041373 -1.256486 0.000923 0.999748 -0.013492 -5.283301 -0.041365 0.013518 0.998889 261.403565
0.998847 -0.000225 0.044353 -1.222587 0.000799 0.999748 -0.012932 -5.309144 -0.044347 0.012955 0.998761 262.245021
0.998727 0.001990 0.046843 -1.189566 -0.001283 0.999713 -0.015119 -5.334632 -0.046868 0.015043 0.998613 263.085814
0.998634 0.002687 0.049075 -1.151666 -0.001834 0.999690 -0.017412 -5.360464 -0.049115 0.017302 0.998484 263.927867
0.998498 0.003110 0.051736 -1.114487 -0.002206 0.999687 -0.017516 -5.386926 -0.051782 0.017378 0.998346 264.768270
0.998329 0.003985 0.054722 -1.075224 -0.003142 0.999712 -0.015470 -5.415271 -0.054778 0.015275 0.998214 265.614387
0.998142 0.005498 0.058026 -1.035926 -0.004697 0.999734 -0.013931 -5.443683 -0.058097 0.013635 0.998056 266.459377
0.997962 0.006101 0.060983 -0.992711 -0.005251 0.999729 -0.014090 -5.470386 -0.061062 0.013744 0.997878 267.304174
0.997784 0.006134 0.063821 -0.946949 -0.005210 0.999721 -0.014633 -5.495971 -0.063904 0.014271 0.997692 268.150705
0.997608 0.004536 0.066625 -0.896087 -0.003539 0.999721 -0.015076 -5.522169 -0.066686 0.014806 0.997501 268.995257
0.997479 0.001446 0.068604 -0.841382 -0.000452 0.999732 -0.014505 -5.547082 -0.068618 0.014440 0.997372 269.842979
0.997409 0.000656 0.069570 -0.789268 0.000362 0.999726 -0.014625 -5.574147 -0.069572 0.014615 0.997299 270.694885
0.997355 0.000005 0.070327 -0.736880 0.001035 0.999723 -0.014750 -5.599874 -0.070320 0.014786 0.997243 271.545171
0.997322 0.000036 0.070777 -0.682805 0.001011 0.999722 -0.014752 -5.625345 -0.070770 0.014787 0.997210 272.398021
0.997316 0.000340 0.070825 -0.629970 0.000669 0.999728 -0.014220 -5.651662 -0.070823 0.014232 0.997213 273.251470
0.997343 0.000964 0.070434 -0.577291 0.000014 0.999732 -0.013878 -5.678629 -0.070441 0.013844 0.997244 274.107798
0.997435 0.000685 0.069121 -0.521548 0.000334 0.999720 -0.014734 -5.706111 -0.069124 0.014722 0.997324 274.965421
0.997546 0.000862 0.067507 -0.468802 0.000198 0.999705 -0.015704 -5.733387 -0.067512 0.015682 0.997420 275.823928
0.997658 0.001819 0.065825 -0.415701 -0.000733 0.999693 -0.016509 -5.759933 -0.065846 0.016425 0.997520 276.681128
0.997761 0.002772 0.064202 -0.365834 -0.001694 0.999687 -0.016833 -5.789098 -0.064240 0.016689 0.997620 277.536596
0.997858 0.004309 0.062591 -0.324477 -0.003240 0.999677 -0.017178 -5.817519 -0.062656 0.016942 0.997716 278.381428
0.997979 0.004919 0.060598 -0.282737 -0.003912 0.999683 -0.016724 -5.845607 -0.060672 0.016456 0.997848 279.233185
0.998149 0.004740 0.057820 -0.241358 -0.003859 0.999709 -0.015338 -5.873859 -0.057886 0.015089 0.998040 280.082010
0.998388 0.003400 0.053728 -0.201988 -0.002708 0.999751 -0.012935 -5.902257 -0.053768 0.012771 0.998308 280.928449
0.998634 0.002465 0.048955 -0.166950 -0.001910 0.999770 -0.011374 -5.928124 -0.048980 0.011267 0.998570 281.773021
0.998860 0.002028 0.044211 -0.136631 -0.001581 0.999787 -0.010140 -5.952729 -0.044230 0.010061 0.998808 282.608825
0.999063 0.001752 0.039401 -0.109686 -0.001381 0.999795 -0.009443 -5.977259 -0.039416 0.009381 0.999018 283.436620
0.999239 0.001157 0.034689 -0.086607 -0.000844 0.999799 -0.009050 -6.000617 -0.034699 0.009015 0.999196 284.255587
0.999395 0.000160 0.029796 -0.065012 0.000103 0.999800 -0.008827 -6.024213 -0.029797 0.008827 0.999353 285.064181
0.999504 0.000015 0.025821 -0.054026 0.000224 0.999794 -0.009236 -6.047858 -0.025820 0.009238 0.999458 285.840207
0.999600 0.000447 0.021802 -0.043530 -0.000242 0.999793 -0.009374 -6.071239 -0.021805 0.009367 0.999553 286.613021
0.999675 0.000562 0.017815 -0.034113 -0.000395 0.999789 -0.009402 -6.094837 -0.017820 0.009394 0.999628 287.366333
0.999737 0.000181 0.014055 -0.029727 -0.000050 0.999786 -0.009337 -6.118835 -0.014057 0.009336 0.999688 288.096723
0.999787 -0.000710 0.009693 -0.027129 0.000808 0.999777 -0.010107 -6.141062 -0.009686 0.010114 0.999730 288.812677
0.999818 0.000692 0.004738 -0.032994 -0.000637 0.999756 -0.011592 -6.165919 -0.004746 0.011589 0.999746 289.503563
0.999825 0.002256 -0.001856 -0.042193 -0.002281 0.999729 -0.013551 -6.188139 0.001825 0.013556 0.999731 290.175269
0.999773 0.002935 -0.010235 -0.059653 -0.003091 0.999703 -0.015233 -6.211235 0.010188 0.015264 0.999656 290.826042
0.999604 0.002837 -0.020963 -0.081882 -0.003180 0.999683 -0.016346 -6.234152 0.020912 0.016409 0.999470 291.470592
0.999228 0.003178 -0.034451 -0.115913 -0.003749 0.999677 -0.016518 -6.259529 0.034393 0.016638 0.999092 292.099805
0.998492 0.004281 -0.051412 -0.161869 -0.005100 0.999680 -0.015816 -6.283630 0.051336 0.016057 0.998371 292.717029
0.997244 0.006766 -0.071422 -0.222431 -0.007851 0.999673 -0.014926 -6.307089 0.071310 0.015449 0.997151 293.318031
0.995315 0.008294 -0.094467 -0.294413 -0.009749 0.999657 -0.014946 -6.326967 0.094327 0.015800 0.995232 293.908983
0.992543 0.009676 -0.120046 -0.382310 -0.011541 0.999640 -0.014848 -6.346712 0.119880 0.016126 0.992474 294.484597
0.988716 0.010939 -0.148239 -0.484267 -0.013201 0.999632 -0.014284 -6.365660 0.148054 0.016082 0.988668 295.039765
0.983579 0.011955 -0.179140 -0.601645 -0.014486 0.999637 -0.012827 -6.383043 0.178952 0.015214 0.983563 295.578576
0.976744 0.011678 -0.213304 -0.735827 -0.014323 0.999663 -0.010855 -6.399215 0.213141 0.013660 0.976748 296.108257
0.968116 0.011760 -0.249565 -0.887689 -0.014399 0.999686 -0.008752 -6.415622 0.249425 0.012069 0.968143 296.619952
0.957545 0.012989 -0.287418 -1.058257 -0.015343 0.999693 -0.005938 -6.429954 0.287300 0.010097 0.957609 297.114198
0.944873 0.014346 -0.326602 -1.246358 -0.016287 0.999685 -0.003206 -6.442324 0.326509 0.008351 0.944971 297.594047
0.930006 0.014694 -0.366785 -1.451053 -0.016145 0.999692 -0.000888 -6.451863 0.366721 0.006749 0.930117 298.055695
0.912830 0.014528 -0.407661 -1.669772 -0.015371 0.999703 0.001209 -6.460503 0.407627 0.005163 0.912940 298.501399
0.892922 0.014046 -0.449609 -1.909452 -0.014302 0.999714 0.002830 -6.468485 0.449598 0.003904 0.893023 298.927681
0.870035 0.013330 -0.492454 -2.166196 -0.012938 0.999725 0.004202 -6.476611 0.492461 0.002716 0.870122 299.335822
0.844081 0.012472 -0.535743 -2.441829 -0.011109 0.999739 0.005772 -6.480422 0.535769 0.001079 0.844149 299.729948
0.815191 0.012607 -0.578750 -2.739116 -0.009884 0.999736 0.007856 -6.484382 0.578799 -0.000684 0.815246 300.099770
0.782919 0.013997 -0.621678 -3.052754 -0.010711 0.999716 0.009019 -6.489611 0.621739 -0.000403 0.782989 300.448298
0.747478 0.013003 -0.663886 -3.381003 -0.008775 0.999726 0.009702 -6.494599 0.663950 -0.001427 0.747525 300.773474
0.708009 0.011909 -0.705845 -3.724139 -0.004690 0.999726 0.012162 -6.496967 0.705925 -0.005301 0.708002 301.077631
0.664411 0.011200 -0.747035 -4.084685 0.001120 0.999680 0.015984 -6.496728 0.747113 -0.011458 0.664310 301.352908
0.616206 0.011730 -0.787258 -4.460804 0.005137 0.999613 0.018914 -6.494956 0.787324 -0.015701 0.616024 301.600070
0.565453 0.015639 -0.824399 -4.855942 0.004157 0.999555 0.021813 -6.494321 0.824532 -0.015764 0.565246 301.793562
0.512192 0.022067 -0.858361 -5.256389 -0.000799 0.999481 0.025219 -6.494645 0.858639 -0.012233 0.512044 301.963239
0.456808 0.026165 -0.888960 -5.656463 -0.003604 0.999411 0.027564 -6.491332 0.889332 -0.009389 0.456725 302.103880
0.399048 0.028388 -0.916275 -6.058940 -0.004129 0.999362 0.029164 -6.483942 0.916700 -0.007856 0.398991 302.230133
0.340222 0.030459 -0.939641 -6.445451 -0.002338 0.999295 0.031546 -6.476242 0.940126 -0.008538 0.340122 302.335980
0.280874 0.033725 -0.958947 -6.846068 0.000008 0.999179 0.035142 -6.470915 0.959534 -0.009880 0.280700 302.415404
0.220561 0.037698 -0.974444 -7.237528 0.002134 0.999030 0.039132 -6.465212 0.975164 -0.010712 0.220311 302.470892
0.157514 0.040900 -0.986469 -7.645846 0.004887 0.998893 0.042195 -6.455266 0.987298 -0.011469 0.157172 302.499042
0.092939 0.045055 -0.994450 -8.054972 0.005577 0.998729 0.045770 -6.446562 0.995449 -0.009802 0.092589 302.496321
0.027120 0.050778 -0.998139 -8.483543 0.007926 0.998459 0.051010 -6.432915 0.999393 -0.009297 0.026682 302.468383
-0.040857 0.057537 -0.997304 -8.916413 0.010408 0.998102 0.057157 -6.415438 0.998903 -0.008046 -0.041385 302.426573
-0.108855 0.064361 -0.991770 -9.362291 0.013268 0.997701 0.063290 -6.394559 0.993762 -0.006271 -0.109479 302.344083
-0.176675 0.070672 -0.981540 -9.813150 0.016353 0.997301 0.068863 -6.372878 0.983941 -0.003886 -0.177386 302.234301
-0.243163 0.076558 -0.966766 -10.267284 0.020994 0.996870 0.073661 -6.347054 0.969561 -0.002385 -0.244054 302.085906
-0.308083 0.080823 -0.947721 -10.729144 0.025992 0.996533 0.076536 -6.316554 0.950802 -0.001054 -0.309173 301.907303
-0.370408 0.083211 -0.924933 -11.189040 0.030636 0.996339 0.077366 -6.283527 0.928158 0.000321 -0.371670 301.692903
-0.429702 0.083716 -0.898876 -11.644596 0.034737 0.996297 0.076184 -6.247403 0.902094 0.001513 -0.431098 301.440806
-0.485795 0.083771 -0.869848 -12.099760 0.038057 0.996299 0.074694 -6.208662 0.873040 0.003183 -0.487270 301.154627
-0.537460 0.083845 -0.838900 -12.555950 0.040914 0.996283 0.073362 -6.167096 0.842083 0.005107 -0.538987 300.830828
-0.583606 0.083750 -0.807485 -13.007451 0.043051 0.996274 0.072215 -6.125244 0.810671 0.007383 -0.585141 300.468912
-0.624215 0.084537 -0.776428 -13.458197 0.044966 0.996177 0.072313 -6.085786 0.779718 0.010228 -0.625744 300.071695
-0.661250 0.088273 -0.744708 -13.907517 0.050245 0.995845 0.073426 -6.045321 0.748234 0.011137 -0.663059 299.644449
-0.697396 0.095153 -0.710086 -14.360343 0.059106 0.995219 0.075312 -6.001914 0.713988 0.010554 -0.699812 299.181635
-0.732208 0.100591 -0.673341 -14.798366 0.065970 0.994669 0.076856 -5.957217 0.677607 0.011857 -0.735074 298.679694
-0.764235 0.102393 -0.636471 -15.222373 0.069732 0.994458 0.076254 -5.913844 0.640871 0.013896 -0.767279 298.136100
-0.793796 0.099017 -0.599768 -15.632162 0.069933 0.994786 0.071675 -5.868752 0.603849 0.014955 -0.796725 297.553025
-0.820386 0.096108 -0.563357 -16.035945 0.071491 0.995093 0.065652 -5.821588 0.567005 0.013588 -0.823379 296.932139
-0.844780 0.091386 -0.526906 -16.417240 0.070762 0.995546 0.059214 -5.775648 0.530068 0.012740 -0.847639 296.273992
-0.866694 0.088817 -0.490490 -16.784631 0.071476 0.995786 0.054018 -5.732881 0.493314 0.011761 -0.869553 295.580127
-0.886553 0.087399 -0.453878 -17.133761 0.071323 0.995877 0.052452 -5.697431 0.456679 0.014132 -0.889301 294.850052
-0.905142 0.083879 -0.416296 -17.460325 0.069273 0.996143 0.050092 -5.663073 0.418973 0.016505 -0.907635 294.081621
-0.921848 0.083724 -0.377895 -17.768257 0.070939 0.996144 0.047650 -5.627610 0.380501 0.017122 -0.924411 293.281554
-0.936835 0.085992 -0.338466 -18.054143 0.074564 0.995925 0.046645 -5.593227 0.341165 0.018465 -0.939612 292.449030
-0.949822 0.089431 -0.299077 -18.317729 0.079417 0.995600 0.045492 -5.560889 0.301890 0.019462 -0.952934 291.580465
-0.961037 0.090439 -0.260452 -18.548336 0.081127 0.995424 0.046301 -5.526417 0.263501 0.023372 -0.964167 290.679011
-0.970238 0.093265 -0.222584 -18.749891 0.085082 0.995103 0.046087 -5.492351 0.225838 0.025783 -0.973616 289.750047
-0.978038 0.092625 -0.185635 -18.921175 0.085807 0.995112 0.044443 -5.460402 0.188883 0.027544 -0.981404 288.790727
-0.984112 0.091196 -0.151026 -19.060456 0.086169 0.995291 0.039507 -5.423778 0.153949 0.025871 -0.987535 287.807054
-0.988828 0.089715 -0.117469 -19.170010 0.086144 0.995468 0.035135 -5.391320 0.120112 0.024628 -0.992263 286.791847
-0.992161 0.089034 -0.085549 -19.248805 0.086427 0.995492 0.033718 -5.363274 0.088183 0.026065 -0.995572 285.745025
-0.994467 0.087610 -0.054578 -19.297198 0.085908 0.995563 0.032791 -5.336641 0.057221 0.027927 -0.997776 284.669563
-0.995669 0.087165 -0.025547 -19.316892 0.086377 0.995590 0.030463 -5.312834 0.028096 0.028129 -0.999008 283.573515
-0.996067 0.086296 0.001314 -19.308690 0.086297 0.995637 0.029006 -5.287091 0.001196 0.029012 -0.999373 282.464571
-0.995938 0.083675 0.026314 -19.264648 0.084434 0.995783 0.029210 -5.262826 -0.023763 0.031320 -0.999015 281.308445
-0.995207 0.081799 0.049520 -19.195159 0.083314 0.995872 0.029325 -5.240629 -0.046926 0.033317 -0.998128 280.133906
-0.994185 0.079234 0.069876 -19.101538 0.081326 0.996077 0.027602 -5.219560 -0.067429 0.033132 -0.996950 278.953997
-0.993259 0.074589 0.086235 -18.983316 0.076973 0.996499 0.024643 -5.200391 -0.084114 0.031121 -0.995745 277.760562
-0.992486 0.069815 0.098270 -18.847305 0.072436 0.996869 0.023354 -5.182687 -0.096353 0.030303 -0.994659 276.549013
-0.992019 0.064929 0.106021 -18.699405 0.067937 0.997145 0.025000 -5.165014 -0.104118 0.032010 -0.993822 275.319074
-0.991812 0.062011 0.109641 -18.546257 0.065236 0.997298 0.026067 -5.146720 -0.107752 0.033014 -0.993402 274.067763
-0.991902 0.060103 0.109890 -18.386828 0.063182 0.997464 0.024742 -5.126798 -0.108148 0.031492 -0.993409 272.790651
-0.992244 0.057992 0.107937 -18.232122 0.060889 0.997633 0.023736 -5.104673 -0.106328 0.030130 -0.993650 271.493953
-0.992526 0.057594 0.105464 -18.082589 0.060501 0.997628 0.024570 -5.083437 -0.103822 0.030774 -0.993888 270.180343
-0.992857 0.056463 0.102891 -17.936078 0.059387 0.997667 0.025572 -5.065565 -0.101230 0.031507 -0.994129 268.858811
