1.000000 0.000000 0.000000 0.000000 0.000000 1.000000 0.000000 0.000000 0.000000 0.000000 1.000000 0.000000
0.999933 -0.002783 0.011217 0.017105 0.002771 0.999995 0.001097 -0.005493 -0.011220 -0.001066 0.999936 0.291060
0.999830 -0.004901 0.017716 0.031614 0.004881 0.999987 0.001151 -0.009633 -0.017721 -0.001065 0.999842 0.586382
0.999780 -0.007666 0.019417 0.044932 0.007672 0.999969 -0.000209 -0.011381 -0.019414 0.000358 0.999810 0.889354
0.999810 -0.009126 0.017065 0.052408 0.009159 0.999954 -0.001853 -0.012438 -0.017047 0.002009 0.999850 1.199820
0.999880 -0.011698 0.010008 0.057111 0.011732 0.999924 -0.003391 -0.013641 -0.009968 0.003508 0.999943 1.516140
0.999905 -0.013481 -0.002591 0.054699 0.013466 0.999894 -0.005463 -0.015941 0.002664 0.005427 0.999981 1.841073
0.999734 -0.012750 -0.019262 0.035195 0.012642 0.999904 -0.005731 -0.020974 0.019333 0.005486 0.999799 2.175564
0.999221 -0.008186 -0.038652 0.000999 0.007969 0.999954 -0.005770 -0.025385 0.038697 0.005457 0.999238 2.521903
0.998264 -0.004704 -0.058745 -0.036235 0.004295 0.999968 -0.007085 -0.029905 0.058776 0.006820 0.998250 2.875717
0.996867 -0.004518 -0.078992 -0.081009 0.003928 0.999966 -0.007615 -0.033011 0.079024 0.007280 0.996848 3.241674
0.994964 -0.006011 -0.100078 -0.131254 0.005327 0.999963 -0.007096 -0.036551 0.100117 0.006527 0.994957 3.618068
0.992761 -0.007381 -0.119895 -0.191077 0.006663 0.999960 -0.006385 -0.040917 0.119937 0.005540 0.992768 4.005573
0.990423 -0.006394 -0.137924 -0.262411 0.005645 0.999968 -0.005820 -0.046795 0.137957 0.004986 0.990427 4.403509
0.988118 -0.005213 -0.153593 -0.342502 0.004491 0.999977 -0.005046 -0.054478 0.153615 0.004296 0.988121 4.812983
0.985910 -0.004641 -0.167187 -0.427739 0.003816 0.999978 -0.005255 -0.060924 0.167208 0.004543 0.985909 5.235651
0.983743 -0.006179 -0.179457 -0.515840 0.005147 0.999967 -0.006213 -0.067605 0.179489 0.005188 0.983744 5.670828
0.981867 -0.009925 -0.189292 -0.604994 0.008445 0.999926 -0.008623 -0.074427 0.189364 0.006869 0.981881 6.116629
0.980328 -0.009104 -0.197148 -0.705896 0.007160 0.999917 -0.010571 -0.080882 0.197228 0.008952 0.980314 6.576238
0.978785 -0.008783 -0.204682 -0.814566 0.006411 0.999902 -0.012248 -0.088865 0.204770 0.010676 0.978749 7.050310
0.977050 -0.009584 -0.212808 -0.927438 0.006517 0.999869 -0.015108 -0.098376 0.212924 0.013375 0.976981 7.536322
0.975251 -0.013628 -0.220705 -1.040725 0.010163 0.999813 -0.016827 -0.110357 0.220892 0.014167 0.975201 8.032108
0.973325 -0.020045 -0.228572 -1.157247 0.016300 0.999706 -0.018261 -0.122544 0.228870 0.014048 0.973361 8.544833
0.971215 -0.020678 -0.237317 -1.289501 0.016202 0.999656 -0.020794 -0.137124 0.237665 0.016351 0.971213 9.066274
0.969121 -0.016689 -0.246029 -1.441440 0.010837 0.999629 -0.025118 -0.150810 0.246356 0.021676 0.968941 9.594241
0.966870 -0.013848 -0.254900 -1.597680 0.006906 0.999584 -0.028109 -0.168866 0.255182 0.025417 0.966563 10.135359
0.964541 -0.016401 -0.263413 -1.754846 0.008809 0.999511 -0.029975 -0.189750 0.263776 0.026592 0.964217 10.693727
0.962150 -0.019135 -0.271821 -1.919229 0.010755 0.999415 -0.032285 -0.211821 0.272282 0.028140 0.961800 11.264375
0.959871 -0.018734 -0.279776 -2.097475 0.009351 0.999339 -0.034836 -0.236107 0.280246 0.030822 0.959423 11.839763
0.957513 -0.017968 -0.287781 -2.286276 0.007222 0.999226 -0.038358 -0.262923 0.288251 0.034651 0.956915 12.426492
0.955182 -0.019050 -0.295360 -2.479679 0.006441 0.999016 -0.043606 -0.292381 0.295904 0.039750 0.954378 13.023656
0.953395 -0.020531 -0.300980 -2.679768 0.005347 0.998664 -0.051183 -0.327336 0.301632 0.047189 0.952244 13.630398
0.952078 -0.021364 -0.305070 -2.887305 0.003392 0.998225 -0.059320 -0.365610 0.305797 0.055443 0.950472 14.246984
0.950813 -0.021330 -0.308994 -3.102595 0.000270 0.997674 -0.068039 -0.408908 0.309729 0.064610 0.948619 14.872575
0.949450 -0.020826 -0.313187 -3.325473 -0.003538 0.997014 -0.077022 -0.457490 0.313858 0.074238 0.946554 15.510690
0.948066 -0.020517 -0.317369 -3.553754 -0.006542 0.996438 -0.083961 -0.514458 0.317964 0.081678 0.944568 16.162417
0.946464 -0.018636 -0.322215 -3.792959 -0.011250 0.995806 -0.090641 -0.577940 0.322557 0.089415 0.942302 16.819572
0.944861 -0.017562 -0.326934 -4.039739 -0.014866 0.995211 -0.096425 -0.646435 0.327067 0.095970 0.940095 17.483063
0.943188 -0.015559 -0.331814 -4.293477 -0.019421 0.994588 -0.101843 -0.720410 0.331610 0.102504 0.937806 18.159205
0.941444 -0.013035 -0.336825 -4.555350 -0.023780 0.994167 -0.104939 -0.796888 0.336237 0.106807 0.935671 18.845148
0.939632 -0.011994 -0.341888 -4.824875 -0.026013 0.993960 -0.106362 -0.877306 0.341108 0.108838 0.933673 19.548582
0.937380 -0.011644 -0.348027 -5.097982 -0.026790 0.994042 -0.105413 -0.963229 0.347190 0.108139 0.931509 20.259899
0.935036 -0.011255 -0.354288 -5.380864 -0.027415 0.994177 -0.103936 -1.047999 0.353405 0.106900 0.929312 20.979831
0.932404 -0.011567 -0.361156 -5.672331 -0.027244 0.994365 -0.102181 -1.132377 0.360313 0.105116 0.926862 21.709672
0.929205 -0.010780 -0.369336 -5.976029 -0.027855 0.994661 -0.099112 -1.215822 0.368442 0.102386 0.923969 22.443745
0.925869 -0.008894 -0.377665 -6.291173 -0.028567 0.995184 -0.093469 -1.297168 0.376688 0.097332 0.921184 23.186952
0.922282 -0.005467 -0.386401 -6.618853 -0.031123 0.995571 -0.088373 -1.376972 0.385185 0.093533 0.918056 23.936619
0.918654 -0.001677 -0.394974 -6.960048 -0.034448 0.995808 -0.084348 -1.455959 0.393473 0.091096 0.914777 24.689840
0.914763 -0.000815 -0.403904 -7.307650 -0.035616 0.995906 -0.082672 -1.530248 0.402332 0.090013 0.911022 25.449165
0.910664 -0.000982 -0.413059 -7.663289 -0.036224 0.995919 -0.082231 -1.602468 0.411469 0.089851 0.906946 26.214385
0.906755 -0.000981 -0.421567 -8.034452 -0.036595 0.996003 -0.081029 -1.675618 0.419977 0.088904 0.903130 26.986855
0.902768 0.000032 -0.430038 -8.414901 -0.037883 0.996080 -0.079453 -1.747773 0.428367 0.088022 0.899266 27.762031
0.898843 -0.000854 -0.438175 -8.803148 -0.036720 0.996293 -0.077265 -1.820376 0.436635 0.085543 0.895518 28.546290
0.894902 -0.000289 -0.446164 -9.205256 -0.036174 0.996618 -0.073203 -1.891190 0.444696 0.081652 0.891905 29.338090
0.891066 0.001894 -0.453769 -9.619670 -0.036566 0.996994 -0.067643 -1.958671 0.452298 0.076871 0.888498 30.136984
0.887111 0.001996 -0.461449 -10.045244 -0.035330 0.997303 -0.063605 -2.025567 0.460099 0.072731 0.884832 30.941709
0.883371 0.001114 -0.468570 -10.480066 -0.034019 0.997464 -0.061763 -2.091420 0.467335 0.070504 0.881212 31.750965
0.879995 0.000323 -0.474880 -10.926349 -0.033197 0.997547 -0.060840 -2.152109 0.473719 0.069307 0.877891 32.569851
0.876780 0.000768 -0.480786 -11.386127 -0.033231 0.997654 -0.059007 -2.211878 0.479637 0.067716 0.874794 33.394038
0.873698 -0.000627 -0.486354 -11.854556 -0.031442 0.997780 -0.057770 -2.273602 0.485338 0.065769 0.871788 34.230370
0.870989 -0.001959 -0.491170 -12.336357 -0.030340 0.997806 -0.057782 -2.335814 0.490237 0.065233 0.869074 35.076139
0.868874 -0.002833 -0.494903 -12.830476 -0.029965 0.997788 -0.058319 -2.397937 0.494004 0.065505 0.866921 35.929664
0.867481 -0.002483 -0.497347 -13.338194 -0.030833 0.997738 -0.058760 -2.461766 0.496397 0.066311 0.865495 36.794125
0.866961 -0.002353 -0.498230 -13.851830 -0.030558 0.997786 -0.057884 -2.526045 0.497298 0.065412 0.865031 37.671360
0.866791 -0.001837 -0.498521 -14.370594 -0.030300 0.997877 -0.056359 -2.589745 0.497604 0.063962 0.864960 38.558922
0.866434 -0.003141 -0.499127 -14.894561 -0.028561 0.997953 -0.055858 -2.656515 0.498320 0.062657 0.864638 39.457704
0.865706 -0.005266 -0.500372 -15.420738 -0.026776 0.997948 -0.056830 -2.720586 0.499683 0.062601 0.863856 40.364885
0.864457 -0.007685 -0.502494 -15.954234 -0.024423 0.997983 -0.057277 -2.787579 0.501960 0.061791 0.862593 41.283476
0.862768 -0.008111 -0.505383 -16.498992 -0.023069 0.998121 -0.055401 -2.853982 0.504922 0.059462 0.861027 42.208304
0.860612 -0.007359 -0.509063 -17.049961 -0.021976 0.998353 -0.051586 -2.921211 0.508643 0.055587 0.859097 43.129903
0.857708 -0.007710 -0.513937 -17.602813 -0.019598 0.998597 -0.047688 -2.986255 0.513622 0.050978 0.856417 44.045079
0.853633 -0.007949 -0.520676 -18.165086 -0.018602 0.998710 -0.045744 -3.050706 0.520406 0.048738 0.852444 44.955160
0.848264 -0.011640 -0.529308 -18.730575 -0.016335 0.998636 -0.048139 -3.113502 0.529185 0.049484 0.846977 45.855717
0.842067 -0.015375 -0.539022 -19.306102 -0.014703 0.998498 -0.051450 -3.177535 0.539042 0.051253 0.840635 46.747736
0.835817 -0.015778 -0.548655 -19.900839 -0.014504 0.998536 -0.050811 -3.241280 0.548692 0.050430 0.834421 47.640164
0.829910 -0.012558 -0.557649 -20.506398 -0.015553 0.998780 -0.045638 -3.304556 0.557575 0.046551 0.828749 48.528740
0.824662 -0.008056 -0.565465 -21.122052 -0.018522 0.998922 -0.041244 -3.366056 0.565221 0.044489 0.823670 49.411477
0.820541 -0.008265 -0.571426 -21.742353 -0.019765 0.998831 -0.042829 -3.423941 0.571145 0.046440 0.819464 50.286481
0.817037 -0.010589 -0.576387 -22.369630 -0.020230 0.998633 -0.047022 -3.486021 0.576131 0.050082 0.815751 51.163623
0.813951 -0.012947 -0.580685 -22.997790 -0.022756 0.998215 -0.054154 -3.549976 0.580384 0.057296 0.812251 52.026860
0.810652 -0.014241 -0.585243 -23.631169 -0.022609 0.998134 -0.055605 -3.618074 0.584981 0.058311 0.808869 52.886616
0.807171 -0.012874 -0.590067 -24.268224 -0.021882 0.998360 -0.051715 -3.685995 0.589804 0.054658 0.805615 53.751089
0.803917 -0.010363 -0.594537 -24.915071 -0.021511 0.998623 -0.046493 -3.752402 0.594241 0.050169 0.802636 54.615678
0.800846 -0.008573 -0.598691 -25.568267 -0.021844 0.998747 -0.043520 -3.813166 0.598357 0.047934 0.799706 55.471744
0.797662 -0.008450 -0.602929 -26.223455 -0.022751 0.998702 -0.044096 -3.871894 0.602563 0.048894 0.796484 56.324640
0.793993 -0.009797 -0.607731 -26.883915 -0.022765 0.998622 -0.045840 -3.933023 0.607387 0.050235 0.792726 57.178530
0.789918 -0.012564 -0.612967 -27.556140 -0.021726 0.998521 -0.048464 -3.995899 0.612714 0.051604 0.788527 58.036692
0.785500 -0.013899 -0.618585 -28.228284 -0.020780 0.998521 -0.048821 -4.058962 0.618396 0.051207 0.784102 58.884180
0.780837 -0.014225 -0.624448 -28.910094 -0.020146 0.998573 -0.047939 -4.124080 0.624289 0.050017 0.779491 59.729316
0.775855 -0.013916 -0.630627 -29.602545 -0.020405 0.998601 -0.047140 -4.190412 0.630454 0.049447 0.774543 60.564368
0.770391 -0.015323 -0.637261 -30.301046 -0.020085 0.998555 -0.048290 -4.254770 0.637133 0.050006 0.769025 61.400525
0.764794 -0.016933 -0.643927 -31.008347 -0.019376 0.998521 -0.049270 -4.318522 0.643861 0.050162 0.763390 62.233706
0.759071 -0.018310 -0.650624 -31.727883 -0.018934 0.998483 -0.050188 -4.383638 0.650611 0.050419 0.757627 63.063591
0.753219 -0.019864 -0.657342 -32.450606 -0.018440 0.998434 -0.051300 -4.450329 0.657388 0.050766 0.751729 63.883316
0.747014 -0.021808 -0.664319 -33.183205 -0.017597 0.998380 -0.052561 -4.516170 0.664448 0.050959 0.745478 64.698238
0.740677 -0.023126 -0.671325 -33.928971 -0.016512 0.998392 -0.052611 -4.586223 0.671522 0.050057 0.739166 65.511270
0.734211 -0.023037 -0.678398 -34.687542 -0.015869 0.998485 -0.051080 -4.653117 0.678606 0.048273 0.732792 66.327279
0.727592 -0.023528 -0.685470 -35.455702 -0.015276 0.998520 -0.050487 -4.721429 0.685706 0.047210 0.726217 67.136554
0.720985 -0.025532 -0.692347 -36.232850 -0.013817 0.998506 -0.051211 -4.792211 0.692682 0.046493 0.719615 67.937071
0.714452 -0.027250 -0.699021 -37.025156 -0.013769 0.998413 -0.052994 -4.860945 0.699419 0.047491 0.713003 68.737432
0.708395 -0.026630 -0.705183 -37.826222 -0.015210 0.998393 -0.052981 -4.929398 0.705524 0.048262 0.706911 69.526983
0.702887 -0.026149 -0.710691 -38.637354 -0.015493 0.998438 -0.052058 -5.000599 0.711005 0.047606 0.701443 70.316944
0.697821 -0.025766 -0.715681 -39.459649 -0.016557 0.998419 -0.052089 -5.070921 0.715955 0.048203 0.696349 71.107080
0.692827 -0.026916 -0.720478 -40.288566 -0.016536 0.998363 -0.053197 -5.141521 0.720793 0.048775 0.691304 71.895901
0.687557 -0.028781 -0.725441 -41.127054 -0.017164 0.998209 -0.055869 -5.215611 0.725810 0.050869 0.685885 72.677054
0.682461 -0.031325 -0.730132 -41.978217 -0.016876 0.998058 -0.058594 -5.290154 0.730611 0.052314 0.680660 73.461371
0.677248 -0.031995 -0.734939 -42.835130 -0.017308 0.998001 -0.059396 -5.366007 0.735433 0.052951 0.675395 74.242010
0.672288 -0.031614 -0.739493 -43.704623 -0.016867 0.998089 -0.058003 -5.445633 0.739978 0.051472 0.670525 75.020571
0.667010 -0.031739 -0.744252 -44.578498 -0.016259 0.998150 -0.057137 -5.524952 0.744753 0.050217 0.665314 75.797485
0.661743 -0.033012 -0.748885 -45.460167 -0.015431 0.998135 -0.057634 -5.604013 0.749455 0.049700 0.660052 76.570500
0.656886 -0.034130 -0.753099 -46.354645 -0.014436 0.998139 -0.057826 -5.682802 0.753736 0.048862 0.655223 77.342993
0.652293 -0.034802 -0.757048 -47.253249 -0.013551 0.998165 -0.057561 -5.763106 0.757729 0.047810 0.650678 78.112193
0.648145 -0.035869 -0.760550 -48.163590 -0.012196 0.998185 -0.057470 -5.843727 0.761299 0.046529 0.646585 78.882263
0.644021 -0.038839 -0.763890 -49.078627 -0.009258 0.998146 -0.058555 -5.927576 0.764823 0.044787 0.642526 79.649747
0.639660 -0.043738 -0.767275 -49.998480 -0.005953 0.997967 -0.061851 -6.009895 0.768499 0.044136 0.638161 80.414645
0.634648 -0.048109 -0.771165 -50.925004 -0.001473 0.997882 -0.063464 -6.093137 0.772665 0.041418 0.633294 81.177348
0.627799 -0.051712 -0.776518 -51.865108 0.003576 0.997869 -0.063560 -6.181588 0.778231 0.037130 0.626708 81.940650
0.619148 -0.055660 -0.783161 -52.808169 0.008555 0.997799 -0.064150 -6.269974 0.785091 0.033022 0.618323 82.691671
0.609898 -0.056724 -0.790309 -53.766474 0.011266 0.997849 -0.062926 -6.355793 0.792264 0.029477 0.609287 83.433215
0.600900 -0.055267 -0.797273 -54.745510 0.011508 0.997995 -0.060507 -6.442413 0.799105 0.027187 0.600393 84.167789
0.591649 -0.055187 -0.804168 -55.729471 0.010865 0.998004 -0.060496 -6.527907 0.805987 0.027058 0.591128 84.888239
0.581984 -0.056704 -0.811082 -56.722438 0.009870 0.997877 -0.062681 -6.609702 0.813003 0.028477 0.581368 85.593344
0.571613 -0.059030 -0.818257 -57.728314 0.010324 0.997737 -0.064766 -6.697618 0.820319 0.028576 0.570989 86.299314
0.561418 -0.060928 -0.825145 -58.754830 0.010811 0.997629 -0.066308 -6.785680 0.827322 0.028310 0.560806 87.001370
0.550961 -0.061860 -0.832090 -59.800565 0.013629 0.997667 -0.065145 -6.876994 0.834276 0.024555 0.550581 87.700679
0.540421 -0.061895 -0.838959 -60.862165 0.014822 0.997709 -0.064060 -6.972974 0.841110 0.022187 0.540166 88.388868
0.529859 -0.062680 -0.845613 -61.920922 0.014947 0.997674 -0.064586 -7.064243 0.847802 0.021584 0.529628 89.051629
0.519361 -0.063875 -0.852009 -62.986209 0.014254 0.997583 -0.066099 -7.154987 0.854282 0.022188 0.519081 89.699939
0.509044 -0.064381 -0.858174 -64.063383 0.012751 0.997523 -0.067271 -7.250308 0.860492 0.023304 0.508667 90.333651
0.498798 -0.065701 -0.864067 -65.152606 0.011735 0.997410 -0.069066 -7.345990 0.866483 0.024314 0.498341 90.961272
0.488860 -0.065727 -0.869725 -66.250787 0.010738 0.997401 -0.069340 -7.442343 0.872140 0.024562 0.488359 91.577275
0.479844 -0.063645 -0.874878 -67.361927 0.009882 0.997553 -0.067149 -7.541469 0.877135 0.023579 0.479364 92.182006
0.471550 -0.062253 -0.879474 -68.479912 0.010512 0.997689 -0.064985 -7.638305 0.881612 0.021402 0.471180 92.779942
0.463591 -0.062706 -0.883665 -69.604946 0.010709 0.997675 -0.065179 -7.734904 0.885823 0.020757 0.463248 93.366946
0.455716 -0.065863 -0.887526 -70.732171 0.012457 0.997494 -0.067628 -7.833054 0.889880 0.019766 0.455456 93.944204
0.448454 -0.069597 -0.890936 -71.870781 0.015190 0.997276 -0.070259 -7.931648 0.893521 0.017977 0.448349 94.519725
0.442021 -0.072483 -0.893917 -73.014405 0.016254 0.997077 -0.072810 -8.035494 0.896704 0.017656 0.441965 95.085807
0.436455 -0.076129 -0.896347 -74.157868 0.018158 0.996821 -0.075821 -8.144111 0.899392 0.016819 0.436506 95.637291
0.431300 -0.077247 -0.898742 -75.306553 0.020908 0.996780 -0.075639 -8.254036 0.901814 0.013835 0.431583 96.194516
0.426840 -0.074808 -0.901073 -76.454763 0.022709 0.997007 -0.072015 -8.364112 0.903888 0.010278 0.427318 96.740556
0.422877 -0.072917 -0.903093 -77.601738 0.025829 0.997182 -0.068420 -8.472157 0.905663 0.005608 0.423626 97.278453
0.419199 -0.072512 -0.904839 -78.751881 0.027493 0.997222 -0.067179 -8.574691 0.907323 0.003285 0.420085 97.814023
0.416072 -0.072517 -0.906277 -79.892784 0.029142 0.997224 -0.066415 -8.676137 0.908706 0.001223 0.417088 98.338459
0.413621 -0.071636 -0.907463 -81.028732 0.030901 0.997282 -0.064642 -8.776585 0.909761 -0.001305 0.414770 98.851833
0.411273 -0.070809 -0.908584 -82.165764 0.032425 0.997327 -0.063049 -8.873859 0.910762 -0.003531 0.412532 99.364009
0.408983 -0.071936 -0.909529 -83.296932 0.034938 0.997235 -0.063163 -8.970567 0.911699 -0.005945 0.410428 99.872168
0.406480 -0.072232 -0.910617 -84.422912 0.037253 0.997185 -0.062470 -9.067225 0.912716 -0.008531 0.408093 100.377523
0.404152 -0.071467 -0.911714 -85.537574 0.040498 0.997199 -0.060216 -9.160638 0.913613 -0.012588 0.405979 100.874370
0.401996 -0.070748 -0.912719 -86.642507 0.042245 0.997214 -0.058691 -9.253302 0.914481 -0.014967 0.403931 101.363026
0.400175 -0.071984 -0.913420 -87.737725 0.044589 0.997089 -0.059042 -9.346150 0.915166 -0.017104 0.402287 101.845236
0.398778 -0.073295 -0.913923 -88.825719 0.045992 0.996972 -0.059888 -9.436030 0.915703 -0.018154 0.401009 102.321513
0.398255 -0.074656 -0.914042 -89.897383 0.045983 0.996882 -0.061388 -9.527330 0.915932 -0.017585 0.400514 102.787034
0.398542 -0.075444 -0.913851 -90.949640 0.045137 0.996845 -0.062611 -9.618532 0.915849 -0.016299 0.400757 103.243540
0.400843 -0.075314 -0.912853 -91.997887 0.043027 0.996891 -0.063354 -9.709767 0.914945 -0.013885 0.402904 103.697710
0.405004 -0.075602 -0.910991 -93.038334 0.041143 0.996900 -0.064440 -9.802523 0.913197 -0.011384 0.406927 104.157576
0.409880 -0.076295 -0.908749 -94.066315 0.039922 0.996869 -0.065686 -9.893208 0.911073 -0.009357 0.411711 104.618637
0.415652 -0.076580 -0.906096 -95.089162 0.039519 0.996854 -0.066121 -9.982687 0.908469 -0.008326 0.417441 105.084881
0.422582 -0.075569 -0.902971 -96.104605 0.038499 0.996941 -0.065415 -10.070818 0.905311 -0.007122 0.424270 105.555791
0.430442 -0.074300 -0.899357 -97.111725 0.037404 0.997046 -0.064468 -10.161788 0.901646 -0.005890 0.432022 106.037137
0.439137 -0.074093 -0.895152 -98.111960 0.037241 0.997059 -0.064258 -10.247303 0.897442 -0.005120 0.440681 106.526081
0.448303 -0.073844 -0.890618 -99.101556 0.036724 0.997083 -0.064185 -10.333096 0.892921 -0.003933 0.449785 107.025498
0.458019 -0.074605 -0.885598 -100.078708 0.035782 0.997034 -0.065486 -10.420895 0.888016 -0.001695 0.459409 107.528354
0.468207 -0.076162 -0.880115 -101.046669 0.034036 0.996910 -0.068162 -10.508029 0.882749 0.001958 0.469437 108.042847
0.479549 -0.077308 -0.873886 -102.005791 0.032682 0.996811 -0.070247 -10.597030 0.876692 0.005127 0.480632 108.567511
0.491717 -0.075665 -0.867243 -102.958901 0.030666 0.996921 -0.069591 -10.686624 0.870000 0.007626 0.492610 109.104127
0.504399 -0.073287 -0.860135 -103.900432 0.029506 0.997090 -0.067652 -10.776455 0.862749 0.008746 0.505184 109.653210
0.516690 -0.071139 -0.852990 -104.829896 0.029134 0.997242 -0.065521 -10.864583 0.855457 0.009005 0.517430 110.212129
0.528242 -0.070884 -0.845904 -105.743224 0.029617 0.997257 -0.065071 -10.951472 0.848354 0.009322 0.528987 110.784433
0.539441 -0.071657 -0.838741 -106.645757 0.030214 0.997193 -0.065761 -11.037312 0.841256 0.010134 0.540189 111.367349
0.550390 -0.073022 -0.831473 -107.529998 0.030788 0.997076 -0.067185 -11.122356 0.834107 0.011380 0.551131 111.952510
0.561048 -0.074829 -0.824152 -108.397220 0.033283 0.996947 -0.067859 -11.210737 0.826875 0.010644 0.561931 112.548562
0.571542 -0.074969 -0.816896 -109.252481 0.034023 0.996932 -0.067687 -11.296053 0.819625 0.010894 0.572448 113.152646
0.581998 -0.072741 -0.809684 -110.093593 0.033305 0.997095 -0.065637 -11.380936 0.812265 0.011236 0.582840 113.761784
0.591740 -0.069977 -0.802852 -110.918205 0.033766 0.997321 -0.062039 -11.466336 0.805190 0.009603 0.592622 114.375929
0.601476 -0.068256 -0.795724 -111.728439 0.032500 0.997420 -0.060990 -11.547020 0.797986 0.010824 0.602254 114.996111
0.611319 -0.068040 -0.788203 -112.520628 0.030902 0.997399 -0.062131 -11.625022 0.790533 0.013628 0.611946 115.614138
0.620713 -0.067792 -0.780845 -113.299100 0.029325 0.997372 -0.063278 -11.703708 0.783236 0.016382 0.621187 116.237253
0.629697 -0.067472 -0.773661 -114.066440 0.029527 0.997397 -0.062951 -11.781813 0.776039 0.016799 0.630163 116.870827
0.638616 -0.065610 -0.766476 -114.821683 0.029567 0.997531 -0.060752 -11.858978 0.768713 0.016138 0.639095 117.507163
0.647254 -0.063896 -0.759339 -115.564694 0.029893 0.997657 -0.058468 -11.934362 0.761439 0.015147 0.647765 118.146218
0.655259 -0.063563 -0.752471 -116.292944 0.030598 0.997684 -0.057630 -12.007313 0.754533 0.014741 0.655805 118.786922
0.662881 -0.062967 -0.745815 -117.008521 0.029792 0.997701 -0.057752 -12.077344 0.747878 0.016066 0.663354 119.428620
0.670357 -0.062182 -0.739169 -117.713171 0.029508 0.997742 -0.057172 -12.146612 0.741195 0.016517 0.670801 120.067864
0.677500 -0.059674 -0.732827 -118.405921 0.029028 0.997903 -0.054422 -12.212589 0.734682 0.015601 0.677940 120.712677
0.684914 -0.056968 -0.726128 -119.087193 0.028258 0.998078 -0.051649 -12.279493 0.727813 0.014859 0.685334 121.358307
0.692371 -0.055489 -0.719141 -119.753489 0.027459 0.998158 -0.050581 -12.344600 0.720758 0.015277 0.692746 121.999416
0.699986 -0.054730 -0.711782 -120.403818 0.026963 0.998184 -0.050234 -12.404764 0.713376 0.015974 0.700321 122.641701
0.708029 -0.052034 -0.703984 -121.040191 0.024680 0.998304 -0.048966 -12.463423 0.705475 0.017298 0.708246 123.282270
0.717263 -0.049328 -0.694768 -121.658621 0.024230 0.998461 -0.045875 -12.521318 0.696098 0.016073 0.717491 123.919112
0.726969 -0.045527 -0.684870 -122.264640 0.022625 0.998653 -0.042368 -12.575989 0.686010 0.015308 0.727158 124.563449
0.737397 -0.043590 -0.673758 -122.853411 0.021210 0.998726 -0.041400 -12.628629 0.674835 0.016241 0.737522 125.205220
0.747703 -0.042838 -0.662352 -123.427095 0.019932 0.998724 -0.042092 -12.679701 0.663439 0.018274 0.747744 125.850004
0.757901 -0.044031 -0.650570 -123.985718 0.020296 0.998630 -0.043943 -12.727977 0.651745 0.020105 0.757904 126.501618
0.768223 -0.043147 -0.638402 -124.534166 0.020074 0.998656 -0.043338 -12.775272 0.639546 0.020482 0.768209 127.164452
0.778750 -0.041569 -0.625626 -125.079147 0.019908 0.998735 -0.041578 -12.824940 0.626692 0.019928 0.778747 127.840276
0.789211 -0.039253 -0.612530 -125.605483 0.019810 0.998863 -0.038485 -12.870385 0.613470 0.018242 0.789247 128.522317
0.799175 -0.037874 -0.599556 -126.120523 0.020309 0.998941 -0.036031 -12.913876 0.600411 0.016622 0.799258 129.215623
0.808592 -0.036364 -0.586885 -126.629645 0.020981 0.999030 -0.032992 -12.956773 0.587639 0.014367 0.808735 129.916932
0.817040 -0.035546 -0.575104 -127.117907 0.021764 0.999074 -0.030830 -12.995677 0.575794 0.012675 0.817229 130.613196
0.824498 -0.035939 -0.564337 -127.595306 0.023527 0.999083 -0.029250 -13.033579 0.564995 0.010842 0.824760 131.317826
0.831395 -0.035793 -0.554140 -128.070509 0.023861 0.999093 -0.028733 -13.070617 0.554785 0.010669 0.831667 132.033615
0.838410 -0.034933 -0.543522 -128.533633 0.023087 0.999114 -0.028600 -13.105215 0.544158 0.011433 0.838648 132.748289
0.845359 -0.033068 -0.532773 -128.991693 0.021697 0.999175 -0.027589 -13.138594 0.533361 0.011765 0.845553 133.472285
0.851858 -0.032147 -0.522379 -129.440031 0.021157 0.999204 -0.026989 -13.173323 0.522943 0.011942 0.852034 134.206304
0.857905 -0.032751 -0.512335 -129.878136 0.022064 0.999180 -0.026925 -13.206936 0.512910 0.011798 0.858106 134.944896
0.863154 -0.034180 -0.503347 -130.309541 0.023311 0.999126 -0.027869 -13.239705 0.503971 0.012325 0.863378 135.694537
0.867650 -0.034678 -0.495522 -130.738304 0.023809 0.999104 -0.028231 -13.273764 0.496167 0.012699 0.867881 136.451066
0.871201 -0.033922 -0.489302 -131.166349 0.023472 0.999132 -0.027474 -13.305774 0.489919 0.012453 0.871426 137.220005
0.874407 -0.032208 -0.483662 -131.593225 0.023492 0.999217 -0.024067 -13.336223 0.484168 0.009684 0.874667 138.001090
0.877715 -0.027913 -0.477893 -132.024367 0.021098 0.999362 -0.019621 -13.367648 0.478246 0.007141 0.877936 138.791841
0.881201 -0.025227 -0.471585 -132.456459 0.019611 0.999444 -0.016816 -13.394365 0.471856 0.005571 0.881399 139.600262
0.884613 -0.022510 -0.465294 -132.888009 0.017773 0.999514 -0.014563 -13.416173 0.465504 0.004614 0.884776 140.418847
0.888044 -0.020818 -0.458811 -133.319711 0.017070 0.999565 -0.012313 -13.437044 0.458970 0.003104 0.888199 141.254006
0.891442 -0.019313 -0.452227 -133.748844 0.016895 0.999594 -0.009384 -13.456138 0.452329 0.000725 0.891598 142.103933
0.894950 -0.019396 -0.445237 -134.175340 0.017996 0.999590 -0.007371 -13.473417 0.445300 -0.001416 0.895127 142.969217
0.898613 -0.019617 -0.437774 -134.601993 0.018753 0.999577 -0.006295 -13.490085 0.437816 -0.002553 0.898802 143.853250
0.902418 -0.020354 -0.429834 -135.024771 0.019607 0.999559 -0.006169 -13.504793 0.429873 -0.002861 0.902624 144.747092
0.906423 -0.022925 -0.421188 -135.442446 0.022193 0.999500 -0.006641 -13.519274 0.421232 -0.003329 0.906686 145.658786
0.910681 -0.024432 -0.411800 -135.863975 0.023333 0.999461 -0.007698 -13.537059 0.411868 -0.002599 0.910974 146.593417
0.915471 -0.025631 -0.400995 -136.273720 0.023751 0.999446 -0.009659 -13.554134 0.401115 -0.000681 0.915777 147.532242
0.921092 -0.023839 -0.388021 -136.678329 0.021576 0.999489 -0.010186 -13.572270 0.388158 0.001011 0.921342 148.487119
0.927691 -0.020140 -0.372183 -137.080302 0.018209 0.999569 -0.008702 -13.591533 0.372287 0.001296 0.927867 149.467910
0.934804 -0.016397 -0.354136 -137.465161 0.015467 0.999639 -0.005455 -13.609345 0.354183 -0.000378 0.934929 150.470581
0.941983 -0.013040 -0.334717 -137.831845 0.012604 0.999688 -0.003473 -13.625261 0.334739 -0.000947 0.942065 151.488801
0.949148 -0.011225 -0.313893 -138.186113 0.011067 0.999709 -0.002284 -13.640736 0.313903 -0.001306 0.949210 152.529285
0.955819 -0.009802 -0.293006 -138.513302 0.010106 0.999722 -0.000475 -13.651839 0.293000 -0.002508 0.955868 153.590882
0.962040 -0.008772 -0.271917 -138.820466 0.009829 0.999721 0.002524 -13.661243 0.271885 -0.005102 0.962075 154.671922
0.967983 -0.006337 -0.250006 -139.127024 0.008202 0.999718 0.006420 -13.668200 0.249956 -0.008266 0.967982 155.786171
0.973366 -0.004001 -0.228157 -139.393228 0.006679 0.999679 0.010967 -13.670554 0.228100 -0.012201 0.973312 156.897479
0.978260 -0.001934 -0.206190 -139.635647 0.005036 0.999642 0.014517 -13.669920 0.206143 -0.015243 0.978154 158.028311
0.982665 -0.000113 -0.184057 -139.869895 0.002883 0.999645 0.014785 -13.665531 0.184039 -0.015063 0.982554 159.194034
0.986467 -0.000938 -0.162465 -140.065718 0.003095 0.999671 0.013024 -13.660198 0.162443 -0.013354 0.986381 160.359973
0.989641 -0.000880 -0.141850 -140.237551 0.002656 0.999681 0.012330 -13.654557 0.141833 -0.012582 0.989565 161.534066
0.992336 -0.001940 -0.121559 -140.397977 0.003738 0.999648 0.014567 -13.649007 0.121522 -0.014913 0.992232 162.749846
0.994541 -0.001256 -0.101943 -140.523724 0.002956 0.999617 0.016520 -13.643228 0.101913 -0.016735 0.994405 163.962899
0.996390 -0.000712 -0.081948 -140.628701 0.002176 0.999599 0.017774 -13.634884 0.081927 -0.017892 0.996232 165.194622
0.997863 0.001041 -0.061522 -140.721793 0.000110 0.999588 0.018706 -13.624506 0.061535 -0.018677 0.997689 166.452286
0.998912 0.001527 -0.041201 -140.779917 -0.000718 0.999573 0.019657 -13.614415 0.041228 -0.019610 0.998721 167.723606
0.999537 0.003845 -0.020950 -140.816663 -0.003437 0.999571 0.019504 -13.602718 0.021026 -0.019428 0.999355 168.997933
0.999749 0.005011 -0.000778 -140.833184 -0.004997 0.999580 0.018660 -13.592086 0.000876 -0.018655 0.999589 170.296629
0.999570 0.005049 0.018596 -140.817120 -0.005360 0.999607 0.016649 -13.582694 -0.018505 -0.016745 0.999446 171.607124
0.999020 0.007127 0.037586 -140.780802 -0.007672 0.999625 0.014359 -13.573888 -0.037474 -0.014637 0.998945 172.922622
0.998092 0.007353 0.057074 -140.730753 -0.008098 0.999640 0.012815 -13.566346 -0.056968 -0.013256 0.998040 174.289446
0.996825 0.007502 0.076052 -140.639486 -0.008293 0.999670 0.010073 -13.564904 -0.075965 -0.010674 0.996805 175.623917
0.995215 0.008339 0.094705 -140.521000 -0.008856 0.999699 0.005038 -13.568638 -0.094654 -0.005854 0.995240 176.964243
0.993265 0.010009 0.113081 -140.384896 -0.009909 0.999687 -0.001448 -13.574460 -0.113085 0.000318 0.993317 178.469491
0.991092 0.011793 0.130597 -140.217685 -0.011073 0.999654 -0.006243 -13.591365 -0.130656 0.004743 0.991145 179.819045
0.988597 0.014005 0.148131 -140.026568 -0.012650 0.999606 -0.010088 -13.616531 -0.148248 0.008101 0.988647 181.184430
0.985777 0.016017 0.165710 -139.806447 -0.014121 0.999562 -0.012616 -13.646643 -0.165879 0.010100 0.985828 182.572768
0.982730 0.015340 0.182959 -139.556746 -0.013343 0.999576 -0.012141 -13.678119 -0.183112 0.009493 0.982776 183.954529
0.979428 0.014488 0.199942 -139.281013 -0.012239 0.999586 -0.012479 -13.712190 -0.200088 0.009778 0.979457 185.337571
0.975851 0.014275 0.216739 -138.981079 -0.010772 0.999530 -0.017336 -13.748314 -0.216937 0.014587 0.975803 186.740824
0.972086 0.015315 0.232980 -138.657705 -0.010630 0.999454 -0.021346 -13.787184 -0.233237 0.018279 0.971974 188.125723
0.967908 0.017500 0.249612 -138.309069 -0.012618 0.999432 -0.021144 -13.830817 -0.249903 0.017321 0.967838 189.534111
0.963163 0.019902 0.267170 -137.936111 -0.014692 0.999395 -0.021484 -13.877179 -0.267503 0.016773 0.963131 190.958661
0.958036 0.023474 0.284727 -137.529944 -0.017297 0.999289 -0.024187 -13.925201 -0.285165 0.018252 0.958021 192.370904
0.952700 0.024062 0.302054 -137.099419 -0.016384 0.999206 -0.027922 -13.978010 -0.302564 0.021658 0.952597 193.770484
0.947117 0.024843 0.319050 -136.551750 -0.016130 0.999147 -0.029919 -14.045708 -0.319605 0.023197 0.946972 195.350290
0.941028 0.024985 0.336557 -136.064936 -0.014067 0.999013 -0.034835 -14.109412 -0.337186 0.028055 0.940718 196.745051
0.933942 0.028085 0.355524 -135.546949 -0.014611 0.998794 -0.040522 -14.179158 -0.356328 0.032660 0.933488 198.147925
0.925374 0.031475 0.376996 -134.926394 -0.016173 0.998638 -0.043679 -14.260953 -0.377958 0.034332 0.924881 199.707899
0.915199 0.034483 0.400823 -134.336646 -0.018107 0.998567 -0.044566 -14.344456 -0.401891 0.033539 0.914768 201.104764
0.903504 0.039342 0.426104 -133.708985 -0.021445 0.998400 -0.046710 -14.431584 -0.427374 0.033074 0.903158 202.492662
0.890971 0.043454 0.451344 -133.042163 -0.023554 0.998211 -0.049609 -14.522551 -0.452815 0.033579 0.890654 203.866583
0.877774 0.047285 0.476132 -132.330270 -0.025399 0.998027 -0.052291 -14.617728 -0.477795 0.033817 0.877495 205.237688
0.864171 0.048637 0.500262 -131.576922 -0.024811 0.997939 -0.054162 -14.716137 -0.502004 0.034404 0.863847 206.586715
0.849909 0.050462 0.523939 -130.786917 -0.024632 0.997827 -0.056148 -14.818987 -0.525783 0.034826 0.849558 207.914158
0.835063 0.052303 0.547105 -129.958756 -0.022770 0.997603 -0.060618 -14.927927 -0.549124 0.038174 0.834506 209.222520
0.820106 0.054369 0.569065 -129.090317 -0.020685 0.997328 -0.065477 -15.042244 -0.571279 0.041941 0.819299 210.509131
0.805148 0.056372 0.589830 -128.189890 -0.019731 0.997141 -0.068367 -15.162974 -0.592185 0.043422 0.804224 211.773443
0.790249 0.057828 0.609506 -127.246752 -0.018011 0.996971 -0.071239 -15.290722 -0.611975 0.045334 0.789159 213.028803
0.775539 0.058302 0.628071 -126.277848 -0.016166 0.996905 -0.072579 -15.420080 -0.630561 0.046150 0.774339 214.258413
0.761323 0.059140 0.645149 -125.268518 -0.014768 0.996823 -0.073952 -15.553619 -0.647683 0.046790 0.760032 215.469590
0.747399 0.059514 0.661191 -124.228443 -0.011953 0.996688 -0.076201 -15.689692 -0.663753 0.049067 0.745888 216.661051
0.733456 0.060911 0.676502 -123.165888 -0.009642 0.996474 -0.079267 -15.828562 -0.679167 0.051634 0.731705 217.839340
0.719413 0.063018 0.691230 -122.071665 -0.007125 0.996159 -0.083403 -15.973627 -0.694057 0.055095 0.717341 219.004571
0.705158 0.064880 0.705595 -120.957059 -0.005808 0.995965 -0.085776 -16.122990 -0.708545 0.056407 0.702928 220.141809
0.690508 0.065864 0.719843 -119.820132 -0.005008 0.995919 -0.086322 -16.276957 -0.722831 0.056021 0.688256 221.255277
0.674883 0.067327 0.734376 -118.657393 -0.005563 0.995924 -0.086194 -16.429599 -0.737433 0.054104 0.672739 222.356877
0.658596 0.068687 0.748890 -117.486629 -0.007826 0.996053 -0.084474 -16.583910 -0.751991 0.049791 0.656763 223.409471
0.641930 0.069838 0.763119 -116.300547 -0.010260 0.996194 -0.082538 -16.739185 -0.766238 0.045170 0.640427 224.431636
0.625093 0.071922 0.776783 -115.104045 -0.013168 0.996234 -0.081645 -16.894059 -0.779992 0.040822 0.623904 225.421473
0.608205 0.075087 0.789783 -113.891379 -0.014162 0.996044 -0.083791 -17.050827 -0.793216 0.039791 0.607073 226.383157
0.591039 0.078771 0.802367 -112.679210 -0.016529 0.995862 -0.085592 -17.206851 -0.806053 0.037339 0.590096 227.302040
0.572936 0.079056 0.815363 -111.445495 -0.016784 0.995926 -0.084769 -17.365324 -0.819013 0.034895 0.572124 228.187149
0.553380 0.078254 0.828830 -110.200578 -0.017776 0.996121 -0.082181 -17.519158 -0.832325 0.030756 0.552816 229.038273
0.533412 0.076658 0.841969 -108.944076 -0.017992 0.996352 -0.079316 -17.669745 -0.845259 0.027169 0.533029 229.850917
0.513327 0.075573 0.854457 -107.680139 -0.018672 0.996525 -0.076921 -17.815291 -0.857589 0.023540 0.513132 230.624879
0.493319 0.074691 0.866242 -106.416519 -0.018057 0.996636 -0.075651 -17.957526 -0.869268 0.021686 0.493178 231.355031
0.473087 0.074305 0.877490 -105.152788 -0.017636 0.996703 -0.074892 -18.099778 -0.880453 0.019962 0.473001 232.050567
0.453525 0.073504 0.887815 -103.889256 -0.015558 0.996752 -0.074576 -18.236833 -0.890716 0.020017 0.453356 232.696492
0.433666 0.073842 0.897647 -102.612507 -0.013266 0.996702 -0.075581 -18.371311 -0.900580 0.020877 0.433372 233.321630
0.413716 0.073228 0.907059 -101.325621 -0.009933 0.996709 -0.075935 -18.508996 -0.909956 0.022414 0.413234 233.920160
0.393761 0.071383 0.916044 -100.041942 -0.008200 0.996859 -0.074156 -18.640687 -0.918784 0.021697 0.393254 234.476183
0.373933 0.071316 0.924316 -98.771968 -0.007414 0.996879 -0.073916 -18.770666 -0.927033 0.020795 0.373434 234.995145
0.354429 0.076084 0.931589 -97.484570 -0.008273 0.996539 -0.078242 -18.908686 -0.934654 0.020032 0.353965 235.503777
0.335807 0.085270 0.937669 -96.218947 -0.009262 0.995780 -0.087238 -19.044531 -0.941493 0.020618 0.335307 235.963032
0.317114 0.093068 0.943415 -94.945702 -0.011306 0.995106 -0.094367 -19.187903 -0.947927 0.019266 0.316736 236.397456
0.298063 0.097169 0.949190 -93.635858 -0.014108 0.994772 -0.097406 -19.345123 -0.954046 0.015648 0.297992 236.828510
0.278585 0.098666 0.954932 -92.369356 -0.016869 0.994683 -0.097852 -19.497331 -0.959868 0.011156 0.278878 237.211531
0.259297 0.099100 0.960308 -91.097233 -0.020604 0.994692 -0.097085 -19.648710 -0.965190 0.005390 0.260064 237.566366
0.240608 0.099441 0.965129 -89.824303 -0.022293 0.994675 -0.096928 -19.802630 -0.969984 0.001808 0.241637 237.899957
0.221978 0.098024 0.969726 -88.576703 -0.022472 0.994816 -0.095417 -19.947183 -0.974411 -0.000610 0.223117 238.195968
0.203692 0.098152 0.973719 -87.337620 -0.022458 0.994801 -0.095579 -20.089457 -0.978398 -0.002399 0.204918 238.465858
0.185742 0.098835 0.977233 -86.094069 -0.021551 0.994732 -0.096508 -20.231961 -0.981984 -0.003135 0.186967 238.713334
0.166910 0.102462 0.980252 -84.870615 -0.025303 0.994335 -0.099626 -20.373484 -0.985270 -0.008177 0.168624 238.938478
0.148431 0.104376 0.983017 -83.646982 -0.025251 0.994122 -0.101743 -20.514294 -0.988224 -0.009723 0.150254 239.137495
0.131815 0.101628 0.985669 -82.427428 -0.025693 0.994378 -0.099089 -20.659550 -0.990565 -0.012267 0.133739 239.312954
0.117098 0.097134 0.987980 -81.208627 -0.022966 0.994837 -0.095086 -20.801235 -0.992481 -0.011558 0.118773 239.455283
0.103399 0.093141 0.989890 -80.009296 -0.022388 0.995203 -0.091303 -20.935462 -0.994013 -0.012725 0.105032 239.583387
0.090573 0.089663 0.991461 -78.796363 -0.020586 0.995521 -0.088150 -21.072135 -0.995298 -0.012431 0.092052 239.714815
0.080231 0.089908 0.992325 -77.639405 -0.020029 0.995490 -0.088576 -21.197419 -0.996192 -0.012773 0.081706 239.813311
0.071815 0.092291 0.992749 -76.489650 -0.020236 0.995260 -0.091061 -21.322373 -0.996828 -0.013555 0.073375 239.904038
0.065065 0.094088 0.993044 -75.331109 -0.021504 0.995064 -0.092870 -21.448872 -0.997263 -0.015317 0.066797 239.989603
0.059325 0.098343 0.992992 -74.212970 -0.022011 0.994640 -0.097192 -21.576514 -0.997610 -0.016096 0.061200 240.063781
0.054201 0.107052 0.992385 -73.107179 -0.021310 0.993753 -0.106036 -21.706803 -0.997918 -0.015406 0.056170 240.129779
0.049341 0.109805 0.992338 -71.997907 -0.023221 0.993414 -0.108770 -21.834253 -0.998127 -0.017682 0.051590 240.196074
0.045843 0.101480 0.993386 -70.898270 -0.022099 0.994299 -0.100554 -21.963869 -0.998314 -0.017349 0.047847 240.252906
0.043460 0.091786 0.994432 -69.809114 -0.020845 0.995248 -0.090950 -22.086218 -0.998445 -0.016782 0.045189 240.305990
0.041933 0.088082 0.994830 -68.726248 -0.020222 0.995585 -0.087297 -22.202366 -0.998520 -0.016462 0.043551 240.363477
0.041862 0.090215 0.994642 -67.660401 -0.021048 0.995382 -0.089396 -22.313427 -0.998506 -0.017199 0.043589 240.419543
0.042226 0.093359 0.994336 -66.598167 -0.020439 0.995104 -0.092564 -22.426473 -0.998503 -0.016420 0.043950 240.475651
0.043803 0.095908 0.994024 -65.540104 -0.022942 0.994822 -0.094975 -22.543371 -0.998380 -0.018651 0.045799 240.534785
0.045890 0.096710 0.993852 -64.499101 -0.025024 0.994707 -0.095639 -22.658203 -0.998236 -0.020489 0.048091 240.595202
0.049146 0.098498 0.993520 -63.474272 -0.025952 0.994521 -0.097314 -22.770900 -0.998057 -0.021008 0.051458 240.654625
0.052706 0.099600 0.993226 -62.453816 -0.028372 0.994363 -0.098209 -22.886744 -0.997804 -0.023012 0.055262 240.723858
0.057596 0.100921 0.992815 -61.442266 -0.029860 0.994201 -0.099330 -22.998619 -0.997485 -0.023934 0.060304 240.792645
0.063846 0.100113 0.992526 -60.438349 -0.030772 0.994286 -0.098311 -23.109935 -0.997088 -0.024274 0.066593 240.867487
0.070558 0.098680 0.992219 -59.432066 -0.029653 0.994471 -0.096797 -23.223870 -0.996673 -0.022600 0.073127 240.949468
0.077993 0.097893 0.991742 -58.435507 -0.027600 0.994609 -0.096006 -23.335475 -0.996180 -0.019891 0.080311 241.030389
0.085406 0.098847 0.991037 -57.448422 -0.026380 0.994553 -0.096926 -23.444652 -0.995605 -0.017872 0.087587 241.120650
0.092043 0.098732 0.990454 -56.451276 -0.026855 0.994568 -0.096648 -23.553746 -0.995000 -0.017709 0.094236 241.228198
0.098630 0.097686 0.989922 -55.461246 -0.027791 0.994662 -0.095386 -23.662371 -0.994341 -0.018109 0.100862 241.337839
0.105101 0.095668 0.989455 -54.478197 -0.028552 0.994853 -0.093158 -23.769171 -0.993659 -0.018466 0.107338 241.457346
0.111710 0.094152 0.988878 -53.497470 -0.028532 0.995009 -0.091513 -23.877218 -0.992940 -0.017998 0.113887 241.579829
0.118353 0.094746 0.988045 -52.528233 -0.028781 0.994958 -0.091962 -23.981103 -0.992160 -0.017559 0.120534 241.708120
0.124939 0.096967 0.987018 -51.563432 -0.028271 0.994767 -0.094151 -24.084627 -0.991366 -0.016146 0.127081 241.842878
0.131434 0.098452 0.986028 -50.599648 -0.028180 0.994636 -0.095557 -24.188347 -0.990529 -0.015232 0.133560 241.981826
0.137614 0.100440 0.984979 -49.642683 -0.030116 0.994416 -0.097196 -24.294193 -0.989628 -0.016293 0.139930 242.130143
0.143763 0.101201 0.984019 -48.692982 -0.032315 0.994311 -0.097539 -24.398182 -0.988681 -0.017782 0.146278 242.285728
0.150472 0.100884 0.983043 -47.741350 -0.032876 0.994339 -0.097012 -24.504750 -0.987659 -0.017727 0.153002 242.444675
0.156552 0.098637 0.982322 -46.793259 -0.033883 0.994550 -0.094466 -24.609878 -0.986679 -0.018502 0.159110 242.610394
