1 -0 0 -0 -0 1 -0 0 0 -0 1 -0 -0 0 -0 1 
1 -0.000577008 -0.000309798 -0.00547834 0.000577504 0.999999 0.00160673 -0.0207116 0.00030887 -0.0016069 0.999999 1.3329 0 0 0 1 
0.999996 -0.00169922 -0.000837639 -0.0104585 0.00170063 0.999995 0.00169051 -0.0422006 0.000834766 -0.00169193 0.999996 2.66375 0 0 0 1 
0.999992 -0.00307827 -0.000993475 -0.0150825 0.00307891 0.999993 0.000642746 -0.0621897 0.000991493 -0.0006458 0.999997 3.99036 0 0 0 1 
0.999991 -0.00337766 -0.000944792 -0.0217914 0.00337832 0.999992 0.000694766 -0.0824194 0.000942441 -0.000697954 0.999997 5.32101 0 0 0 1 
0.999991 -0.00389386 -0.00101575 -0.0291447 0.00389544 0.999991 0.00156173 -0.103253 0.00100966 -0.00156568 0.999998 6.66088 0 0 0 1 
1 -0.00537235 -0.000975075 -0.0343284 0.00537501 0.999998 0.0027455 -0.123113 0.00096031 -0.0027507 1.00001 8.00608 0 0 0 1 
1 -0.00497401 -0.00131508 -0.0412877 0.00497829 1 0.00327468 -0.142638 0.00129877 -0.00328119 1.00001 9.33941 0 0 0 1.00001 
1.00001 -0.00413446 -0.00178151 -0.0504352 0.00413704 1.00001 0.00144808 -0.16191 0.00177551 -0.00145543 1.00001 10.6836 0 0 0 1.00001 
1.00002 -0.00134979 -0.00192993 -0.0630083 0.0013483 1.00002 -0.000768748 -0.182487 0.00193097 0.000766141 1.00002 12.029 0 0 0 1.00001 
1.00002 0.00210516 -0.00178076 -0.0781705 -0.00210814 1.00002 -0.00167052 -0.205177 0.00177724 0.00167426 1.00002 13.3766 0 0 0 1.00001 
1 0.00445832 -0.00176368 -0.0925746 -0.00446147 1 -0.0017822 -0.229439 0.00175572 0.00179005 1.00001 14.7281 0 0 0 1.00001 
0.999998 0.00548484 -0.00165332 -0.105246 -0.00548633 0.999998 -0.000898851 -0.252871 0.00164836 0.000907904 1.00001 16.0834 0 0 0 1.00001 
1.00001 0.00303182 -0.00129367 -0.112486 -0.00302951 1.00001 0.00178704 -0.273291 0.00129908 -0.00178312 1.00001 17.4426 0 0 0 1.00001 
1.00001 -0.00106244 -0.0012538 -0.115979 0.00106686 1.00001 0.00353383 -0.293252 0.00125004 -0.00353517 1.00001 18.8007 0 0 0 1.00001 
1.00001 -0.00335633 -0.00159668 -0.120857 0.00335821 1.00002 0.00118181 -0.312378 0.0015927 -0.00118717 1.00002 20.1628 0 0 0 1.00001 
1.00001 -0.00439393 -0.00171321 -0.127673 0.00439248 1.00001 -0.000847182 -0.331471 0.00171691 0.00083964 1.00002 21.5216 0 0 0 1.00001 
1.00002 -0.00205349 -0.00117816 -0.139656 0.00205057 1.00002 -0.00246569 -0.355661 0.00118322 0.00246326 1.00002 22.8912 0 0 0 1.00001 
1.00003 0.000722096 -0.000454173 -0.152827 -0.000722272 1.00003 -0.000487881 -0.376 0.000453825 0.000488213 1.00003 24.2612 0 0 0 1.00001 
1.00003 0.00119779 -7.43294e-05 -0.161419 -0.00119751 1.00002 0.00310749 -0.397389 7.80544e-05 -0.00310739 1.00002 25.6352 0 0 0 1.00001 
1.00004 -0.0011186 0.000328083 -0.165372 0.00111698 1.00003 0.0050504 -0.412789 -0.000333723 -0.00505003 1.00003 27.0156 0 0 0 1.00001 
1.00003 -0.00496776 -0.000241414 -0.165573 0.00496854 1.00002 0.00314787 -0.429465 0.000225777 -0.00314903 1.00004 28.3843 0 0 0 1.00001 
1.00003 -0.0052623 -0.000373254 -0.1701 0.00526267 1.00003 0.000865151 -0.448547 0.000368701 -0.0008671 1.00004 29.7585 0 0 0 1.00001 
1.00003 -0.00548258 0.000238354 -0.175919 0.00548302 1.00003 -0.00163685 -0.470922 -0.000229368 0.00163814 1.00004 31.1476 0 0 0 1.00001 
1.00004 -0.00208708 0.000810989 -0.186116 0.00208906 1.00004 -0.00238019 -0.49648 -0.000806008 0.00238189 1.00004 32.5262 0 0 0 1.00001 
1.00004 -0.00119973 0.00111278 -0.194439 0.00120484 1.00003 -0.0045459 -0.522742 -0.0011073 0.00454724 1.00003 33.9119 0 0 0 1.00002 
1.00005 -0.000171633 0.00113968 -0.201777 0.00017624 1.00004 -0.00399103 -0.549215 -0.00113898 0.00399124 1.00004 35.3031 0 0 0 1.00002 
1.00005 -9.16366e-05 0.000979934 -0.209306 9.4424e-05 1.00004 -0.00278262 -0.576178 -0.000979668 0.00278272 1.00004 36.704 0 0 0 1.00002 
1.00005 0.00111237 0.000615932 -0.217715 -0.00111154 1.00004 -0.00125074 -0.601451 -0.000617315 0.00125006 1.00005 38.107 0 0 0 1.00002 
1.00004 0.00399627 0.000688425 -0.230942 -0.00399555 1.00004 -0.000937737 -0.626643 -0.000692158 0.000934983 1.00005 39.5145 0 0 0 1.00002 
1.00003 0.00639438 0.000918912 -0.242534 -0.00639312 1.00003 -0.00129001 -0.651587 -0.000927134 0.00128411 1.00005 40.9223 0 0 0 1.00002 
1.00001 0.00878481 0.000835524 -0.25372 -0.00878402 1.00001 -0.000836971 -0.676694 -0.000842841 0.000829578 1.00005 42.3309 0 0 0 1.00002 
1.00001 0.00955052 0.000466618 -0.261738 -0.00955006 1 -0.000788324 -0.701341 -0.000474122 0.000783809 1.00005 43.7405 0 0 0 1.00002 
0.999954 0.00873246 -3.54652e-05 -0.269 -0.00873229 0.999952 -0.000908492 -0.726203 2.75524e-05 0.00090873 1.00001 45.1559 0 0 0 1.00002 
0.999961 0.00804443 -0.00073 -0.277718 -0.00804522 0.999958 -0.00136275 -0.750678 0.000719048 0.00136855 1.00001 46.5702 0 0 0 1.00002 
0.999965 0.00742513 -0.00164289 -0.28728 -0.00742679 0.999964 -0.00112795 -0.776012 0.00163452 0.00114009 1.00001 47.994 0 0 0 1.00002 
0.99996 0.00782509 -0.00263123 -0.298863 -0.00782498 0.999961 -1.99957e-05 -0.799769 0.00263106 4.05308e-05 1.00001 49.4123 0 0 0 1.00002 
0.99995 0.0082878 -0.0036588 -0.313207 -0.00828903 0.999955 -0.000377108 -0.824281 0.00365563 0.000407374 1 50.8343 0 0 0 1.00002 
0.999941 0.00876148 -0.00477085 -0.328773 -0.00876146 0.999951 -1.70162e-05 -0.846941 0.00477062 5.87623e-05 0.999997 52.2635 0 0 0 1.00002 
0.999935 0.00886856 -0.00579136 -0.345829 -0.00886322 0.999951 0.000910555 -0.871294 0.00579933 -0.000859243 0.999992 53.7039 0 0 0 1.00002 
0.999944 0.00732939 -0.00642498 -0.361633 -0.00731744 0.999962 0.00184974 -0.894983 0.00643849 -0.00180273 0.999987 55.1437 0 0 0 1.00002 
0.999949 0.00608671 -0.00692421 -0.37665 -0.0060728 0.99997 0.00199796 -0.918201 0.00693638 -0.00195591 0.999984 56.5836 0 0 0 1.00002 
0.999958 0.00361878 -0.00740875 -0.391293 -0.00360884 0.999984 0.00132674 -0.94078 0.00741365 -0.00130004 0.999982 58.0136 0 0 0 1.00002 
0.99996 0.00256556 -0.00748405 -0.406952 -0.00255316 0.999986 0.00163909 -0.964172 0.00748838 -0.00162001 0.99998 59.445 0 0 0 1.00002 
0.999965 0.00125206 -0.00705898 -0.422374 -0.00123545 0.999987 0.00232752 -0.987946 0.00706202 -0.00231883 0.999981 60.8745 0 0 0 1.00002 
0.99997 0.000155067 -0.00657791 -0.437581 -0.000135382 0.999987 0.00296194 -1.01133 0.00657848 -0.00296109 0.999984 62.3048 0 0 0 1.00002 
0.999975 -0.00148471 -0.00603147 -0.451558 0.0015003 0.999989 0.00254756 -1.03475 0.00602779 -0.00255666 0.999991 63.7331 0 0 0 1.00003 
0.999976 -0.00306853 -0.00561258 -0.46473 0.00307839 0.99999 0.00171268 -1.05875 0.00560741 -0.00173001 0.999998 65.1538 0 0 0 1.00003 
0.99998 -0.00232937 -0.00498821 -0.480414 0.00233601 0.999992 0.00128468 -1.08401 0.00498531 -0.00129639 1 66.5785 0 0 0 1.00003 
0.999985 -0.000766654 -0.0041553 -0.497265 0.000771266 0.999994 0.00106115 -1.10943 0.00415457 -0.00106442 1 68.0055 0 0 0 1.00003 
0.999982 0.00268846 -0.00357314 -0.515135 -0.00267988 0.999986 0.00234894 -1.13458 0.00357951 -0.00233944 1 69.4117 0 0 0 1.00003 
0.999967 0.00602317 -0.00276527 -0.533993 -0.00601286 0.999965 0.00365126 -1.1579 0.00278725 -0.00363467 0.999998 70.8375 0 0 0 1.00003 
0.999938 0.0103123 -0.00197393 -0.552301 -0.0103041 0.999932 0.00405472 -1.18083 0.00201567 -0.00403429 1 72.241 0 0 0 1.00003 
0.999889 0.014632 -0.00135488 -0.56985 -0.0146268 0.999883 0.00369284 -1.20249 0.0014088 -0.00367275 1.00001 73.6511 0 0 0 1.00004 
0.999836 0.0179595 -0.000702699 -0.585433 -0.0179571 0.999831 0.00305064 -1.22555 0.000757403 -0.00303765 1.00001 75.0533 0 0 0 1.00004 
0.999798 0.0198377 -2.45014e-05 -0.598206 -0.0198373 0.999795 0.0029167 -1.24895 8.23783e-05 -0.00291576 1.00001 76.4686 0 0 0 1.00004 
0.999795 0.0200914 0.000283979 -0.607962 -0.020092 0.99979 0.00323367 -1.2717 -0.000218935 -0.00323884 1.00001 77.868 0 0 0 1.00004 
0.999812 0.0191595 0.00037139 -0.615811 -0.0191603 0.999809 0.00291406 -1.29519 -0.000315474 -0.00292075 1.00001 79.266 0 0 0 1.00004 
0.999832 0.0180422 0.000229531 -0.622879 -0.0180424 0.999831 0.00199986 -1.31919 -0.000193396 -0.00200377 1.00001 80.6501 0 0 0 1.00004 
0.999843 0.0176355 -0.000147542 -0.630433 -0.017635 0.999842 0.00194371 -1.344 0.000181819 -0.0019409 1.00002 82.0486 0 0 0 1.00004 
0.999842 0.0176125 -0.000447687 -0.640365 -0.0176113 0.999841 0.00213517 -1.3684 0.000485251 -0.00212705 1.00001 83.4427 0 0 0 1.00004 
0.99985 0.0174709 -0.000990208 -0.65094 -0.0174691 0.99985 0.00163298 -1.39199 0.00101862 -0.00161552 1.00002 84.8334 0 0 0 1.00004 
0.999848 0.0176744 -0.00168984 -0.663101 -0.0176709 0.999848 0.00193521 -1.41618 0.00172383 -0.00190514 1.00002 86.2162 0 0 0 1.00004 
0.999854 0.0170738 -0.00266791 -0.676391 -0.0170662 0.999855 0.00276543 -1.43879 0.0027148 -0.0027196 1.00002 87.6075 0 0 0 1.00004 
0.999881 0.014946 -0.00373812 -0.688869 -0.014932 0.999881 0.0037021 -1.4608 0.0037931 -0.00364597 1 89.0046 0 0 0 1.00004 
0.999902 0.0129051 -0.00497219 -0.699625 -0.0128843 0.999907 0.00415976 -1.48301 0.00502552 -0.00409543 0.999996 90.3765 0 0 0 1.00005 
0.999921 0.0110249 -0.00565904 -0.713119 -0.0110013 0.999929 0.00414741 -1.50473 0.0057045 -0.00408496 0.999992 91.7606 0 0 0 1.00005 
0.999933 0.00968688 -0.00608872 -0.728798 -0.00966477 0.999946 0.00361967 -1.52615 0.00612359 -0.00356071 0.999993 93.1447 0 0 0 1.00005 
0.999941 0.00876307 -0.00627428 -0.745178 -0.00874318 0.999956 0.00316099 -1.54792 0.00630184 -0.00310606 0.999994 94.5279 0 0 0 1.00005 
0.999935 0.00933116 -0.00640129 -0.762206 -0.00931479 0.999952 0.0025519 -1.57087 0.00642494 -0.00249221 0.999995 95.8874 0 0 0 1.00005 
0.999939 0.00914524 -0.00628159 -0.779208 -0.00913267 0.999957 0.00199661 -1.59418 0.00629971 -0.00193921 0.999999 97.246 0 0 0 1.00005 
0.999933 0.010158 -0.00614467 -0.79775 -0.0101505 0.999951 0.00121739 -1.61785 0.00615684 -0.00115501 1 98.6071 0 0 0 1.00005 
0.999921 0.0114806 -0.00581273 -0.817013 -0.0114716 0.999937 0.0015485 -1.64207 0.00583024 -0.00148177 1.00001 99.9665 0 0 0 1.00005 
0.999916 0.0121773 -0.00554334 -0.834933 -0.0121608 0.999927 0.00295697 -1.66542 0.00557903 -0.00288941 1.00001 101.32 0 0 0 1.00005 
0.999901 0.0133754 -0.00545835 -0.852929 -0.013352 0.999908 0.00427309 -1.68864 0.00551508 -0.00419991 1 102.67 0 0 0 1.00005 
0.999938 0.0126734 -0.00531907 -0.86904 -0.0126581 0.999951 0.00285726 -1.71147 0.00535495 -0.00278979 1.00003 104.018 0 0 0 1.00005 
0.999939 0.0126601 -0.00520302 -0.884842 -0.0126576 0.999955 0.000465797 -1.73351 0.00520862 -0.000399994 1.00004 105.355 0 0 0 1.00005 
0.999947 0.0119954 -0.00533097 -0.900449 -0.0119992 0.999963 -0.00073168 -1.75757 0.00532193 0.000795503 1.00003 106.69 0 0 0 1.00005 
0.999972 0.00977104 -0.00523698 -0.913523 -0.00976851 0.999988 0.000464839 -1.78197 0.0052414 -0.000413749 1.00004 108.032 0 0 0 1.00005 
0.999996 0.00736668 -0.00455911 -0.925992 -0.00735536 1.00001 0.00244237 -1.80551 0.00457709 -0.00240887 1.00004 109.375 0 0 0 1.00005 
1.00002 0.00584891 -0.00359343 -0.938382 -0.0058381 1.00002 0.00295177 -1.82757 0.00361074 -0.00293084 1.00004 110.721 0 0 0 1.00005 
1.00002 0.00502266 -0.00277146 -0.949931 -0.00501815 1.00002 0.00155553 -1.84999 0.00277936 -0.00154169 1.00005 112.057 0 0 0 1.00005 
1.00001 0.00711409 -0.00205012 -0.9638 -0.00711554 1.00001 -0.000808936 -1.87335 0.00204442 0.000823442 1.00005 113.393 0 0 0 1.00005 
0.999994 0.00924561 -0.000830321 -0.977219 -0.0092478 0.999988 -0.00295348 -1.8986 0.00080307 0.00296101 1.00005 114.731 0 0 0 1.00005 
0.999962 0.0123437 0.000602217 -0.99075 -0.0123417 0.999956 -0.00287012 -1.92545 -0.000637524 0.00286244 1.00005 116.07 0 0 0 1.00006 
0.999943 0.0136229 0.00216478 -1.00092 -0.0136206 0.999943 -0.00094327 -1.95187 -0.00217738 0.00091364 1.00005 117.419 0 0 0 1.00006 
0.999939 0.0136685 0.00326807 -1.00594 -0.0136727 0.999942 0.00132988 -1.97678 -0.00324955 -0.00137453 1.00005 118.77 0 0 0 1.00006 
0.999945 0.0129715 0.00402757 -1.00728 -0.0129787 0.99995 0.00182046 -1.99905 -0.00400359 -0.00187266 1.00004 120.112 0 0 0 1.00006 
0.999935 0.0133684 0.00508224 -1.00986 -0.0133746 0.999946 0.00122407 -2.02044 -0.0050654 -0.001292 1.00004 121.457 0 0 0 1.00006 
0.9999 0.0152413 0.00635576 -1.0138 -0.0152459 0.999918 0.000698989 -2.04206 -0.00634438 -0.000795872 1.00003 122.808 0 0 0 1.00006 
0.999865 0.0171612 0.00756765 -1.01764 -0.0171642 0.999892 0.000357626 -2.06379 -0.00756042 -0.000487528 1.00003 124.167 0 0 0 1.00006 
0.999871 0.0178078 0.0086651 -1.0183 -0.0178022 0.999906 -0.000692023 -2.08627 -0.00867609 0.000537577 1.00004 125.515 0 0 0 1.00007 
0.99984 0.018958 0.00967073 -1.01767 -0.0189438 0.999884 -0.00152994 -2.10963 -0.00969804 0.00134635 1.00003 126.857 0 0 0 1.00007 
0.999849 0.0179929 0.0107656 -1.01463 -0.0179749 0.999904 -0.0017471 -2.13351 -0.0107954 0.00155317 1.00002 128.216 0 0 0 1.00007 
0.999848 0.0174426 0.0116478 -1.00935 -0.0174356 0.999914 -0.000680334 -2.15762 -0.0116579 0.000477044 1.00001 129.574 0 0 0 1.00007 
0.999863 0.0160078 0.0125032 -1.00227 -0.0160114 0.999939 0.00020936 -2.1815 -0.0124984 -0.00040958 1.00001 130.928 0 0 0 1.00007 
0.99987 0.0151548 0.0127957 -0.993629 -0.0151627 0.999949 0.000537907 -2.20469 -0.0127862 -0.000731894 0.999999 132.282 0 0 0 1.00007 
0.999902 0.0129078 0.0128427 -0.984229 -0.0129172 0.999982 0.000670346 -2.22657 -0.0128331 -0.000836205 0.999999 133.639 0 0 0 1.00007 
0.999924 0.0112654 0.0126213 -0.97543 -0.0112833 1 0.00136103 -2.24789 -0.0126052 -0.00150334 1 134.988 0 0 0 1.00007 
0.999965 0.0096762 0.0120709 -0.96586 -0.00968872 1.00004 0.00100297 -2.27074 -0.0120607 -0.00111991 1.00002 136.33 0 0 0 1.00007 
0.999992 0.00828609 0.0109489 -0.958923 -0.00829618 1.00005 0.000903823 -2.29125 -0.0109411 -0.000994676 1.00004 137.68 0 0 0 1.00007 
1.00001 0.00681493 0.00984837 -0.952325 -0.00683253 1.00006 0.00178546 -2.31205 -0.00983605 -0.00185274 1.00005 139.031 0 0 0 1.00007 
1.00003 0.00526733 0.00877433 -0.945626 -0.00528408 1.00007 0.00192153 -2.33367 -0.00876415 -0.00196791 1.00006 140.377 0 0 0 1.00007 
1.00005 0.00483225 0.00751233 -0.941879 -0.00484661 1.00008 0.00193512 -2.35458 -0.00750295 -0.00197157 1.00007 141.72 0 0 0 1.00007 
1.00006 0.00451097 0.00631877 -0.939501 -0.00451899 1.00008 0.00130391 -2.37575 -0.00631288 -0.00133254 1.00008 143.076 0 0 0 1.00007 
1.00006 0.00442701 0.0053762 -0.940133 -0.0044317 1.00008 0.000917127 -2.39705 -0.00537213 -0.000941041 1.00009 144.427 0 0 0 1.00007 
1.00008 0.00208188 0.00446106 -0.939416 -0.00207482 1.00009 -0.00151642 -2.42162 -0.00446424 0.00150705 1.00009 145.785 0 0 0 1.00007 
1.00008 -0.00323598 0.00334249 -0.933282 0.00324309 1.00009 -0.00202616 -2.44461 -0.00333593 0.00203689 1.0001 147.135 0 0 0 1.00007 
1.00003 -0.0109286 0.00219433 -0.923644 0.0109284 1.00004 0.000277349 -2.46848 -0.00219724 -0.000253463 1.0001 148.488 0 0 0 1.00007 
0.999937 -0.0175974 0.000475543 -0.914109 0.017597 0.999938 0.00167197 -2.48842 -0.00050488 -0.00166347 1.0001 149.828 0 0 0 1.00007 
0.999876 -0.0207541 -0.000509755 -0.911925 0.0207535 0.999878 -0.00178978 -2.51061 0.000546806 0.00177872 1.0001 151.181 0 0 0 1.00007 
0.999889 -0.020114 -0.000183685 -0.915642 0.0201133 0.99988 -0.00494258 -2.53587 0.000283069 0.00493782 1.00009 152.526 0 0 0 1.00007 
0.999949 -0.0168563 0.000758778 -0.925161 0.0168616 0.999928 -0.00703792 -2.5663 -0.000640022 0.00704966 1.00008 153.872 0 0 0 1.00007 
0.999948 -0.0168576 0.00159434 -0.931085 0.0168688 0.999927 -0.00708607 -2.59828 -0.00147463 0.00711191 1.00008 155.228 0 0 0 1.00007 
0.999887 -0.0200885 0.00226314 -0.930843 0.0200969 0.999887 -0.00359902 -2.6288 -0.00219038 0.0036437 1.00009 156.585 0 0 0 1.00007 
0.999767 -0.0252709 0.00272904 -0.925429 0.0252737 0.999774 -0.000848469 -2.65666 -0.00270674 0.000917082 1.0001 157.941 0 0 0 1.00007 
0.999668 -0.0289885 0.00276518 -0.920439 0.0289878 0.999675 0.000423296 -2.68013 -0.00277631 -0.000343055 1.0001 159.294 0 0 0 1.00007 
0.999622 -0.0305863 0.0028033 -0.917942 0.030586 0.999629 0.000276676 -2.70371 -0.00281047 -0.000190899 1.0001 160.647 0 0 0 1.00008 
0.999677 -0.0286557 0.00385458 -0.921617 0.0286524 0.999687 0.00102496 -2.72736 -0.0038824 -0.000914191 1.0001 162.001 0 0 0 1.00008 
0.999781 -0.0247075 0.00508148 -0.9276 0.0247073 0.999797 0.000181402 -2.75145 -0.00508445 -5.58899e-05 1.0001 163.352 0 0 0 1.00008 
0.999857 -0.0211606 0.00597697 -0.931575 0.0211733 0.999876 -0.00200412 -2.77532 -0.00593326 0.00213012 1.00009 164.704 0 0 0 1.00008 
0.999911 -0.0182307 0.00676657 -0.934721 0.0182492 0.999933 -0.00263894 -2.799 -0.00671737 0.00276186 1.00008 166.057 0 0 0 1.00008 
0.999941 -0.0163453 0.00718344 -0.935076 0.0163568 0.999969 -0.00149312 -2.82433 -0.00715813 0.00161031 1.00008 167.419 0 0 0 1.00008 
0.999974 -0.014416 0.00704984 -0.935698 0.0144302 1 -0.00191411 -2.85067 -0.00702156 0.00201553 1.00009 168.784 0 0 0 1.00008 
1.00001 -0.0122906 0.00666379 -0.936713 0.0123207 1.00002 -0.00444427 -2.87716 -0.00660866 0.00452589 1.00008 170.148 0 0 0 1.00008 
1.00005 -0.00842383 0.00619514 -0.939552 0.00846906 1.00004 -0.00725716 -2.90723 -0.00613367 0.0073092 1.00007 171.511 0 0 0 1.00008 
1.00009 -0.00323167 0.00608281 -0.94586 0.00328385 1.00008 -0.00853484 -2.93949 -0.00605502 0.0085546 1.00007 172.878 0 0 0 1.00008 
1.0001 0.00141664 0.00640527 -0.952961 -0.00136896 1.0001 -0.00739541 -2.97118 -0.00641562 0.00738647 1.00008 174.257 0 0 0 1.00008 
1.00008 0.00440636 0.00698721 -0.957627 -0.00436735 1.0001 -0.00554697 -3.00273 -0.00701153 0.00551623 1.00009 175.634 0 0 0 1.00008 
1.00008 0.00525154 0.00703538 -0.957857 -0.00522789 1.00011 -0.00333425 -3.03087 -0.00705281 0.00329731 1.0001 177.023 0 0 0 1.00009 
1.0001 0.00202233 0.00627989 -0.953518 -0.00200689 1.00012 -0.00241782 -3.05649 -0.0062848 0.00240511 1.00011 178.414 0 0 0 1.00009 
1.00011 -1.22363e-05 0.00457342 -0.950473 2.30785e-05 1.00012 -0.00230452 -3.0814 -0.00457341 0.00230455 1.00012 179.807 0 0 0 1.00009 
1.00011 -0.000333363 0.00253633 -0.950854 0.000350494 1.0001 -0.00663907 -3.10825 -0.00253408 0.00663994 1.0001 181.207 0 0 0 1.00009 
1.00012 0.00140986 0.00106971 -0.957448 -0.00139781 1.00006 -0.0109241 -3.1395 -0.00108504 0.0109226 1.00007 182.598 0 0 0 1.00009 
1.0001 0.00622887 0.000460105 -0.971407 -0.00622288 1.00004 -0.011574 -3.17477 -0.000532139 0.0115709 1.00006 184 0 0 0 1.00009 
1.00007 0.00965375 0.000357337 -0.986188 -0.00964917 1.00002 -0.0106546 -3.21098 -0.000460132 0.0106506 1.00007 185.411 0 0 0 1.00009 
1.00005 0.0118813 0.000649929 -0.999325 -0.0118761 1.00003 -0.00727018 -3.24354 -0.000736225 0.00726195 1.0001 186.826 0 0 0 1.00009 
1.00005 0.012635 0.00099056 -1.00984 -0.0126293 1.00004 -0.00536178 -3.2744 -0.0010582 0.00534884 1.00012 188.244 0 0 0 1.0001 
1.00005 0.0121474 0.00112783 -1.01818 -0.012142 1.00005 -0.00449168 -3.302 -0.00118228 0.00447765 1.00012 189.671 0 0 0 1.0001 
1.00007 0.0104162 0.00116381 -1.02517 -0.0104113 1.00007 -0.00392665 -3.32978 -0.00120463 0.00391431 1.00012 191.11 0 0 0 1.0001 
1.00009 0.00791305 0.00126277 -1.02868 -0.00790841 1.00009 -0.00345556 -3.35718 -0.00129006 0.00344546 1.00013 192.537 0 0 0 1.0001 
1.00011 0.00524472 0.001433 -1.0301 -0.00523942 1.00011 -0.00350038 -3.38454 -0.00145132 0.00349282 1.00013 193.959 0 0 0 1.0001 
1.00012 0.00211366 0.00182133 -1.03091 -0.00210888 1.00013 -0.00247051 -3.41158 -0.00182654 0.00246665 1.00013 195.399 0 0 0 1.0001 
1.00012 -0.00220906 0.00224158 -1.02967 0.00221155 1.00013 -0.000976965 -3.43746 -0.00223942 0.000981901 1.00013 196.839 0 0 0 1.0001 
1.00011 -0.00484645 0.00252387 -1.02858 0.00484972 1.00012 -0.00116492 -3.46267 -0.0025182 0.00117713 1.00013 198.285 0 0 0 1.0001 
1.00012 -0.0027944 0.00268829 -1.03219 0.00280964 1.00011 -0.00557186 -3.49078 -0.00267268 0.00557936 1.00012 199.722 0 0 0 1.0001 
1.00011 0.00448118 0.00304721 -1.04334 -0.00444819 1.00007 -0.0106648 -3.52218 -0.0030948 0.0106511 1.00007 201.148 0 0 0 1.0001 
1.00003 0.0135449 0.00425187 -1.05958 -0.0134984 0.999985 -0.0107405 -3.55752 -0.00439672 0.010682 1.00007 202.592 0 0 0 1.0001 
0.999846 0.021457 0.00544001 -1.07484 -0.0214179 0.999838 -0.00712462 -3.59252 -0.00559157 0.00700644 1.00005 204.035 0 0 0 1.0001 
0.999821 0.0223803 0.00628907 -1.08032 -0.0223489 0.999831 -0.00500469 -3.62276 -0.0063995 0.00486287 1.00006 205.5 0 0 0 1.0001 
0.999865 0.020481 0.00579682 -1.07838 -0.0204544 0.999874 -0.00458402 -3.65064 -0.0058895 0.0044645 1.00006 206.954 0 0 0 1.0001 
0.999933 0.0172567 0.00454948 -1.07371 -0.0172353 0.999934 -0.00468479 -3.67965 -0.00462967 0.00460571 1.00007 208.41 0 0 0 1.0001 
0.999967 0.0152542 0.00359266 -1.07165 -0.0152349 0.999962 -0.00530072 -3.71069 -0.00367312 0.00524541 1.00007 209.867 0 0 0 1.0001 
1.00001 0.0156284 0.00302885 -1.07331 -0.0156103 1.00001 -0.005817 -3.7432 -0.0031195 0.00576935 1.00008 211.336 0 0 0 1.00013 
0.999988 0.0169789 0.00288991 -1.07885 -0.016962 0.99999 -0.00565931 -3.77527 -0.00298569 0.00560983 1.00008 212.807 0 0 0 1.00013 
0.999967 0.0182442 0.00285542 -1.08648 -0.0182302 0.999973 -0.00477452 -3.80697 -0.00294218 0.00472207 1.00009 214.274 0 0 0 1.00013 
0.99998 0.0175642 0.00253652 -1.09239 -0.0175502 0.999983 -0.00532565 -3.83827 -0.00262981 0.00528068 1.00009 215.747 0 0 0 1.00013 
0.999987 0.0172687 0.0021584 -1.09801 -0.0172544 0.999983 -0.00635739 -3.86989 -0.00226801 0.00631952 1.00008 217.221 0 0 0 1.00013 
1 0.0165933 0.00186682 -1.10327 -0.0165801 0.999991 -0.00673802 -3.90244 -0.00197852 0.00670644 1.00008 218.691 0 0 0 1.00013 
1.00003 0.0169557 0.00150149 -1.11086 -0.0169454 0.999985 -0.00685604 -3.93642 -0.0016177 0.00682979 1.00012 220.18 0 0 0 1.00013 
1.00004 0.0172914 0.00123245 -1.11897 -0.0172824 0.999996 -0.00709499 -3.97128 -0.00135511 0.0070728 1.00013 221.676 0 0 0 1.00013 
1.00004 0.0172892 0.000929081 -1.12708 -0.0172821 0.999995 -0.00729067 -4.00554 -0.00105518 0.0072737 1.00013 223.169 0 0 0 1.00013 
1.00002 0.0183525 0.000487686 -1.1378 -0.0183483 0.999975 -0.00766711 -4.04035 -0.000628518 0.00765704 1.00013 224.659 0 0 0 1.00013 
1.00003 0.0180948 0.000103309 -1.14659 -0.0180937 0.999979 -0.00784377 -4.07459 -0.000245448 0.00784078 1.00013 226.161 0 0 0 1.00013 
1.00002 0.0185877 -0.000159099 -1.15651 -0.0185885 0.99997 -0.00781144 -4.11017 1.36363e-05 0.00781321 1.00013 227.668 0 0 0 1.00013 
1.00003 0.0178354 -0.000255091 -1.1655 -0.017837 0.999983 -0.00789166 -4.14578 0.000114055 0.00789511 1.00013 229.17 0 0 0 1.00013 
1.00005 0.0164321 -0.00016441 -1.1753 -0.0164331 1 -0.00815596 -4.18142 3.01266e-05 0.00815772 1.00013 230.684 0 0 0 1.00013 
1.00007 0.0153909 -4.74542e-05 -1.1841 -0.015391 1.00002 -0.0079691 -4.21732 -7.54397e-05 0.00796905 1.00013 232.195 0 0 0 1.00013 
1.00009 0.0140563 0.000197477 -1.19224 -0.0140547 1.00005 -0.00719621 -4.25394 -0.000298837 0.0071929 1.00014 233.71 0 0 0 1.00013 
1.00009 0.0141233 0.000119642 -1.20123 -0.0141224 1.00005 -0.00703852 -4.28969 -0.000219269 0.0070363 1.00014 235.227 0 0 0 1.00013 
1.00008 0.0145525 0.00020202 -1.20985 -0.0145508 1.00004 -0.00736416 -4.32619 -0.00030939 0.00736061 1.00014 236.738 0 0 0 1.00013 
1.00007 0.015139 0.000466648 -1.21811 -0.015135 1.00002 -0.00803255 -4.36233 -0.000588405 0.00802473 1.00012 238.257 0 0 0 1.00013 
1.00005 0.0164029 0.000995541 -1.22799 -0.0163953 1 -0.00739407 -4.39801 -0.00111687 0.00737692 1.00013 239.779 0 0 0 1.00013 
1.00004 0.0166281 0.00170124 -1.23667 -0.016619 1.00001 -0.00536552 -4.43162 -0.00179039 0.00533668 1.00014 241.308 0 0 0 1.00013 
1.00004 0.0164164 0.00226854 -1.24286 -0.0164052 1.00002 -0.00498334 -4.46443 -0.0023502 0.00494564 1.00014 242.828 0 0 0 1.00014 
1.00004 0.0167189 0.00276039 -1.249 -0.0167004 1.00001 -0.00665405 -4.49765 -0.00287136 0.00660717 1.00013 244.349 0 0 0 1.00014 
1.00003 0.0169985 0.0032602 -1.25484 -0.0169719 0.999991 -0.0080769 -4.53182 -0.00339706 0.00802053 1.00012 245.869 0 0 0 1.00014 
1.00002 0.0177299 0.00358846 -1.26079 -0.0177022 0.999983 -0.00763982 -4.56772 -0.00372338 0.00757521 1.00012 247.391 0 0 0 1.00014 
1.00003 0.0173231 0.00351414 -1.26483 -0.0172998 0.999998 -0.00661041 -4.60352 -0.0036282 0.00654876 1.00013 248.916 0 0 0 1.00014 
1.00003 0.0175467 0.00323418 -1.26843 -0.0175266 0.999997 -0.0062067 -4.63975 -0.00334268 0.00614921 1.00014 250.453 0 0 0 1.00014 
1.00002 0.0178852 0.00297922 -1.27327 -0.0178664 0.999994 -0.00628625 -4.67403 -0.00309127 0.00623218 1.00014 251.987 0 0 0 1.00014 
0.999999 0.0193437 0.0031633 -1.27963 -0.0193244 0.99997 -0.00605005 -4.70886 -0.00327984 0.00598795 1.00014 253.528 0 0 0 1.00014 
0.999977 0.0205075 0.0033929 -1.28721 -0.0204865 0.999948 -0.00615445 -4.74261 -0.00351848 0.00608381 1.00014 255.065 0 0 0 1.00014 
0.999975 0.0206469 0.0033222 -1.29302 -0.0206271 0.999948 -0.00592841 -4.77724 -0.00344399 0.00585878 1.00014 256.607 0 0 0 1.00014 
1 0.0192083 0.00327681 -1.2963 -0.0191893 0.999977 -0.00579393 -4.81137 -0.0033876 0.00573014 1.00015 258.146 0 0 0 1.00014 
1.00004 0.0173604 0.00317243 -1.29853 -0.0173444 1.00002 -0.00506417 -4.84528 -0.00325999 0.00500856 1.00015 259.682 0 0 0 1.00014 
1.00008 0.0149317 0.00323249 -1.29897 -0.0149179 1.00006 -0.00431865 -4.87926 -0.00329675 0.00427013 1.00016 261.224 0 0 0 1.00014 
1.0001 0.0134918 0.0028454 -1.29921 -0.0134775 1.00008 -0.00506861 -4.91333 -0.00291366 0.00502998 1.00015 262.762 0 0 0 1.00014 
1.00012 0.0123954 0.00262789 -1.30242 -0.0123796 1.00009 -0.00605271 -4.9476 -0.00270285 0.00601988 1.00015 264.296 0 0 0 1.00014 
1.00014 0.0105805 0.00311277 -1.30478 -0.0105674 1.00012 -0.00429234 -4.98177 -0.00315815 0.00425939 1.00016 265.83 0 0 0 1.00014 
1.00016 0.00861776 0.00350423 -1.307 -0.00860934 1.00014 -0.00250555 -5.01505 -0.00352585 0.00247549 1.00016 267.377 0 0 0 1.00014 
1.00017 0.00754674 0.00346912 -1.30805 -0.00753541 1.00015 -0.00336878 -5.04485 -0.00349459 0.00334274 1.00016 268.913 0 0 0 1.00014 
1.00017 0.00711495 0.00386987 -1.31024 -0.00709842 1.00015 -0.00436218 -5.07601 -0.00390092 0.00433477 1.00016 270.463 0 0 0 1.00014 
1.00016 0.00786733 0.00452967 -1.31449 -0.00784662 1.00014 -0.00465012 -5.10946 -0.0045662 0.00461459 1.00015 272.004 0 0 0 1.00014 
1.00014 0.00968007 0.00551335 -1.31847 -0.0096551 1.00013 -0.00459444 -5.14388 -0.00555761 0.00454112 1.00015 273.543 0 0 0 1.00014 
1.00012 0.011272 0.00644507 -1.32137 -0.0112406 1.00011 -0.0049354 -5.17816 -0.0065003 0.00486274 1.00014 275.085 0 0 0 1.00014 
1.0001 0.0123644 0.00736767 -1.32181 -0.0123271 1.0001 -0.00512865 -5.21385 -0.00743048 0.0050375 1.00014 276.636 0 0 0 1.00014 
1.00009 0.0132052 0.00818496 -1.32073 -0.0131614 1.00009 -0.00541893 -5.24875 -0.00825578 0.00531081 1.00015 278.172 0 0 0 1.00014 
1.00008 0.0135408 0.00891032 -1.31849 -0.0134865 1.00009 -0.0061698 -5.28459 -0.00899296 0.00604909 1.00014 279.721 0 0 0 1.00015 
1.00008 0.0129225 0.00977469 -1.31378 -0.0128571 1.00009 -0.00675512 -5.32124 -0.00986101 0.00662882 1.00013 281.292 0 0 0 1.00015 
1.00008 0.0123181 0.0106633 -1.30448 -0.0122507 1.0001 -0.00639858 -5.35851 -0.0107412 0.00626736 1.00011 282.854 0 0 0 1.00015 
1.00011 0.0112512 0.0112373 -1.29421 -0.0111917 1.00014 -0.00537332 -5.39614 -0.011297 0.00524714 1.00014 284.422 0 0 0 1.00017 
1.00011 0.0101597 0.0114756 -1.28292 -0.010102 1.00015 -0.00510561 -5.43209 -0.0115268 0.00498935 1.00014 285.967 0 0 0 1.00017 
1.00012 0.00955426 0.0114435 -1.27264 -0.00946841 1.00014 -0.00756461 -5.46976 -0.011515 0.00745568 1.00012 287.525 0 0 0 1.00017 
1.00014 0.00814261 0.0110974 -1.26181 -0.00803554 1.00014 -0.00969426 -5.50752 -0.0111755 0.00960443 1.00011 289.101 0 0 0 1.00017 
1.00015 0.0082009 0.0102232 -1.25227 -0.00810221 1.00014 -0.00969546 -5.5474 -0.010302 0.00961205 1.00012 290.656 0 0 0 1.00018 
1.00017 0.00703499 0.00932048 -1.24471 -0.00694419 1.00015 -0.00978209 -5.58416 -0.0093887 0.00971694 1.00013 292.186 0 0 0 1.00018 
1.00018 0.00715077 0.00828676 -1.2371 -0.00706469 1.00015 -0.01042 -5.62374 -0.00836071 0.0103611 1.00013 293.745 0 0 0 1.00018 
1.00018 0.00728891 0.00760461 -1.23206 -0.00720753 1.00014 -0.010727 -5.66329 -0.00768226 0.0106718 1.00014 295.345 0 0 0 1.00018 
1.00019 0.00731751 0.0069278 -1.22934 -0.00724647 1.00015 -0.0102828 -5.70475 -0.00700262 0.0102323 1.00015 296.916 0 0 0 1.00018 
1.0002 0.00690994 0.00592667 -1.22647 -0.00684989 1.00015 -0.0101613 -5.74602 -0.00599658 0.0101206 1.00016 298.492 0 0 0 1.00018 
1.00021 0.0063479 0.00484824 -1.22484 -0.00630544 1.00017 -0.00880883 -5.78612 -0.00490404 0.00877823 1.00018 300.08 0 0 0 1.00018 
1.0002 0.00819109 0.00425938 -1.22666 -0.00815934 1.00017 -0.00750888 -5.82476 -0.0043208 0.00747406 1.00019 301.673 0 0 0 1.00018 
1.0002 0.00852265 0.0049424 -1.22862 -0.00848607 1.00017 -0.00745164 -5.86177 -0.00500575 0.00740959 1.00019 303.272 0 0 0 1.00018 
1.00019 0.00898036 0.00572738 -1.22896 -0.00893604 1.00016 -0.00778304 -5.89797 -0.00579701 0.00773167 1.00018 304.875 0 0 0 1.00018 
1.0002 0.00777076 0.00599054 -1.22519 -0.00772302 1.00017 -0.00801679 -5.93439 -0.00605261 0.00797039 1.00018 306.481 0 0 0 1.00018 
1.00021 0.0057814 0.00605476 -1.21907 -0.00572691 1.00018 -0.00904788 -5.97228 -0.00610687 0.00901313 1.00017 308.088 0 0 0 1.00018 
1.00022 0.00432444 0.00629365 -1.21396 -0.00425507 1.00016 -0.0110659 -6.01243 -0.00634122 0.0110391 1.00015 309.69 0 0 0 1.00018 
1.00025 0.00382591 0.00606682 -1.21098 -0.00375283 1.00018 -0.0120884 -6.05508 -0.00611274 0.0120656 1.00017 311.297 0 0 0 1.00018 
1.00026 0.00455166 0.00382912 -1.21208 -0.00450167 1.00017 -0.013081 -6.10004 -0.00388849 0.0130637 1.00016 312.907 0 0 0 1.00018 
1.00026 0.00552893 0.00162755 -1.21565 -0.0055088 1.00017 -0.0123771 -6.14494 -0.00169606 0.0123682 1.00018 314.535 0 0 0 1.00018 
1.00026 0.00671039 0.00122198 -1.2225 -0.00669935 1.0002 -0.00914306 -6.18789 -0.0012835 0.0091349 1.00022 316.164 0 0 0 1.00018 
1.00026 0.00521326 0.00168438 -1.2256 -0.0052033 1.00023 -0.00612181 -6.22657 -0.00171648 0.00611321 1.00024 317.808 0 0 0 1.00018 
1.00027 0.00434804 0.00173283 -1.2283 -0.00433895 1.00024 -0.00547061 -6.26171 -0.00175681 0.00546329 1.00024 319.44 0 0 0 1.00018 
1.00027 0.00331526 0.00196503 -1.23081 -0.00330245 1.00024 -0.0067285 -6.29835 -0.00198751 0.00672222 1.00024 321.084 0 0 0 1.00018 
1.00028 0.00226575 0.00228134 -1.23394 -0.00225071 1.00024 -0.00678838 -6.33739 -0.00229689 0.00678346 1.00024 322.732 0 0 0 1.00018 
1.00028 0.00223554 0.00262262 -1.23891 -0.00221901 1.00024 -0.006473 -6.37817 -0.00263725 0.0064674 1.00024 324.381 0 0 0 1.00018 
1.00028 0.00234176 0.00312468 -1.24285 -0.00232187 1.00024 -0.00650954 -6.41872 -0.00314006 0.00650248 1.00024 326.017 0 0 0 1.00018 
1.00027 0.00392782 0.00359265 -1.24833 -0.00390131 1.00023 -0.00748555 -6.46061 -0.00362212 0.00747167 1.00023 327.646 0 0 0 1.00019 
1.00026 0.00465886 0.00427775 -1.25154 -0.00462462 1.00022 -0.0080836 -6.50298 -0.0043154 0.0080639 1.00022 329.278 0 0 0 1.00019 
1.00026 0.00336937 0.0051028 -1.25275 -0.00333839 1.00024 -0.0061604 -6.54516 -0.0051236 0.00614351 1.00023 330.91 0 0 0 1.00019 
1.00027 0.002461 0.00522052 -1.25127 -0.00243362 1.00025 -0.00533847 -6.5857 -0.00523374 0.00532594 1.00023 332.542 0 0 0 1.00019 
1.00027 0.00134138 0.00507358 -1.24917 -0.0013085 1.00024 -0.006578 -6.62472 -0.00508246 0.00657153 1.00023 334.176 0 0 0 1.00019 
1.00027 0.00279411 0.00508871 -1.2507 -0.0027613 1.00024 -0.00653781 -6.66544 -0.00510702 0.0065239 1.00023 335.801 0 0 0 1.00019 
1.00026 0.00452221 0.0048377 -1.255 -0.00448126 1.00022 -0.00853614 -6.70684 -0.00487625 0.00851453 1.00021 337.421 0 0 0 1.00019 
1.00025 0.0063194 0.00421855 -1.25999 -0.00627087 1.00017 -0.01152 -6.75111 -0.00429121 0.0114935 1.00018 339.043 0 0 0 1.00019 
1.00026 0.00772075 0.00339207 -1.26554 -0.00768319 1.00017 -0.0110767 -6.7968 -0.00347766 0.0110505 1.00019 340.664 0 0 0 1.00019 
1.00026 0.00860265 0.00239604 -1.27123 -0.00858457 1.00019 -0.00762076 -6.84029 -0.00246187 0.00760012 1.00023 342.268 0 0 0 1.00019 
1.00024 0.00978652 0.00131243 -1.27853 -0.00978042 1.0002 -0.00483474 -6.88131 -0.00136014 0.0048219 1.00024 343.884 0 0 0 1.00019 
1.00025 0.0101745 -4.11586e-06 -1.28745 -0.0101747 1.00019 -0.00603783 -6.92009 -5.7832e-05 0.00603779 1.00024 345.499 0 0 0 1.00019 
1.00025 0.00963212 -0.00182933 -1.29821 -0.00964602 1.0002 -0.00758848 -6.95868 0.00175554 0.00760599 1.00024 347.094 0 0 0 1.00019 
1.00026 0.00837934 -0.00362851 -1.31003 -0.00840204 1.00022 -0.00620123 -7.00043 0.00357574 0.00623171 1.00024 348.706 0 0 0 1.00019 
1.00027 0.00692565 -0.00459557 -1.32376 -0.00695222 1.00023 -0.00571784 -7.04079 0.00455514 0.00574984 1.00024 350.315 0 0 0 1.00019 
1.00027 0.00677972 -0.00505366 -1.33918 -0.00681311 1.00023 -0.00655153 -7.08018 0.00500835 0.00658597 1.00024 351.912 0 0 0 1.00019 
1.00027 0.00617357 -0.00538141 -1.355 -0.00621384 1.00023 -0.00743273 -7.12083 0.0053346 0.00746616 1.00023 353.521 0 0 0 1.00019 
1.00027 0.00598463 -0.00544206 -1.37191 -0.0060261 1.00023 -0.00756997 -7.16186 0.00539583 0.00760276 1.00023 355.129 0 0 0 1.00019 
1.00027 0.00553383 -0.00542422 -1.38854 -0.00557614 1.00023 -0.00774723 -7.20363 0.00538043 0.00777749 1.00023 356.725 0 0 0 1.0002 
1.00028 0.00508867 -0.00553572 -1.40426 -0.00513524 1.00023 -0.00836019 -7.24615 0.00549223 0.00838861 1.00022 358.319 0 0 0 1.0002 
1.00028 0.00490203 -0.00565513 -1.42229 -0.0049538 1.00022 -0.00910776 -7.28797 0.0056095 0.00913576 1.00022 359.925 0 0 0 1.0002 
1.00028 0.00428881 -0.00557873 -1.43895 -0.00433861 1.00023 -0.00887384 -7.33136 0.00553971 0.00889806 1.00022 361.525 0 0 0 1.0002 
1.00027 0.00457947 -0.00554829 -1.45683 -0.00463354 1.00021 -0.00969776 -7.37502 0.00550283 0.00972339 1.00021 363.12 0 0 0 1.0002 
1.00028 0.0030803 -0.00562355 -1.47176 -0.0031426 1.0002 -0.0110133 -7.4186 0.00558853 0.0110309 1.0002 364.716 0 0 0 1.0002 
1.00028 0.00163486 -0.00558863 -1.48706 -0.00168692 1.00023 -0.00922397 -7.46219 0.00557257 0.00923342 1.00022 366.314 0 0 0 1.0002 
1.00028 0.000131131 -0.00561643 -1.50207 -0.000179504 1.00024 -0.00850775 -7.50443 0.00561437 0.0085088 1.00022 367.924 0 0 0 1.0002 
1.00028 -0.000232782 -0.00560272 -1.51675 0.000178513 1.00023 -0.00957747 -7.54557 0.00560395 0.00957651 1.00021 369.531 0 0 0 1.0002 
1.00029 0.000998392 -0.00535547 -1.53443 -0.00105388 1.00022 -0.0102621 -7.58713 0.00534421 0.0102677 1.00021 371.139 0 0 0 1.0002 
1.00029 0.00270536 -0.00502733 -1.55276 -0.00275359 1.00022 -0.00950889 -7.62971 0.00500064 0.00952275 1.00022 372.739 0 0 0 1.0002 
1.00028 0.00403821 -0.00463963 -1.57012 -0.00407885 1.00023 -0.00868039 -7.67178 0.00460366 0.00869933 1.00023 374.35 0 0 0 1.0002 
1.00029 0.00444423 -0.00433233 -1.58557 -0.00448348 1.00023 -0.00898325 -7.71389 0.00429149 0.00900267 1.00023 375.96 0 0 0 1.0002 
1.00029 0.00432065 -0.00424861 -1.59945 -0.00436301 1.00022 -0.00989916 -7.75582 0.0042049 0.00991769 1.00023 377.561 0 0 0 1.0002 
1.00029 0.00448671 -0.00414651 -1.61392 -0.0045288 1.00022 -0.0100833 -7.79892 0.00410033 0.010102 1.00023 379.177 0 0 0 1.0002 
1.00029 0.00489695 -0.00388046 -1.62893 -0.00493673 1.00022 -0.0101884 -7.84282 0.00382964 0.0102075 1.00023 380.793 0 0 0 1.0002 
1.00024 0.00629918 -0.00368999 -1.64594 -0.00633679 1.00017 -0.0101529 -7.88515 0.00362513 0.0101762 1.00018 382.396 0 0 0 1.0002 
1.00023 0.00799542 -0.00336309 -1.66434 -0.00802776 1.00017 -0.00962402 -7.92841 0.00328515 0.00965073 1.00021 384.012 0 0 0 1.0002 
1.00022 0.00928126 -0.00306392 -1.68176 -0.00931267 1.00015 -0.0103077 -7.97135 0.00296723 0.0103358 1.0002 385.626 0 0 0 1.0002 
1.00021 0.0104739 -0.00282064 -1.69813 -0.0105047 1.00014 -0.011033 -8.01445 0.00270404 0.011062 1.0002 387.236 0 0 0 1.00021 
1.0002 0.0113781 -0.00255707 -1.71358 -0.011406 1.00013 -0.0110794 -8.05802 0.00242997 0.0111079 1.0002 388.854 0 0 0 1.00021 
1.00019 0.0126079 -0.00231628 -1.72799 -0.0126312 1.00012 -0.0102056 -8.10212 0.00218659 0.0102341 1.00021 390.469 0 0 0 1.00021 
1.00018 0.0136351 -0.00205662 -1.74199 -0.0136551 1.00011 -0.00992616 -8.14632 0.00192027 0.00995338 1.00022 392.088 0 0 0 1.00021 
1.00017 0.0144923 -0.00176153 -1.75706 -0.0145101 1.0001 -0.0104572 -8.18962 0.00160899 0.0104818 1.00021 393.711 0 0 0 1.00021 
1.00016 0.014881 -0.00149895 -1.7725 -0.0148959 1.00009 -0.0102788 -8.23252 0.00134504 0.0103001 1.00021 395.331 0 0 0 1.00021 
