1 -0 0 -0 -0 1 -0 0 0 -0 1 -0 -0 0 -0 1 
1 -0.00228213 -0.00143164 -0.00494281 0.00228644 0.999997 0.00301098 -0.0213771 0.00142476 -0.00301424 0.999998 1.52726 0 0 0 1 
0.999996 -0.00267294 -0.002978 -0.0153294 0.00268435 0.999993 0.00383653 -0.0408337 0.00296771 -0.00384449 0.999992 3.04768 0 0 0 1 
0.999994 -0.00151073 -0.00452169 -0.030423 0.00152719 0.999998 0.00363973 -0.0576655 0.00451616 -0.0036466 0.999989 4.55643 0 0 0 1 
0.999986 -0.00100433 -0.00609385 -0.0474322 0.00102593 0.999999 0.00354113 -0.0749742 0.00609025 -0.00354732 0.999982 6.05932 0 0 0 1 
0.999976 -0.00114647 -0.0074976 -0.0664264 0.00117516 0.999998 0.00382346 -0.0917373 0.00749316 -0.00383216 0.99997 7.56923 0 0 0 1 
0.999963 -0.00121739 -0.00929511 -0.087381 0.00125681 0.999998 0.00423675 -0.109081 0.00928986 -0.00424825 0.999956 9.07111 0 0 0 1 
0.99994 -0.003082 -0.0110853 -0.107483 0.00312049 0.999996 0.00345574 -0.12578 0.0110745 -0.00349011 0.99994 10.5737 0 0 0 1 
0.999917 -0.00429805 -0.0126288 -0.130514 0.00434627 0.999991 0.00379251 -0.142615 0.0126123 -0.00384707 0.99992 12.0698 0 0 0 1 
0.999901 -0.00401254 -0.0139602 -0.158188 0.0040654 0.999992 0.0037591 -0.159092 0.013945 -0.00381546 0.999902 13.5706 0 0 0 1 
0.999885 -0.00357415 -0.0151827 -0.187421 0.0036324 0.999994 0.0038099 -0.175235 0.0151689 -0.00386459 0.999885 15.0559 0 0 0 1 
0.999881 -0.0020858 -0.0158772 -0.22007 0.00215539 0.999998 0.00436681 -0.19082 0.015868 -0.00440047 0.999874 16.539 0 0 0 1 
0.999872 -0.00064484 -0.0165443 -0.254266 0.000729558 0.999996 0.00511472 -0.205507 0.0165408 -0.00512609 0.99986 18.0191 0 0 0 1.00001 
0.999863 8.61754e-05 -0.0173297 -0.287872 1.70852e-05 0.999996 0.00595794 -0.219199 0.0173299 -0.00595735 0.999846 19.4958 0 0 0 1.00001 
0.999855 -0.000101686 -0.017907 -0.321142 0.000207767 0.999998 0.00592185 -0.232762 0.0179061 -0.00592463 0.999838 20.9671 0 0 0 1.00001 
0.999843 0.000644355 -0.0185172 -0.356359 -0.000531747 0.999998 0.0060852 -0.246243 0.0185208 -0.00607431 0.999826 22.425 0 0 0 1.00001 
0.999841 0.00125543 -0.018723 -0.392113 -0.00113057 0.999996 0.00667776 -0.259055 0.018731 -0.00665543 0.999821 23.8839 0 0 0 1.00001 
0.999837 0.00222698 -0.0186767 -0.428756 -0.00207843 0.999982 0.00796925 -0.271199 0.0186938 -0.00792902 0.99981 25.3351 0 0 0 1.00001 
0.999836 0.00242723 -0.0187373 -0.464482 -0.00230229 0.999991 0.00668667 -0.28383 0.0187531 -0.00664234 0.999818 26.7797 0 0 0 1.00001 
0.999835 0.00283587 -0.0187939 -0.499726 -0.00274805 1 0.00469664 -0.2966 0.018807 -0.00464415 0.99983 28.2136 0 0 0 1.00001 
0.999845 0.000913598 -0.0185079 -0.532816 -0.000830437 1.00001 0.00450027 -0.310933 0.0185118 -0.00448414 0.999837 29.6433 0 0 0 1.00001 
0.999847 1.17307e-05 -0.0183582 -0.565183 0.000120741 0.999991 0.00721473 -0.324452 0.0183578 -0.00721574 0.999823 31.0657 0 0 0 1.00001 
0.999847 -0.00167487 -0.0183586 -0.595865 0.00183012 0.999981 0.00844258 -0.337218 0.0183437 -0.00847475 0.999814 32.4807 0 0 0 1.00001 
0.999849 -0.00249975 -0.018195 -0.6279 0.00264301 0.999984 0.00785365 -0.348926 0.0181748 -0.00790042 0.999822 33.8844 0 0 0 1.00001 
0.999859 -0.00247061 -0.017785 -0.660552 0.00257874 1 0.00605909 -0.361733 0.0177696 -0.00610398 0.999845 35.2708 0 0 0 1.00001 
0.99987 -0.00164569 -0.0173666 -0.692983 0.00173924 1.00001 0.00537328 -0.376438 0.0173575 -0.00540267 0.999858 36.6428 0 0 0 1.00001 
0.999884 -0.00103323 -0.0165949 -0.724667 0.00110668 1.00001 0.00441776 -0.392745 0.0165901 -0.00443552 0.999876 37.9988 0 0 0 1.00001 
0.999903 -0.00051759 -0.0154199 -0.754597 0.000602501 1.00001 0.00550233 -0.409317 0.0154168 -0.00551097 0.999889 39.3417 0 0 0 1.00002 
0.999924 -0.000124867 -0.0140512 -0.78139 0.000232456 0.999995 0.00765548 -0.42626 0.0140498 -0.007658 0.999896 40.6627 0 0 0 1.00002 
0.999945 -0.000730451 -0.0125026 -0.804293 0.000839421 0.999987 0.00871278 -0.440754 0.0124957 -0.0087226 0.999909 41.9694 0 0 0 1.00002 
0.999973 -0.000236928 -0.010326 -0.82544 0.000333679 0.999983 0.00936903 -0.453701 0.0103233 -0.00937198 0.999929 43.259 0 0 0 1.00002 
0.999998 -0.000640192 -0.0070663 -0.842155 0.000702467 0.999985 0.00881402 -0.466464 0.00706038 -0.00881877 0.99996 44.5347 0 0 0 1.00002 
1.00002 -0.00136332 -0.00351047 -0.853585 0.00138809 1 0.00706241 -0.479512 0.00350074 -0.00706723 0.999995 45.7861 0 0 0 1.00002 
1.00002 -0.00154801 -0.000152481 -0.86055 0.00154881 1.00001 0.00532804 -0.493205 0.000144217 -0.00532828 1.00001 47.021 0 0 0 1.00002 
1.00002 -0.00136548 0.00388515 -0.862743 0.00134212 1.00001 0.00601051 -0.508008 -0.0038933 -0.00600525 1 48.2463 0 0 0 1.00002 
0.999984 -0.00109137 0.00913844 -0.859262 0.00103753 1.00001 0.00589483 -0.523049 -0.00914473 -0.0058851 0.999968 49.4608 0 0 0 1.00002 
0.999906 0.000483767 0.0155684 -0.850302 -0.000562139 1.00002 0.00503051 -0.537396 -0.0155658 -0.00503865 0.999895 50.6606 0 0 0 1.00002 
0.999767 0.00181465 0.0228852 -0.833138 -0.00193144 1.00002 0.00508231 -0.550168 -0.0228757 -0.00512517 0.999757 51.8614 0 0 0 1.00002 
0.999537 0.00283121 0.0312399 -0.805871 -0.00302436 1.00001 0.00613757 -0.564097 -0.0312218 -0.00622902 0.999524 53.0431 0 0 0 1.00002 
0.999155 0.00508423 0.0415093 -0.768098 -0.00537169 0.999994 0.0068167 -0.57747 -0.0414731 -0.00703369 0.999151 54.2113 0 0 0 1.00002 
0.998519 0.00729154 0.0543665 -0.718216 -0.007673 0.999982 0.00681213 -0.590379 -0.054314 -0.00721905 0.998528 55.364 0 0 0 1.00003 
0.997589 0.00933796 0.069156 -0.652514 -0.00986816 0.99996 0.00732977 -0.602257 -0.0690825 -0.00799436 0.997612 56.5029 0 0 0 1.00003 
0.996319 0.0115289 0.0852436 -0.568719 -0.0123139 0.999922 0.00868903 -0.613553 -0.085134 -0.00970651 0.996354 57.6312 0 0 0 1.00003 
0.994655 0.0115567 0.102859 -0.463399 -0.0126017 0.99991 0.0095159 -0.624439 -0.102736 -0.010761 0.994682 58.7461 0 0 0 1.00003 
0.992517 0.0110805 0.121828 -0.337595 -0.0122217 0.999925 0.00862466 -0.634657 -0.12172 -0.0100488 0.992547 59.8427 0 0 0 1.00003 
0.989849 0.0100777 0.141962 -0.190841 -0.0113009 0.999944 0.0078135 -0.64375 -0.141871 -0.00933827 0.989875 60.9269 0 0 0 1.00003 
0.986667 0.00728825 0.162753 -0.0202377 -0.00864007 0.999971 0.0076003 -0.652487 -0.162688 -0.00890497 0.98667 62.0004 0 0 0 1.00003 
0.982858 0.00219258 0.184504 0.174965 -0.00404883 0.999983 0.00968558 -0.660739 -0.184473 -0.0102663 0.982818 63.0466 0 0 0 1.00003 
0.978249 -0.0032551 0.207539 0.396461 0.000955469 0.999975 0.0111809 -0.669007 -0.207564 -0.0107391 0.978196 64.0983 0 0 0 1.00003 
0.972836 -0.00831854 0.231233 0.641208 0.00601498 0.999914 0.010666 -0.676391 -0.231306 -0.00898576 0.97282 65.1226 0 0 0 1.00003 
0.966468 -0.0143576 0.256222 0.910653 0.0124993 0.99986 0.00888082 -0.682565 -0.256319 -0.00538082 0.966545 66.1236 0 0 0 1.00003 
0.959102 -0.0179793 0.28234 1.20088 0.015916 0.999805 0.00960133 -0.688936 -0.282464 -0.00471532 0.959234 67.1028 0 0 0 1.00003 
0.95064 -0.0205885 0.309475 1.51384 0.0177465 0.999748 0.0119974 -0.695185 -0.309651 -0.00591352 0.950799 68.0674 0 0 0 1.00003 
0.941094 -0.0249637 0.337098 1.85335 0.0211809 0.999642 0.0148967 -0.699186 -0.337357 -0.00687963 0.941319 69.0093 0 0 0 1.00003 
0.930327 -0.0280421 0.365547 2.21885 0.0244071 0.999575 0.0145635 -0.703452 -0.365809 -0.0046273 0.930647 69.9328 0 0 0 1.00003 
0.918409 -0.0274269 0.394578 2.60415 0.0252171 0.999603 0.0107872 -0.707421 -0.394727 4.2812e-05 0.918767 70.8317 0 0 0 1.00003 
0.905504 -0.0285579 0.42328 3.01857 0.0290074 0.999544 0.00538327 -0.710269 -0.42325 0.00740364 0.90595 71.7094 0 0 0 1.00003 
0.891514 -0.0304885 0.451885 3.4618 0.0326433 0.999445 0.00303114 -0.715608 -0.451736 0.0120487 0.892042 72.5654 0 0 0 1.00003 
0.876035 -0.0311011 0.481192 3.92658 0.0320045 0.999469 0.00633261 -0.722366 -0.481136 0.00985265 0.876575 73.4077 0 0 0 1.00003 
0.858545 -0.0299882 0.511812 4.41542 0.0277248 0.999544 0.0120577 -0.728839 -0.511943 0.00383764 0.858995 74.236 0 0 0 1.00003 
0.83911 -0.0301965 0.543078 4.92866 0.0257429 0.999545 0.0158012 -0.735582 -0.543311 0.000721325 0.839516 75.0352 0 0 0 1.00003 
0.818185 -0.0240507 0.574409 5.46204 0.0217077 0.999706 0.0109371 -0.738031 -0.574506 0.00352036 0.818477 75.8058 0 0 0 1.00003 
0.796445 -0.0172568 0.604422 6.0231 0.0187579 0.999825 0.00382762 -0.740176 -0.604384 0.0082892 0.79663 76.5538 0 0 0 1.00003 
0.774192 -0.0149983 0.632736 6.61238 0.0179035 0.999849 0.00179327 -0.744239 -0.632668 0.00993981 0.774342 77.2756 0 0 0 1.00004 
0.751076 -0.0174851 0.65995 7.23021 0.0189094 0.99982 0.0049684 -0.752227 -0.659918 0.00874759 0.75127 77.9735 0 0 0 1.00004 
0.726782 -0.0177437 0.686606 7.86292 0.0190492 0.999814 0.00567304 -0.764045 -0.686579 0.00895619 0.726983 78.6412 0 0 0 1.00004 
0.701632 -0.015831 0.712334 8.51269 0.0196424 0.999816 0.00287193 -0.77218 -0.712247 0.0119768 0.70181 79.2763 0 0 0 1.00004 
0.67558 -0.0133685 0.737137 9.18515 0.019455 0.999824 0.000301243 -0.777226 -0.73701 0.0141375 0.675717 79.8911 0 0 0 1.00004 
0.648768 -0.0110266 0.760882 9.8794 0.01773 0.999859 -0.000628571 -0.785868 -0.760764 0.0138982 0.648867 80.4839 0 0 0 1.00004 
0.620965 -0.00963139 0.78376 10.597 0.0176903 0.999867 -0.00172984 -0.797966 -0.783625 0.0149393 0.621045 81.0506 0 0 0 1.00004 
0.592465 -0.00313399 0.805572 11.3326 0.0162303 0.999861 -0.00804788 -0.812032 -0.80542 0.0178428 0.592427 81.5914 0 0 0 1.00004 
0.56262 0.00615163 0.826673 12.0846 0.0150095 0.999756 -0.0176558 -0.82877 -0.826565 0.0223415 0.562384 82.1061 0 0 0 1.00004 
0.532005 0.0144851 0.846599 12.859 0.0138989 0.999594 -0.0258378 -0.850542 -0.846615 0.0255127 0.531582 82.5944 0 0 0 1.00004 
0.50032 0.0193759 0.865602 13.6535 0.0113443 0.999539 -0.0289319 -0.877915 -0.865751 0.0242951 0.499866 83.0605 0 0 0 1.00004 
0.467981 0.0189412 0.883473 14.4769 0.00933768 0.999585 -0.026378 -0.909567 -0.883639 0.0205948 0.467623 83.5031 0 0 0 1.00004 
0.434837 0.0177154 0.900276 15.3192 0.00459337 0.999729 -0.0218922 -0.940479 -0.900451 0.0136554 0.434649 83.9206 0 0 0 1.00004 
0.400671 0.019053 0.915973 16.1785 0.000367126 0.999766 -0.0209577 -0.97004 -0.916184 0.00873372 0.400578 84.3061 0 0 0 1.00004 
0.365664 0.0221035 0.93043 17.0518 -0.0068819 0.999737 -0.0210464 -0.997652 -0.930681 0.00129286 0.365727 84.6616 0 0 0 1.00004 
0.32992 0.0241189 0.943647 17.9456 -0.0119208 0.999682 -0.0213844 -1.02411 -0.943894 -0.00419399 0.330109 84.9861 0 0 0 1.00004 
0.294001 0.0235722 0.955463 18.8613 -0.0146528 0.999673 -0.0201552 -1.051 -0.955655 -0.00807477 0.294256 85.2742 0 0 0 1.00004 
0.257946 0.0231311 0.965832 19.7942 -0.0154597 0.999668 -0.0198136 -1.0787 -0.965999 -0.00982084 0.258222 85.5248 0 0 0 1.00004 
0.22226 0.0225703 0.974677 20.7411 -0.014788 0.99968 -0.0197781 -1.10624 -0.97484 -0.0100179 0.222525 85.7381 0 0 0 1.00004 
0.1871 0.0213349 0.982062 21.6961 -0.0126102 0.999721 -0.019317 -1.13046 -0.982226 -0.00877001 0.187318 85.9159 0 0 0 1.00004 
0.152764 0.0203717 0.988003 22.655 -0.00451551 0.999776 -0.0199172 -1.15941 -0.988217 -0.00141871 0.152822 86.0519 0 0 0 1.00004 
0.11926 0.0238075 0.992529 23.6216 -0.00231261 0.999702 -0.0237026 -1.18977 -0.992826 0.000531465 0.119278 86.1609 0 0 0 1.00004 
0.086828 0.0287941 0.995757 24.5952 -0.00144364 0.999563 -0.0287796 -1.22023 -0.99618 0.00106138 0.086831 86.2426 0 0 0 1.00004 
0.0578938 0.0326622 0.997737 25.5665 0.00542112 0.999417 -0.0330329 -1.25476 -0.998265 0.00732145 0.0576815 86.2899 0 0 0 1.00005 
0.032536 0.0308664 0.998944 26.5505 0.00725014 0.999469 -0.0311199 -1.29044 -0.999403 0.00825523 0.0322926 86.3155 0 0 0 1.00005 
0.0104147 0.0279052 0.999505 27.5442 0.00892637 0.999546 -0.0280005 -1.32682 -0.999863 0.00921385 0.010158 86.3231 0 0 0 1.00005 
-0.00838889 0.0253705 0.999592 28.5336 0.00930137 0.999615 -0.0252942 -1.36326 -0.999879 0.00908566 -0.00862511 86.3142 0 0 0 1.00005 
-0.0247097 0.0285718 0.999236 29.5293 0.0109402 0.999518 -0.0283105 -1.39846 -0.999593 0.0102326 -0.0250143 86.2856 0 0 0 1.00005 
-0.0391917 0.0329433 0.998664 30.5214 0.0138148 0.999384 -0.032426 -1.43376 -0.99912 0.0125256 -0.0396261 86.2428 0 0 0 1.00005 
-0.0509991 0.0381597 0.997945 31.5153 0.0182319 0.999145 -0.037275 -1.47413 -0.998517 0.0162935 -0.0516546 86.1858 0 0 0 1.00005 
-0.0598202 0.0416031 0.997271 32.5119 0.0237126 0.998868 -0.0402485 -1.51936 -0.997865 0.0212412 -0.0607453 86.1186 0 0 0 1.00005 
-0.0655202 0.0469664 0.996679 33.5175 0.0276167 0.998558 -0.0452406 -1.56902 -0.99741 0.0245619 -0.0667293 86.046 0 0 0 1.00005 
-0.0690427 0.05172 0.996207 34.5153 0.0294804 0.998289 -0.0497861 -1.62215 -0.99712 0.0259324 -0.0704558 85.9751 0 0 0 1.00005 
-0.0718078 0.0558261 0.99579 35.5165 0.0316298 0.998023 -0.0536716 -1.67987 -0.996859 0.0276438 -0.0734383 85.9008 0 0 0 1.00006 
-0.0744473 0.0587729 0.995429 36.5206 0.0319437 0.997857 -0.0565284 -1.74154 -0.996658 0.0275904 -0.0761717 85.8262 0 0 0 1.00006 
-0.0768299 0.0622175 0.995041 37.5256 0.0329467 0.997629 -0.0598373 -1.80795 -0.996442 0.0281871 -0.0787049 85.7487 0 0 0 1.00006 
-0.0787988 0.0660173 0.994644 38.529 0.0341426 0.997364 -0.0634948 -1.87506 -0.996249 0.0289574 -0.0808523 85.6677 0 0 0 1.00006 
-0.0808716 0.0674754 0.994379 39.5459 0.0367808 0.997194 -0.0646769 -1.94465 -0.995989 0.0313446 -0.0831337 85.5813 0 0 0 1.00006 
-0.0829139 0.0662258 0.994297 40.56 0.0368159 0.99728 -0.0633562 -2.01626 -0.995822 0.0313539 -0.0851337 85.4966 0 0 0 1.00006 
-0.0851327 0.0658941 0.994143 41.5747 0.0362103 0.997343 -0.0630061 -2.08892 -0.995664 0.0306356 -0.0872985 85.4134 0 0 0 1.00008 
-0.0872907 0.0673664 0.993859 42.5962 0.0360715 0.997259 -0.0644295 -2.15852 -0.995484 0.0302271 -0.0894873 85.325 0 0 0 1.00008 
-0.0897071 0.0695546 0.993512 43.617 0.0349895 0.997154 -0.066653 -2.2312 -0.995315 0.0287836 -0.091892 85.24 0 0 0 1.00011 
-0.0922915 0.0717694 0.99312 44.6434 0.0333453 0.997057 -0.0689577 -2.3072 -0.995138 0.0267521 -0.0944193 85.148 0 0 0 1.00011 
-0.0947755 0.0753688 0.992624 45.6747 0.0309932 0.996867 -0.0727345 -2.38681 -0.994979 0.0238716 -0.0968211 85.0553 0 0 0 1.00011 
-0.0969392 0.0795767 0.992087 46.7127 0.0275723 0.996629 -0.0772496 -2.46966 -0.994872 0.019866 -0.0988128 84.9588 0 0 0 1.00011 
-0.0995427 0.0820042 0.991632 47.7492 0.0252832 0.996483 -0.0798702 -2.55449 -0.994677 0.0171216 -0.101272 84.861 0 0 0 1.00011 
-0.102335 0.0805586 0.991467 48.7942 0.0232497 0.996636 -0.0785817 -2.64157 -0.994444 0.0150101 -0.10387 84.7598 0 0 0 1.00011 
-0.105265 0.0763833 0.991494 49.844 0.0201779 0.997007 -0.0746685 -2.72871 -0.994208 0.0121468 -0.106497 84.6563 0 0 0 1.00011 
-0.107591 0.0748535 0.991386 50.9002 0.0202961 0.997147 -0.0730886 -2.81334 -0.993982 0.0122578 -0.108806 84.5455 0 0 0 1.00011 
-0.109418 0.075327 0.991151 51.9545 0.0195481 0.997123 -0.0736256 -2.89744 -0.993799 0.0113195 -0.110578 84.4321 0 0 0 1.00012 
-0.110661 0.0781693 0.990792 53.0063 0.0208908 0.996891 -0.0763202 -2.98193 -0.993632 0.0122529 -0.111953 84.3176 0 0 0 1.00012 
-0.111257 0.0809622 0.990501 54.0662 0.0213297 0.996668 -0.0790733 -3.06894 -0.993557 0.0123297 -0.112616 84.2001 0 0 0 1.00012 
-0.111584 0.0816953 0.990407 55.1212 0.0199823 0.996629 -0.07996 -3.15766 -0.993552 0.0108686 -0.112842 84.0861 0 0 0 1.00012 
-0.111497 0.0805535 0.990511 56.1742 0.0168381 0.996751 -0.0791684 -3.24661 -0.993621 0.00785168 -0.112493 83.975 0 0 0 1.00012 
-0.1116 0.0799109 0.990551 57.2392 0.0128869 0.996824 -0.0789679 -3.33879 -0.993667 0.00395292 -0.112277 83.8649 0 0 0 1.00012 
-0.111698 0.0810713 0.990445 58.3045 0.0089453 0.996739 -0.0805804 -3.43079 -0.9937 -0.000140083 -0.112061 83.756 0 0 0 1.00012 
-0.111996 0.0812842 0.990394 59.3778 0.00464266 0.99671 -0.0812804 -3.52276 -0.993695 -0.00450409 -0.112007 83.6458 0 0 0 1.00012 
-0.112385 0.0808035 0.990389 60.4582 0.00111722 0.996727 -0.0811967 -3.61618 -0.993661 -0.00801771 -0.11211 83.5352 0 0 0 1.00012 
-0.112665 0.075712 0.990758 61.5471 0.0013744 0.997132 -0.0760456 -3.70646 -0.993628 -0.00720487 -0.112448 83.4184 0 0 0 1.00012 
-0.112937 0.0670907 0.99135 62.6489 0.00447733 0.997772 -0.0670181 -3.79261 -0.99359 -0.00312926 -0.112988 83.2947 0 0 0 1.00012 
-0.112691 0.0617241 0.991726 63.752 0.00987023 0.998118 -0.0610033 -3.87408 -0.993579 0.00291479 -0.113091 83.1664 0 0 0 1.00012 
-0.111829 0.0641572 0.991672 64.8515 0.0181414 0.997912 -0.0625179 -3.94819 -0.993563 0.0109993 -0.112762 83.0336 0 0 0 1.00012 
-0.110597 0.0698418 0.991427 65.9488 0.0236289 0.997464 -0.0676339 -4.02252 -0.993586 0.0159462 -0.111969 82.9045 0 0 0 1.00012 
-0.109697 0.0755618 0.991108 67.0507 0.0271749 0.996996 -0.0730057 -4.10417 -0.993596 0.0189246 -0.111422 82.7798 0 0 0 1.00012 
-0.108977 0.0799824 0.99084 68.1612 0.0278946 0.996645 -0.0773858 -4.1928 -0.993655 0.0192057 -0.110844 82.658 0 0 0 1.00012 
-0.108881 0.0771621 0.991073 69.2803 0.0248216 0.996916 -0.0748927 -4.2808 -0.993746 0.0164456 -0.110463 82.5415 0 0 0 1.00012 
-0.108555 0.0726292 0.99145 70.4133 0.0239242 0.997262 -0.0704381 -4.37095 -0.993803 0.0160733 -0.109998 82.4202 0 0 0 1.00013 
-0.10836 0.0706319 0.991618 71.5459 0.0214582 0.99744 -0.0687045 -4.4565 -0.993882 0.0138336 -0.1096 82.3024 0 0 0 1.00013 
-0.108157 0.0714014 0.991586 72.6791 0.0195277 0.997413 -0.0696936 -4.53979 -0.993945 0.0118257 -0.109273 82.1844 0 0 0 1.00013 
-0.107774 0.0766973 0.991223 73.8131 0.0205607 0.997005 -0.0749118 -4.62687 -0.993957 0.012307 -0.109031 82.0616 0 0 0 1.00013 
-0.107022 0.0793913 0.991093 74.9546 0.0201172 0.996803 -0.0776789 -4.71582 -0.994049 0.011625 -0.108279 81.9382 0 0 0 1.00013 
-0.106507 0.0783819 0.991231 76.1067 0.0203012 0.996881 -0.0766498 -4.80799 -0.994103 0.0119597 -0.107768 81.8154 0 0 0 1.00013 
-0.105825 0.0716353 0.991815 77.2622 0.0218579 0.997359 -0.069706 -4.90047 -0.994143 0.0143026 -0.107113 81.6899 0 0 0 1.00013 
-0.106057 0.070126 0.991897 78.4261 0.0211752 0.997473 -0.0682585 -4.98839 -0.994131 0.0137646 -0.107276 81.5677 0 0 0 1.00013 
-0.105771 0.0732484 0.991704 79.5691 0.0187129 0.997286 -0.0716671 -5.07348 -0.994214 0.0109776 -0.106857 81.4539 0 0 0 1.00013 
-0.105485 0.0764084 0.991495 80.7308 0.0180961 0.997057 -0.0749142 -5.16131 -0.994255 0.0100402 -0.10656 81.3357 0 0 0 1.00013 
-0.10535 0.0759429 0.991542 81.9056 0.0172246 0.997098 -0.0745407 -5.25319 -0.994282 0.00922653 -0.106355 81.2144 0 0 0 1.00013 
-0.105037 0.0724763 0.991838 83.0883 0.0168023 0.997359 -0.0711027 -5.34624 -0.994325 0.00919718 -0.105979 81.0937 0 0 0 1.00013 
-0.104128 0.0713744 0.991964 84.2682 0.0174653 0.997381 -0.0699332 -5.43795 -0.99436 0.0100438 -0.105109 80.9721 0 0 0 1.00013 
-0.102861 0.071902 0.992059 85.4594 0.0190124 0.997326 -0.0703149 -5.52753 -0.994464 0.0116296 -0.103961 80.8481 0 0 0 1.00013 
-0.101753 0.072211 0.99215 86.6527 0.0214889 0.99727 -0.0703823 -5.61641 -0.994526 0.0141595 -0.103034 80.7247 0 0 0 1.00013 
-0.100597 0.0716383 0.99231 87.8451 0.0211783 0.997314 -0.0698551 -5.7075 -0.994651 0.0139891 -0.101851 80.606 0 0 0 1.00013 
-0.0991816 0.0723839 0.9924 89.0423 0.022429 0.997243 -0.0704981 -5.79757 -0.994767 0.0152672 -0.100539 80.4882 0 0 0 1.00013 
-0.0979746 0.0706655 0.992645 90.2471 0.0225948 0.997361 -0.0687736 -5.88774 -0.994885 0.0156914 -0.09932 80.3722 0 0 0 1.00013 
-0.0968553 0.0699324 0.992809 91.4551 0.0210197 0.997437 -0.0682103 -5.9775 -0.995031 0.0142629 -0.098084 80.2605 0 0 0 1.00014 
-0.095356 0.0693133 0.992997 92.6726 0.0221855 0.997459 -0.0674969 -6.0644 -0.99515 0.0155948 -0.0966586 80.144 0 0 0 1.00014 
-0.0934942 0.0702289 0.993101 93.8914 0.0202827 0.997398 -0.0686276 -6.15457 -0.995344 0.0137271 -0.0946855 80.0328 0 0 0 1.00014 
-0.0918658 0.0729307 0.993011 95.1163 0.0209129 0.99715 -0.0713043 -6.24582 -0.995435 0.0142176 -0.0931437 79.9213 0 0 0 1.00014 
-0.090546 0.0718793 0.993186 96.3441 0.0189624 0.997219 -0.0704474 -6.33721 -0.99558 0.0124554 -0.0916738 79.8137 0 0 0 1.00014 
-0.0899689 0.0705766 0.993348 97.5787 0.0155467 0.997368 -0.0694586 -6.4332 -0.995716 0.00919459 -0.0908434 79.7098 0 0 0 1.00014 
-0.0899274 0.0716939 0.99326 98.8083 0.0128091 0.997298 -0.0708302 -6.52507 -0.995746 0.00635339 -0.0906179 79.6088 0 0 0 1.00014 
-0.0902707 0.0711358 0.993267 100.048 0.0101958 0.997349 -0.0705061 -6.61802 -0.995744 0.00376249 -0.090772 79.5046 0 0 0 1.00014 
-0.0913226 0.06864 0.993379 101.301 0.00767977 0.99758 -0.068226 -6.71308 -0.995708 0.00139809 -0.0916392 79.3991 0 0 0 1.00014 
-0.0926191 0.0672 0.993356 102.553 0.00554687 0.997676 -0.0669769 -6.80793 -0.9956 -0.000693687 -0.0927873 79.2913 0 0 0 1.00014 
-0.0939611 0.066537 0.993274 103.806 0.00374516 0.997717 -0.0664822 -6.90015 -0.995482 -0.00252722 -0.0940067 79.1803 0 0 0 1.00014 
-0.0955662 0.0667468 0.993108 105.056 0.00376986 0.997705 -0.0666948 -6.9937 -0.995331 -0.00263033 -0.0956093 79.0659 0 0 0 1.00014 
-0.0978689 0.065467 0.99297 106.314 0.00331101 0.997789 -0.0654602 -7.08532 -0.995109 -0.00311926 -0.0978801 78.9482 0 0 0 1.00014 
-0.100921 0.0606841 0.992968 107.576 0.00061844 0.998081 -0.0609355 -7.17633 -0.99481 -0.00553613 -0.100776 78.829 0 0 0 1.00014 
-0.105006 0.0606989 0.992544 108.83 0.000121107 0.998076 -0.0610262 -7.26568 -0.994388 -0.00628849 -0.104822 78.7027 0 0 0 1.00014 
-0.110547 0.0665567 0.99157 110.065 -0.00501805 0.997648 -0.0675259 -7.35477 -0.993778 -0.0124414 -0.109964 78.5799 0 0 0 1.00014 
-0.117721 0.0696849 0.990531 111.287 -0.00418119 0.997436 -0.0706694 -7.44611 -0.992959 -0.0124618 -0.117139 78.4443 0 0 0 1.00014 
-0.126681 0.0656324 0.989706 112.527 -0.0023364 0.997735 -0.0664657 -7.5426 -0.991866 -0.0107331 -0.126252 78.2914 0 0 0 1.00014 
-0.137431 0.0634199 0.988417 113.774 -0.000219112 0.997897 -0.0640604 -7.63961 -0.990438 -0.00902114 -0.137139 78.1211 0 0 0 1.00014 
-0.150118 0.0644745 0.986484 115.014 0.000241293 0.997831 -0.0651778 -7.73064 -0.988593 -0.00954734 -0.149816 77.9362 0 0 0 1.00014 
-0.164213 0.0647619 0.984217 116.235 0.00226123 0.997822 -0.0652783 -7.82006 -0.986347 -0.00849502 -0.164011 77.7379 0 0 0 1.00014 
-0.178564 0.0625499 0.981858 117.446 0.0030124 0.997965 -0.0630265 -7.91236 -0.983848 -0.00829751 -0.178399 77.5232 0 0 0 1.00014 
-0.193613 0.0651849 0.978838 118.651 0.00745828 0.997827 -0.0649723 -8.00437 -0.980985 -0.00527987 -0.193687 77.283 0 0 0 1.00014 
-0.208556 0.0684517 0.97555 119.83 0.0081923 0.997613 -0.0682465 -8.09656 -0.97792 -0.00624199 -0.208625 77.0353 0 0 0 1.00014 
-0.223936 0.0722858 0.971857 120.997 0.00812998 0.997327 -0.072305 -8.19108 -0.974513 -0.00829137 -0.223932 76.7783 0 0 0 1.00014 
-0.240007 0.0701648 0.968169 122.175 0.00466662 0.997434 -0.0711269 -8.2877 -0.970703 -0.0125539 -0.239727 76.501 0 0 0 1.00015 
-0.256108 0.0645028 0.964439 123.347 -0.000912496 0.997693 -0.0669744 -8.38352 -0.966563 -0.0180333 -0.255485 76.2083 0 0 0 1.00015 
-0.271745 0.060553 0.960397 124.52 -0.00483007 0.997836 -0.0642869 -8.47529 -0.962261 -0.0221091 -0.270898 75.8926 0 0 0 1.00015 
-0.28697 0.0620398 0.955861 125.679 -0.00661279 0.997663 -0.066745 -8.56461 -0.957819 -0.0254756 -0.285924 75.561 0 0 0 1.00015 
-0.301368 0.0639999 0.951292 126.832 -0.00683007 0.997491 -0.0692785 -8.6546 -0.953387 -0.0273767 -0.300209 75.2073 0 0 0 1.00015 
-0.31528 0.0662999 0.946612 127.975 -0.00516202 0.997337 -0.0715786 -8.74888 -0.948886 -0.0274548 -0.314134 74.8337 0 0 0 1.00015 
-0.329267 0.066219 0.941842 129.115 -0.00298865 0.997373 -0.0711748 -8.84429 -0.944131 -0.0262514 -0.328241 74.4407 0 0 0 1.00015 
-0.343398 0.0642442 0.93692 130.245 -0.00325805 0.997485 -0.069598 -8.94027 -0.939084 -0.0269534 -0.342363 74.0363 0 0 0 1.00015 
-0.357789 0.0629375 0.931609 131.37 -0.00344661 0.997545 -0.0687224 -9.03568 -0.933695 -0.0278001 -0.356732 73.6112 0 0 0 1.00015 
-0.372592 0.0643233 0.925691 132.478 -0.00478451 0.997361 -0.071236 -9.13059 -0.92788 -0.0309723 -0.371341 73.1781 0 0 0 1.00015 
-0.387481 0.0665117 0.919404 133.578 -0.00382474 0.997183 -0.0737572 -9.22484 -0.921767 -0.0320974 -0.386175 72.7245 0 0 0 1.00015 
-0.402159 0.0682274 0.912953 134.672 -0.00261737 0.997044 -0.0756717 -9.32226 -0.915464 -0.032823 -0.400833 72.2516 0 0 0 1.00015 
-0.4166 0.0708308 0.906256 135.762 0.00022087 0.996883 -0.0778195 -9.42287 -0.908989 -0.0322208 -0.415358 71.7558 0 0 0 1.00015 
-0.431461 0.0743178 0.898981 136.842 9.06782e-05 0.996543 -0.082341 -9.52573 -0.902017 -0.0354483 -0.430008 71.2486 0 0 0 1.00015 
-0.446555 0.076647 0.891384 137.924 0.00124357 0.996316 -0.0850481 -9.63098 -0.894641 -0.036873 -0.445036 70.7169 0 0 0 1.00015 
-0.461963 0.0740138 0.883723 139.002 1.77165e-05 0.996454 -0.0834473 -9.7376 -0.886786 -0.0385368 -0.460357 70.168 0 0 0 1.00015 
-0.47806 0.0695981 0.875482 140.082 -0.00281219 0.996671 -0.0807691 -9.84546 -0.878209 -0.0410773 -0.476304 69.5967 0 0 0 1.00015 
-0.494224 0.0697854 0.866447 141.151 -0.00315902 0.996566 -0.0820686 -9.95067 -0.869216 -0.0433002 -0.492337 69.0042 0 0 0 1.00015 
-0.510252 0.0689213 0.857179 142.212 -0.004439 0.996505 -0.0827674 -10.0557 -0.859903 -0.04604 -0.508192 68.3885 0 0 0 1.00016 
-0.526219 0.0678313 0.847559 143.264 -0.00497992 0.996497 -0.0828441 -10.1641 -0.850223 -0.0478177 -0.524068 67.7523 0 0 0 1.00016 
-0.541918 0.0673568 0.837646 144.309 -0.00620602 0.996382 -0.0841372 -10.2749 -0.840296 -0.0507968 -0.539569 67.0928 0 0 0 1.00016 
-0.557419 0.0666716 0.827467 145.343 -0.00658382 0.996331 -0.0847137 -10.3854 -0.830092 -0.0526719 -0.554965 66.4135 0 0 0 1.00016 
-0.572814 0.0639373 0.817103 146.371 -0.00705644 0.996477 -0.082921 -10.4962 -0.81954 -0.0532671 -0.570375 65.7101 0 0 0 1.00016 
-0.587989 0.0604191 0.806523 147.391 -0.00688648 0.996742 -0.0796906 -10.6066 -0.808723 -0.0524142 -0.585688 64.9824 0 0 0 1.00016 
-0.603018 0.0588312 0.795467 148.397 -0.00590237 0.996866 -0.0782018 -10.7137 -0.797587 -0.0518551 -0.600812 64.2356 0 0 0 1.00016 
-0.61795 0.0570323 0.784056 149.392 -0.00682745 0.996883 -0.0778956 -10.8199 -0.786066 -0.0534916 -0.615667 63.4707 0 0 0 1.00016 
-0.632932 0.0581015 0.771937 150.373 -0.00814634 0.996573 -0.0816899 -10.9291 -0.774047 -0.0579955 -0.63032 62.6882 0 0 0 1.00017 
-0.648436 0.0575022 0.759006 151.339 -0.0102695 0.996341 -0.0842573 -11.039 -0.76108 -0.0624331 -0.645503 61.8881 0 0 0 1.00017 
-0.6644 0.0542681 0.745314 152.301 -0.012021 0.996404 -0.0832677 -11.1526 -0.747159 -0.0642854 -0.661389 61.0574 0 0 0 1.00017 
-0.680844 0.0466138 0.730857 153.25 -0.0155872 0.996776 -0.078096 -11.2664 -0.732144 -0.0645659 -0.677951 60.2054 0 0 0 1.00017 
-0.697909 0.0441292 0.714742 154.179 -0.016364 0.996813 -0.0775247 -11.378 -0.715884 -0.0658036 -0.694989 59.3298 0 0 0 1.00017 
-0.715584 0.0414805 0.697208 155.09 -0.0180607 0.996758 -0.0778405 -11.4827 -0.698176 -0.0682958 -0.712541 58.4281 0 0 0 1.00018 
-0.733277 0.0376681 0.678797 155.989 -0.0211326 0.996674 -0.078138 -11.5952 -0.679482 -0.0716439 -0.730068 57.4973 0 0 0 1.00018 
-0.75019 0.035686 0.660167 156.856 -0.0207893 0.99673 -0.0775049 -11.7029 -0.660773 -0.0718702 -0.747021 56.5447 0 0 0 1.00018 
-0.766442 0.0378037 0.641107 157.685 -0.0185072 0.996507 -0.0808872 -11.8151 -0.641924 -0.0738628 -0.763091 55.5784 0 0 0 1.00018 
-0.781795 0.0371009 0.622254 158.506 -0.0153098 0.996689 -0.0786626 -11.9247 -0.623142 -0.0710305 -0.778703 54.574 0 0 0 1.00018 
-0.79664 0.0383128 0.603058 159.292 -0.0112231 0.996784 -0.0781539 -12.042 -0.60414 -0.0690344 -0.793712 53.5548 0 0 0 1.00018 
-0.811311 0.0393595 0.583104 160.058 -0.00960243 0.996605 -0.080633 -12.1546 -0.584322 -0.0710234 -0.808243 52.5155 0 0 0 1.00018 
-0.82538 0.0410917 0.562889 160.789 -0.00846035 0.996241 -0.0851344 -12.2685 -0.564294 -0.0750366 -0.821994 51.472 0 0 0 1.00018 
-0.8385 0.0416898 0.543106 161.504 -0.00554402 0.99627 -0.0850366 -12.3864 -0.544647 -0.0743203 -0.835206 50.3889 0 0 0 1.00018 
-0.85047 0.0397275 0.524318 162.188 -0.00430014 0.996492 -0.0824809 -12.5049 -0.525775 -0.072408 -0.84738 49.304 0 0 0 1.00018 
-0.861118 0.0414158 0.506511 162.847 -0.00150769 0.996374 -0.0840354 -12.6241 -0.508171 -0.0731338 -0.857995 48.1981 0 0 0 1.00018 
-0.870852 0.0442083 0.489337 163.472 0.00121788 0.996045 -0.0878203 -12.7375 -0.491301 -0.0758885 -0.867526 47.1018 0 0 0 1.00019 
-0.88006 0.0420427 0.472775 164.086 -0.000409114 0.995912 -0.0893277 -12.8575 -0.474612 -0.0788133 -0.876511 45.9763 0 0 0 1.00019 
-0.888442 0.0391961 0.457083 164.684 -0.00164601 0.995975 -0.0886089 -12.9803 -0.458731 -0.0794823 -0.884866 44.8299 0 0 0 1.00019 
-0.895825 0.0371534 0.442615 165.262 -0.00269592 0.995933 -0.0890579 -13.0994 -0.444136 -0.0809798 -0.892146 43.6811 0 0 0 1.00019 
-0.902727 0.0351216 0.428522 165.83 -0.00318442 0.995994 -0.0883416 -13.2264 -0.429921 -0.0811197 -0.899065 42.5309 0 0 0 1.00019 
-0.909076 0.0325354 0.415103 166.371 -0.00439972 0.99605 -0.0877066 -13.3474 -0.416326 -0.0815648 -0.905405 41.3629 0 0 0 1.00019 
-0.915076 0.0274196 0.402085 166.908 -0.00700359 0.996364 -0.0838865 -13.4695 -0.402931 -0.0795848 -0.911621 40.2014 0 0 0 1.00019 
-0.920282 0.0239774 0.390245 167.418 -0.00820207 0.996627 -0.0805787 -13.5876 -0.390869 -0.0773621 -0.917046 39.0222 0 0 0 1.00019 
-0.92473 0.024093 0.379575 167.911 -0.00572701 0.996908 -0.0772314 -13.7011 -0.380269 -0.0735981 -0.921798 37.8378 0 0 0 1.00019 
-0.928091 0.0282092 0.371001 168.392 -0.00128007 0.996789 -0.0789954 -13.8135 -0.372043 -0.0737956 -0.925138 36.6563 0 0 0 1.00019 
-0.930341 0.033369 0.364878 168.857 0.00416597 0.996655 -0.0805267 -13.9242 -0.36635 -0.0734034 -0.927434 35.465 0 0 0 1.00019 
-0.932254 0.0367193 0.359646 169.317 0.00724553 0.996441 -0.0829559 -14.0363 -0.361417 -0.0747362 -0.929266 34.2753 0 0 0 1.00019 
-0.934171 0.0338256 0.354934 169.778 0.0049811 0.996548 -0.0818644 -14.1491 -0.356481 -0.074713 -0.931175 33.0918 0 0 0 1.00019 
-0.93612 0.026485 0.350419 170.242 -0.00106183 0.99685 -0.0781849 -14.2619 -0.351391 -0.0735661 -0.93321 31.8977 0 0 0 1.0002 
-0.93803 0.020284 0.345696 170.703 -0.00658203 0.996971 -0.0763635 -14.3725 -0.346202 -0.0739101 -0.935121 30.6969 0 0 0 1.0002 
-0.939776 0.0138687 0.341245 171.159 -0.01354 0.996789 -0.0778051 -14.4798 -0.341233 -0.0777432 -0.936636 29.4973 0 0 0 1.0002 
-0.941093 0.0115114 0.337689 171.606 -0.0167094 0.996525 -0.0805424 -14.5896 -0.337446 -0.0814441 -0.937694 28.2963 0 0 0 1.0002 
-0.941837 0.0119611 0.335593 172.045 -0.0169103 0.996322 -0.0829745 -14.7032 -0.335354 -0.0838272 -0.938234 27.0911 0 0 0 1.0002 
-0.942081 0.0126686 0.334878 172.48 -0.0167887 0.996159 -0.0849208 -14.8196 -0.334671 -0.0856284 -0.938314 25.8884 0 0 0 1.0002 
-0.941968 0.015465 0.335082 172.913 -0.0144615 0.99605 -0.0866295 -14.9394 -0.335101 -0.086452 -0.938086 24.6855 0 0 0 1.0002 
-0.941516 0.0164241 0.336311 173.348 -0.0141127 0.995924 -0.0881515 -15.0608 -0.33639 -0.0877462 -0.937507 23.4818 0 0 0 1.0002 
-0.941027 0.0175017 0.337625 173.789 -0.0137575 0.995767 -0.0899685 -15.185 -0.337773 -0.0893116 -0.936863 22.2748 0 0 0 1.0002 
-0.940292 0.018921 0.339581 174.226 -0.0123272 0.995814 -0.0896247 -15.3094 -0.339859 -0.0884636 -0.936186 21.0768 0 0 0 1.00021 
-0.939367 0.0185463 0.342143 174.67 -0.0130613 0.995786 -0.0898432 -15.4355 -0.34237 -0.0888694 -0.935229 19.8757 0 0 0 1.00021 
-0.938 0.0173463 0.34593 175.115 -0.0147404 0.995755 -0.089905 -15.5588 -0.346025 -0.0894351 -0.933827 18.6961 0 0 0 1.00021 
-0.936228 0.0158898 0.350748 175.566 -0.015941 0.99593 -0.0876733 -15.6816 -0.35072 -0.0876789 -0.932234 17.5106 0 0 0 1.00021 
-0.93405 0.0137211 0.356603 176.027 -0.0177159 0.996156 -0.0847374 -15.804 -0.356401 -0.0854716 -0.930284 16.3252 0 0 0 1.00021 
-0.931373 0.0114463 0.363621 176.494 -0.0196966 0.996364 -0.0818195 -15.9213 -0.363241 -0.0833713 -0.927827 15.1469 0 0 0 1.00021 
-0.928472 0.0137162 0.370883 176.965 -0.0178871 0.996412 -0.0816331 -16.0376 -0.370679 -0.0824331 -0.924963 13.9766 0 0 0 1.00021 
-0.924973 0.0141058 0.379512 177.444 -0.0182921 0.996407 -0.081622 -16.151 -0.379306 -0.0824452 -0.921459 12.8186 0 0 0 1.00021 
-0.920933 0.0173041 0.389086 177.93 -0.016795 0.996231 -0.0840627 -16.265 -0.389081 -0.083956 -0.917237 11.6696 0 0 0 1.00021 
-0.916444 0.0185817 0.399481 178.429 -0.0159837 0.99633 -0.0830163 -16.3775 -0.399566 -0.0824703 -0.912852 10.531 0 0 0 1.00021 
-0.91113 0.0205647 0.411368 178.945 -0.0155596 0.996235 -0.0842693 -16.4942 -0.411561 -0.0831862 -0.907445 9.3892 0 0 0 1.00021 
-0.905064 0.0227388 0.424446 179.481 -0.0149567 0.996163 -0.085264 -16.6111 -0.424764 -0.0835226 -0.901313 8.24683 0 0 0 1.00021 
-0.898663 0.0251719 0.437689 180.035 -0.0136056 0.996183 -0.0852308 -16.7284 -0.43817 -0.0825541 -0.894961 7.11154 0 0 0 1.00021 
-0.892143 0.0243619 0.450875 180.608 -0.0144216 0.996411 -0.0823789 -16.8464 -0.451271 -0.0800012 -0.88866 5.98438 0 0 0 1.00021 
-0.885254 0.0272128 0.464095 181.196 -0.0127114 0.996409 -0.082677 -16.9634 -0.464687 -0.0790946 -0.881801 4.86326 0 0 0 1.00021 
-0.878021 0.0296017 0.477498 181.8 -0.0108113 0.996516 -0.0816613 -17.0769 -0.478261 -0.0768677 -0.874713 3.74969 0 0 0 1.00022 
-0.870229 0.0312905 0.491501 182.413 -0.00896084 0.996749 -0.0793259 -17.1911 -0.492383 -0.073439 -0.867168 2.65684 0 0 0 1.00022 
-0.862 0.0331384 0.505696 183.044 -0.00650529 0.996997 -0.0764272 -17.3031 -0.506707 -0.0691716 -0.859242 1.57987 0 0 0 1.00024 
-0.853398 0.0360673 0.519885 183.688 -0.00339513 0.997138 -0.0747548 -17.4123 -0.521092 -0.0655623 -0.85088 0.517941 0 0 0 1.00024 
-0.843695 0.039626 0.535235 184.347 0.000203963 0.997236 -0.0735132 -17.5163 -0.536668 -0.0619152 -0.841419 -0.530458 0 0 0 1.00024 
-0.832873 0.0424058 0.55175 185.027 0.0027757 0.997313 -0.0724671 -17.6182 -0.553339 -0.0588243 -0.830796 -1.5586 0 0 0 1.00027 
-0.821478 0.045457 0.568334 185.723 0.00566158 0.997361 -0.0715948 -17.7187 -0.57009 -0.055596 -0.819613 -2.57274 0 0 0 1.00027 
-0.80976 0.0471942 0.584755 186.438 0.00682135 0.997383 -0.0710565 -17.8186 -0.586585 -0.0535505 -0.808016 -3.56894 0 0 0 1.00027 
-0.797549 0.0491821 0.601139 187.174 0.0079713 0.997374 -0.0710302 -17.917 -0.603064 -0.0518589 -0.795901 -4.54688 0 0 0 1.00027 
-0.784352 0.051385 0.618087 187.925 0.00957851 0.997396 -0.0707666 -18.0164 -0.620116 -0.0495873 -0.782839 -5.50941 0 0 0 1.00027 
-0.770162 0.0523293 0.635602 188.701 0.0110575 0.997521 -0.0687303 -18.1109 -0.637628 -0.0459069 -0.768869 -6.4546 0 0 0 1.00027 
-0.754359 0.0537037 0.654197 189.499 0.0126554 0.997624 -0.0673046 -18.2055 -0.656246 -0.0424937 -0.753266 -7.38212 0 0 0 1.00029 
-0.737133 0.0568116 0.673264 190.312 0.0146201 0.997526 -0.0681668 -18.3042 -0.675476 -0.0404067 -0.736161 -8.27968 0 0 0 1.0003 
-0.719551 0.0596948 0.691811 191.144 0.0150247 0.997386 -0.0704346 -18.398 -0.694199 -0.0402882 -0.71857 -9.14231 0 0 0 1.00032 
-0.701138 0.0604041 0.710425 191.986 0.0142927 0.997392 -0.0706973 -18.4942 -0.712824 -0.0394153 -0.700166 -9.981 0 0 0 1.00032 
-0.681757 0.0605151 0.729067 192.853 0.0133589 0.997456 -0.0703001 -18.5901 -0.731431 -0.0381879 -0.680808 -10.788 0 0 0 1.00032 
-0.6613 0.0599427 0.74772 193.741 0.0113627 0.997509 -0.0699179 -18.6856 -0.750012 -0.0377404 -0.660312 -11.5751 0 0 0 1.00033 
-0.640319 0.0603494 0.765723 194.642 0.00903345 0.997447 -0.0710584 -18.7794 -0.768016 -0.0385831 -0.639218 -12.331 0 0 0 1.00033 
-0.619135 0.0600157 0.782978 195.563 0.00618049 0.997433 -0.0715667 -18.8716 -0.785222 -0.0394703 -0.617906 -13.058 0 0 0 1.00033 
-0.597311 0.0600637 0.799748 196.508 0.00465533 0.997451 -0.0714348 -18.9638 -0.801958 -0.0389457 -0.596058 -13.7646 0 0 0 1.00033 
-0.574164 0.0598793 0.816536 197.465 0.00410665 0.997535 -0.0702647 -19.0562 -0.81869 -0.0369904 -0.572986 -14.441 0 0 0 1.00033 
-0.549456 0.0605849 0.833308 198.438 0.00349905 0.997538 -0.0702178 -19.1488 -0.835472 -0.0356662 -0.54831 -15.0896 0 0 0 1.00033 
-0.523278 0.0637596 0.849752 199.431 0.00521319 0.997425 -0.0716296 -19.2412 -0.852096 -0.033053 -0.522262 -15.7114 0 0 0 1.00033 
-0.495956 0.0644372 0.865932 200.443 0.00465225 0.997432 -0.0715579 -19.3324 -0.868284 -0.0314618 -0.494983 -16.2997 0 0 0 1.00033 
-0.468022 0.0634502 0.881413 201.475 0.00272599 0.997523 -0.0703609 -19.4233 -0.883661 -0.0305285 -0.467038 -16.8518 0 0 0 1.00033 
-0.439397 0.0615495 0.896178 202.53 0.00127881 0.997716 -0.0678953 -19.5142 -0.898269 -0.0286873 -0.438461 -17.372 0 0 0 1.00035 
-0.408938 0.0627524 0.910456 203.597 0.00132683 0.997733 -0.0681745 -19.6046 -0.91258 -0.0266698 -0.408079 -17.8609 0 0 0 1.00038 
-0.377266 0.0653599 0.923831 204.675 0.00127612 0.997584 -0.0700595 -19.6924 -0.926104 -0.0252514 -0.376433 -18.3057 0 0 0 1.00038 
-0.344812 0.0670945 0.936351 205.779 0.00238819 0.997576 -0.0706061 -19.7826 -0.938708 -0.0221082 -0.344125 -18.7212 0 0 0 1.00043 
-0.263963 0.0936563 0.960132 213.647 -0.130772 0.982765 -0.131819 -20.9011 -0.955747 -0.160328 -0.247144 -23.8847 0 0 0 1.00043 
-0.230001 0.0936054 0.968839 214.779 -0.133496 0.983079 -0.126676 -21.0572 -0.964116 -0.158445 -0.213597 -24.1437 0 0 0 1.00043 
-0.195278 0.0922888 0.976555 215.925 -0.134507 0.983793 -0.119873 -21.2086 -0.971604 -0.154736 -0.17969 -24.3645 0 0 0 1.00043 
-0.160016 0.0902224 0.983147 217.077 -0.136844 0.984336 -0.112607 -21.3542 -0.977713 -0.152531 -0.14516 -24.5418 0 0 0 1.00043 
-0.124408 0.0888714 0.988405 218.234 -0.137878 0.984933 -0.105917 -21.4915 -0.982733 -0.149431 -0.110284 -24.6799 0 0 0 1.00043 
-0.0885319 0.0882596 0.992318 219.39 -0.138804 0.985419 -0.100033 -21.6221 -0.986485 -0.146569 -0.0750007 -24.7757 0 0 0 1.00043 
-0.052353 0.0876057 0.99494 220.549 -0.139959 0.985832 -0.0941713 -21.7435 -0.988902 -0.144157 -0.0393676 -24.8317 0 0 0 1.00043 
-0.0161416 0.0873263 0.996211 221.704 -0.140702 0.986232 -0.0887343 -21.8592 -0.990052 -0.141577 -0.00365679 -24.845 0 0 0 1.00043 
0.0195865 0.0877859 0.996109 222.861 -0.143043 0.9863 -0.0841118 -21.9685 -0.989655 -0.140815 0.031844 -24.8158 0 0 0 1.00043 
0.0543437 0.0871549 0.994874 224.017 -0.144457 0.986554 -0.0785382 -22.0705 -0.988151 -0.139425 0.0661652 -24.7451 0 0 0 1.00043 
0.0880865 0.0861844 0.992515 225.168 -0.146379 0.986741 -0.0726866 -22.1676 -0.985408 -0.138867 0.0994877 -24.633 0 0 0 1.00043 
0.121281 0.0864337 0.988984 226.312 -0.147842 0.986847 -0.0681117 -22.2583 -0.981655 -0.137939 0.132411 -24.4839 0 0 0 1.00043 
0.15406 0.0859372 0.984453 227.456 -0.147236 0.987269 -0.0631365 -22.3416 -0.97714 -0.135207 0.164691 -24.2987 0 0 0 1.00043 
0.185964 0.0834733 0.979164 228.594 -0.146216 0.987848 -0.0564388 -22.4188 -0.971751 -0.132659 0.195838 -24.0761 0 0 0 1.00043 
0.216935 0.0819276 0.972904 229.724 -0.144793 0.988358 -0.0509382 -22.4912 -0.965526 -0.129805 0.226193 -23.8171 0 0 0 1.00043 
0.246881 0.0815859 0.965771 230.847 -0.143382 0.988767 -0.0468703 -22.5562 -0.958522 -0.126889 0.25572 -23.5243 0 0 0 1.00043 
0.276675 0.080849 0.957713 231.959 -0.141155 0.989275 -0.0427302 -22.6151 -0.950698 -0.123349 0.285021 -23.1992 0 0 0 1.00043 
0.306501 0.0795744 0.948699 233.07 -0.138302 0.98986 -0.0383401 -22.6694 -0.941932 -0.119441 0.314293 -22.8373 0 0 0 1.00043 
0.33617 0.0775525 0.938763 234.178 -0.135223 0.990462 -0.0333953 -22.7182 -0.932207 -0.115703 0.34334 -22.4401 0 0 0 1.00043 
0.365699 0.0758787 0.927798 235.275 -0.132492 0.990976 -0.0288179 -22.762 -0.921422 -0.112375 0.372335 -22.0093 0 0 0 1.00043 
0.394654 0.0748698 0.91594 236.36 -0.128829 0.991549 -0.0255362 -22.8008 -0.909925 -0.10791 0.400841 -21.5438 0 0 0 1.00043 
0.422575 0.0739223 0.903476 237.431 -0.127065 0.991867 -0.0217182 -22.8338 -0.897551 -0.105612 0.428403 -21.0432 0 0 0 1.00043 
0.44992 0.0718701 0.890344 238.487 -0.125145 0.992208 -0.0168478 -22.8639 -0.884437 -0.103831 0.455274 -20.5095 0 0 0 1.00044 
0.477122 0.0706711 0.876162 239.526 -0.123761 0.992441 -0.0126499 -22.8896 -0.87026 -0.102389 0.482122 -19.9435 0 0 0 1.00044 
0.504386 0.0713836 0.860693 240.542 -0.121112 0.99278 -0.0113585 -22.9107 -0.855123 -0.0985026 0.509247 -19.3452 0 0 0 1.00044 
0.531309 0.0719011 0.844322 241.54 -0.118041 0.993174 -0.0102923 -22.9285 -0.839118 -0.0941857 0.53602 -18.7169 0 0 0 1.00044 
0.557434 0.0699314 0.827477 242.53 -0.115106 0.993553 -0.0064201 -22.9439 -0.822415 -0.0916586 0.561733 -18.0523 0 0 0 1.00044 
0.582805 0.0670104 0.810047 243.498 -0.112413 0.993882 -0.00133508 -22.9578 -0.805018 -0.0902725 0.586603 -17.3565 0 0 0 1.00044 
