1 -0 0 -0 -0 1 -0 0 0 -0 1 -0 -0 0 -0 1 
0.999979 0.000480982 -0.00647502 -0.00840605 -0.000478513 1 0.000382744 -0.00155762 0.0064752 -0.000379637 0.999979 0.0922242 -0 0 0 1 
0.99991 0.00104584 -0.0135524 -0.0176019 -0.00104189 1 0.000299016 -0.00238047 0.0135527 -0.000284868 0.99991 0.187083 0 0 0 1 
0.99978 0.00134756 -0.0211693 -0.0281132 -0.00135709 1 -0.000436077 -0.00286487 0.0211687 0.000464709 0.99978 0.28505 0 0 0 1 
0.999531 0.00192786 -0.0304411 -0.0418153 -0.00198499 0.999993 -0.00184673 -0.00300996 0.0304374 0.0019063 0.999531 0.389159 0 0 0 1 
0.99911 0.0020338 -0.0420018 -0.058069 -0.00218203 0.999986 -0.00348372 -0.00283563 0.0419943 0.0035723 0.999106 0.503097 0 0 0 1 
0.998445 0.00195002 -0.0556155 -0.0793799 -0.00219414 0.999983 -0.00432869 -0.00378535 0.0556064 0.00444402 0.998437 0.629112 0 0 0 1.00001 
0.997416 0.00197735 -0.0718372 -0.107086 -0.00229814 0.999989 -0.00438313 -0.00389012 0.0718276 0.0045369 0.997408 0.767248 0 0 0 1.00001 
0.995905 0.000507793 -0.0904616 -0.137991 -0.000912043 0.999995 -0.00442746 -0.00519234 0.0904584 0.00449182 0.995896 0.917056 0 0 0 1.00001 
0.993892 -0.000620042 -0.110418 -0.174034 0.000110973 0.999996 -0.00461647 -0.00709638 0.11042 0.00457599 0.993882 1.07687 0 0 0 1.00001 
0.991168 -0.000679089 -0.132649 -0.220136 1.32383e-05 0.999993 -0.00502046 -0.0105213 0.132651 0.00497435 0.991156 1.24275 0 0 0 1.00001 
0.987644 0.00300987 -0.15672 -0.27798 -0.00407086 0.999977 -0.00644943 -0.0147216 0.156696 0.00700769 0.987628 1.41394 0 0 0 1.00001 
0.983269 0.00730293 -0.182037 -0.345113 -0.00889696 0.999934 -0.00794152 -0.0203286 0.181966 0.00942819 0.983264 1.58964 0 0 0 1.00001 
0.977869 0.0102095 -0.208985 -0.418177 -0.0123305 0.999889 -0.00884867 -0.025918 0.20887 0.0112297 0.977883 1.77249 0 0 0 1.00001 
0.971133 0.0109679 -0.238305 -0.495369 -0.0135194 0.999873 -0.00907498 -0.0282502 0.238174 0.0120347 0.971152 1.96056 0 0 0 1.00001 
0.963059 0.0129144 -0.269012 -0.582625 -0.0157913 0.999848 -0.00853344 -0.0310468 0.268858 0.0124662 0.963108 2.15207 0 0 0 1.00001 
0.953581 0.0147522 -0.3008 -0.680059 -0.0178655 0.999819 -0.00760177 -0.0319234 0.300631 0.0126228 0.953664 2.34756 0 0 0 1.00001 
0.942256 0.0168303 -0.334498 -0.785042 -0.0202041 0.999784 -0.00660939 -0.0315826 0.334311 0.0129859 0.942383 2.54364 0 0 0 1.00001 
0.929743 0.0192011 -0.367798 -0.897362 -0.0230835 0.999748 -0.00615931 -0.0333286 0.367575 0.0142162 0.92992 2.7339 0 0 0 1.00001 
0.915781 0.0218649 -0.401171 -1.01666 -0.0262897 0.999676 -0.00552829 -0.0329775 0.400905 0.0156088 0.916025 2.92031 0 0 0 1.00001 
0.899606 0.0223565 -0.436212 -1.14161 -0.0272352 0.999655 -0.00493371 -0.0311734 0.435934 0.0163181 0.89987 3.10861 0 0 0 1.00001 
0.880995 0.0178665 -0.472875 -1.26901 -0.0232762 0.999757 -0.0055915 -0.0315909 0.47264 0.0159322 0.881157 3.29509 0 0 0 1.00001 
0.859624 0.0130612 -0.51084 -1.40713 -0.018733 0.99985 -0.00595909 -0.0346729 0.510664 0.0146916 0.859701 3.47901 0 0 0 1.00001 
0.834439 0.014978 -0.550978 -1.56657 -0.0196239 0.999851 -0.00253969 -0.0414055 0.550831 0.012931 0.834568 3.6571 0 0 0 1.00002 
0.805163 0.0209702 -0.592756 -1.75023 -0.0248635 0.999736 0.00159491 -0.0485073 0.592605 0.0134533 0.805434 3.82878 0 0 0 1.00002 
0.772225 0.023982 -0.634967 -1.94572 -0.0280625 0.999647 0.00362686 -0.0521311 0.634799 0.0150174 0.772587 3.99798 0 0 0 1.00002 
0.735818 0.0232657 -0.676854 -2.15348 -0.0275234 0.999664 0.00444055 -0.0530656 0.676693 0.0153611 0.736172 4.16812 0 0 0 1.00002 
0.695597 0.0190225 -0.718253 -2.37369 -0.021557 0.999807 0.00560212 -0.0517154 0.718181 0.0115861 0.695834 4.34002 0 0 0 1.00002 
0.652357 0.0153061 -0.75783 -2.61163 -0.0163132 0.999906 0.00615251 -0.0492716 0.757808 0.00834864 0.652507 4.50386 0 0 0 1.00002 
0.607069 0.0146681 -0.79459 -2.87383 -0.0136914 0.999937 0.00799847 -0.0465217 0.794607 0.00602312 0.607193 4.65677 0 0 0 1.00002 
0.55834 0.0151244 -0.829555 -3.15371 -0.011325 0.999949 0.0106085 -0.0417297 0.829614 0.00347139 0.558443 4.80026 0 0 0 1.00002 
0.506527 0.0157146 -0.862162 -3.4532 -0.00993838 0.999946 0.012387 -0.0357839 0.862247 0.00229406 0.506619 4.93255 0 0 0 1.00002 
0.453296 0.0170176 -0.891278 -3.77192 -0.0092457 0.999927 0.0143898 -0.0289127 0.89139 0.00171765 0.453388 5.04557 0 0 0 1.00002 
0.398168 0.0190824 -0.917194 -4.10994 -0.00826727 0.999892 0.017214 -0.0226639 0.917353 0.000728693 0.398254 5.14641 0 0 0 1.00002 
0.342436 0.0210478 -0.939387 -4.46391 -0.00785961 0.999856 0.0195376 -0.0173098 0.939587 0.000692893 0.342526 5.22901 0 0 0 1.00002 
0.28705 0.0241399 -0.957689 -4.84082 -0.0057974 0.999783 0.0234633 -0.0130896 0.957973 -0.00118283 0.287107 5.30164 0 0 0 1.00002 
0.233169 0.0261536 -0.972163 -5.22318 -0.00107787 0.999722 0.0266364 -0.0139412 0.972512 -0.00516243 0.233116 5.35771 0 0 0 1.00003 
0.182161 0.0267137 -0.982974 -5.61917 0.00163586 0.999724 0.0274708 -0.0121195 0.983334 -0.00661107 0.18205 5.39391 0 0 0 1.00003 
0.134655 0.0278627 -0.990596 -6.03286 -0.000403611 0.999735 0.0280635 -0.00765619 0.990972 -0.00337831 0.134617 5.40827 0 0 0 1.00003 
0.0922314 0.0282028 -0.99543 -6.46324 -0.00239047 0.999728 0.0281017 0.00140285 0.995811 -0.000212014 0.0922666 5.40757 0 0 0 1.00003 
0.0543404 0.0267418 -0.998257 -6.9101 -0.00367943 0.999767 0.0265806 0.0112669 0.998592 0.00222858 0.0544242 5.39785 0 0 0 1.00003 
0.0198577 0.0240859 -0.999606 -7.37177 -0.00254732 0.999837 0.0240394 0.0187068 0.999878 0.00206896 0.0199188 5.38038 0 0 0 1.00003 
-0.0115909 0.0214317 -0.999799 -7.84774 -0.00204047 0.999899 0.0214561 0.023611 1.00001 0.00228875 -0.0115385 5.3509 0 0 0 1.00003 
-0.0381437 0.0195767 -0.999165 -8.33856 -0.0025238 0.999931 0.0196863 0.0290302 0.99935 0.00327249 -0.0380804 5.30869 0 0 0 1.00003 
-0.0589371 0.0171973 -0.998247 -8.84556 -0.00292495 1.00002 0.0173989 0.0379954 0.998387 0.00394489 -0.0588712 5.25904 0 0 0 1.00005 
-0.0752832 0.0163455 -0.997161 -9.36771 -0.0022792 1.00004 0.016563 0.0487361 0.997289 0.00351935 -0.0752289 5.2061 0 0 0 1.00005 
-0.0883414 0.0168071 -0.996084 -9.91352 -0.00131321 1.00003 0.0169885 0.0564461 0.996221 0.00280868 -0.0883 5.14517 0 0 0 1.00005 
-0.0979413 0.0180197 -0.995166 -10.4714 -0.00250621 1.00001 0.0183523 0.0572767 0.995323 0.00429108 -0.0978727 5.07779 0 0 0 1.00005 
-0.104656 0.0194297 -0.994455 -11.0439 -0.00430947 0.999969 0.0199893 0.0583953 0.994633 0.00637673 -0.104544 5.00505 0 0 0 1.00005 
-0.109177 0.0204046 -0.993951 -11.6337 -0.00417327 0.999951 0.0209845 0.0657984 0.994149 0.00643818 -0.10906 4.93404 0 0 0 1.00005 
-0.1107 0.021066 -0.993768 -12.2408 -0.0019249 0.999948 0.0214098 0.0770631 0.993986 0.00428251 -0.110627 4.86602 0 0 0 1.00005 
-0.109825 0.0233268 -0.99384 -12.8603 7.48163e-05 0.999929 0.0234598 0.0853627 0.99411 0.00250189 -0.10979 4.7977 0 0 0 1.00005 
-0.108311 0.0258171 -0.993946 -13.4967 -0.000659979 0.999867 0.0260412 0.0912671 0.994278 0.00347609 -0.108251 4.72423 0 0 0 1.00006 
-0.106679 0.0257383 -0.994124 -14.1483 -0.00292662 0.999857 0.0261992 0.0984909 0.994449 0.00570341 -0.10656 4.64836 0 0 0 1.00006 
-0.105119 0.0231646 -0.994356 -14.8113 -0.00474178 0.999913 0.0237938 0.108017 0.99461 0.00721496 -0.104972 4.57291 0 0 0 1.00006 
-0.10384 0.0230351 -0.994494 -15.4939 -0.00507212 0.999914 0.0236887 0.121265 0.994743 0.00750272 -0.103686 4.49891 0 0 0 1.00006 
-0.102182 0.0257011 -0.994601 -16.2002 -0.00480708 0.99985 0.0263291 0.136076 0.994917 0.00747016 -0.102015 4.42403 0 0 0 1.00006 
-0.100419 0.0292148 -0.994684 -16.9218 -0.00587057 0.999742 0.0299545 0.148054 0.995091 0.00884574 -0.100195 4.34735 0 0 0 1.00006 
-0.0986819 0.0313145 -0.994795 -17.6559 -0.00623175 0.999675 0.0320848 0.158414 0.995263 0.00936374 -0.0984277 4.26927 0 0 0 1.00006 
-0.0969084 0.0305893 -0.994992 -18.4007 -0.00797861 0.99968 0.031509 0.174292 0.995424 0.01099 -0.0966069 4.18915 0 0 0 1.00006 
-0.0952291 0.0274787 -0.995244 -19.1585 -0.0103613 0.999746 0.0285929 0.190618 0.995564 0.0130323 -0.0948941 4.10793 0 0 0 1.00006 
-0.0937819 0.0268317 -0.995398 -19.9249 -0.0112621 0.999751 0.0280087 0.206434 0.99569 0.0138343 -0.0934308 4.03088 0 0 0 1.00006 
-0.0923002 0.029187 -0.995471 -20.709 -0.00866362 0.999716 0.0301132 0.221826 0.995855 0.0114017 -0.0919959 3.95815 0 0 0 1.00006 
-0.0912336 0.0313163 -0.995506 -21.5029 -0.0064826 0.999675 0.03204 0.235273 0.995971 0.00937483 -0.0909756 3.88515 0 0 0 1.00006 
-0.0899896 0.0330852 -0.995561 -22.3008 -0.00553819 0.999625 0.0337193 0.248398 0.99609 0.0085464 -0.0897476 3.80939 0 0 0 1.00006 
-0.0893984 0.028467 -0.995761 -23.1006 -0.00536039 0.999776 0.0290615 0.259792 0.996148 0.00793426 -0.0892006 3.73289 0 0 0 1.00006 
-0.0892354 0.0215089 -0.995945 -23.9106 -0.00386721 0.999959 0.0219405 0.269653 0.996165 0.00580847 -0.0891238 3.65867 0 0 0 1.00006 
-0.0894125 0.0169989 -0.996019 -24.7278 -0.000802421 1.00006 0.0171384 0.281366 0.996158 0.00233145 -0.0893795 3.58602 0 0 0 1.00006 
-0.0900228 0.0178436 -0.995949 -25.56 0.000328556 1.00005 0.0178858 0.290523 0.996103 0.00128297 -0.0900081 3.50931 0 0 0 1.00006 
-0.0900044 0.0252945 -0.995789 -26.3988 -0.000241506 0.999886 0.0254189 0.296251 0.996105 0.00252805 -0.089963 3.42623 0 0 0 1.00006 
-0.0902588 0.0323347 -0.995569 -27.2435 -0.00175673 0.99967 0.0326263 0.308499 0.99608 0.00469296 -0.0901482 3.34133 0 0 0 1.00007 
-0.0906543 0.037642 -0.995346 -28.0891 -0.00376349 0.999469 0.0381398 0.321162 0.996039 0.00720216 -0.0904404 3.25678 0 0 0 1.00007 
-0.0910673 0.0379672 -0.995296 -28.9308 -0.00538623 0.999443 0.0386173 0.334839 0.995993 0.00887595 -0.090788 3.17198 0 0 0 1.00007 
-0.0915385 0.0344789 -0.99538 -29.7681 -0.00539805 0.999572 0.0351197 0.35009 0.995951 0.00858626 -0.0912889 3.09042 0 0 0 1.00007 
-0.0920103 0.0317012 -0.995431 -30.6034 -0.00559289 0.999666 0.0323521 0.366955 0.995908 0.00854242 -0.0917778 3.0086 0 0 0 1.00007 
-0.092239 0.0328927 -0.995367 -31.4417 -0.00701006 0.99961 0.0336816 0.383013 0.995875 0.0100824 -0.0919482 2.92539 0 0 0 1.00007 
-0.0921537 0.0352727 -0.995299 -32.2839 -0.00780999 0.999524 0.0361447 0.395119 0.995883 0.0111019 -0.0918095 2.83968 0 0 0 1.00007 
-0.0920891 0.0336248 -0.995364 -33.1225 -0.00849177 0.999577 0.0345518 0.407254 0.995885 0.0116319 -0.0917395 2.75479 0 0 0 1.00007 
-0.0917585 0.0284182 -0.995557 -33.9538 -0.00932191 0.999735 0.0293957 0.420527 0.995908 0.0119754 -0.0914442 2.67129 0 0 0 1.00007 
-0.091572 0.0242397 -0.995685 -34.7869 -0.0106239 0.999834 0.0253168 0.43267 0.995912 0.0128937 -0.0912744 2.58612 0 0 0 1.00007 
-0.0911022 0.0249939 -0.995709 -35.6263 -0.0100033 0.999821 0.0260115 0.443441 0.995961 0.0123276 -0.0908112 2.50319 0 0 0 1.00007 
-0.0905301 0.027475 -0.995694 -36.4644 -0.0088981 0.999764 0.0283954 0.451227 0.996022 0.0114282 -0.0902399 2.42173 0 0 0 1.00007 
-0.0901424 0.0323772 -0.995583 -37.3098 -0.00858933 0.999618 0.0332852 0.463716 0.99606 0.0115495 -0.0898055 2.33965 0 0 0 1.00007 
-0.0896095 0.0379035 -0.995451 -38.1509 -0.00755052 0.999433 0.0387345 0.481213 0.996163 0.0109843 -0.0892449 2.26035 0 0 0 1.00007 
-0.0898507 0.0410928 -0.995301 -38.9887 -0.007704 0.9993 0.0419531 0.496409 0.996138 0.0114344 -0.0894438 2.18005 0 0 0 1.00007 
-0.0896095 0.040925 -0.99533 -39.8224 -0.00741702 0.99931 0.0417561 0.514971 0.996162 0.0111212 -0.0892167 2.09991 0 0 0 1.00007 
-0.0895534 0.0364498 -0.995509 -40.6466 -0.00720749 0.99949 0.0372436 0.535188 0.996169 0.0105077 -0.0892177 2.02138 0 0 0 1.00007 
-0.0892282 0.0320653 -0.995687 -41.4711 -0.00821835 0.999632 0.0329285 0.550491 0.996188 0.0111183 -0.0889047 1.94044 0 0 0 1.00007 
-0.0891359 0.0291926 -0.995785 -42.2974 -0.0120755 0.999675 0.0303872 0.564525 0.996159 0.0147298 -0.0887271 1.85491 0 0 0 1.00007 
-0.0897074 0.0273409 -0.995787 -43.1292 -0.0152485 0.999678 0.0288211 0.577312 0.996064 0.0177657 -0.0892342 1.76878 0 0 0 1.00007 
-0.0904121 0.0254337 -0.995773 -43.955 -0.01297 0.999769 0.0267131 0.58428 0.996033 0.0153269 -0.0900338 1.68907 0 0 0 1.00008 
-0.0916926 0.0217445 -0.995741 -44.7785 -0.00943252 0.999905 0.0227037 0.591707 0.995953 0.0114714 -0.0914512 1.61407 0 0 0 1.00008 
-0.092434 0.0202666 -0.995704 -45.5985 -0.00512271 0.999978 0.0208289 0.600256 0.995917 0.00702413 -0.0923003 1.53629 0 0 0 1.00008 
-0.0943565 0.0237333 -0.995448 -46.4193 -0.00473408 0.999903 0.0242879 0.606408 0.99574 0.00700234 -0.0942066 1.45422 0 0 0 1.00008 
-0.0961309 0.0299969 -0.995096 -47.246 -0.00225229 0.999756 0.0303538 0.612369 0.995571 0.00515753 -0.0960097 1.37248 0 0 0 1.00008 
-0.0980665 0.0337263 -0.994788 -48.0647 -0.000343197 0.999643 0.0339236 0.621336 0.995384 0.00366677 -0.0979894 1.29061 0 0 0 1.00008 
-0.0996574 0.0327856 -0.994661 -48.8738 -0.000299243 0.999675 0.0329798 0.631551 0.995227 0.00358294 -0.0995844 1.20578 0 0 0 1.00008 
-0.100749 0.028888 -0.994674 -49.6749 -0.00358201 0.999783 0.0293981 0.638733 0.995113 0.00652283 -0.100592 1.11302 0 0 0 1.00008 
-0.102069 0.0251362 -0.994639 -50.4717 -0.00827266 0.999844 0.0261156 0.64841 0.994948 0.0108912 -0.101814 1.01804 0 0 0 1.00008 
-0.103464 0.0235515 -0.99453 -51.2663 -0.012436 0.999826 0.0249696 0.656728 0.994756 0.014948 -0.103122 0.922738 0 0 0 1.00008 
-0.104516 0.0246592 -0.994392 -52.0602 -0.0140396 0.999771 0.0262671 0.661483 0.994624 0.0167024 -0.104115 0.830251 0 0 0 1.00008 
-0.105533 0.0261669 -0.994246 -52.8493 -0.0138642 0.999732 0.0277818 0.667495 0.99452 0.0167125 -0.105111 0.741056 0 0 0 1.00008 
-0.106508 0.025654 -0.994154 -53.6322 -0.0157312 0.999712 0.0274817 0.673719 0.994386 0.0185622 -0.106042 0.648505 0 0 0 1.00008 
-0.107102 0.025475 -0.994094 -54.414 -0.0164645 0.999702 0.0273915 0.680157 0.99431 0.0192967 -0.106619 0.556342 0 0 0 1.00008 
-0.1077 0.0272831 -0.993983 -55.1948 -0.0147798 0.999683 0.0290399 0.688748 0.994274 0.0178144 -0.107231 0.467245 0 0 0 1.00008 
-0.108099 0.0301726 -0.993857 -55.9679 -0.0138237 0.999612 0.0318498 0.698084 0.994245 0.0171777 -0.107608 0.379831 0 0 0 1.00008 
-0.108312 0.0343765 -0.993698 -56.7382 -0.0140756 0.999465 0.0361091 0.707402 0.994219 0.0178938 -0.107738 0.289651 0 0 0 1.00009 
-0.108949 0.0364866 -0.993553 -57.4976 -0.0140183 0.999394 0.0382366 0.718244 0.99415 0.0180898 -0.108338 0.201547 0 0 0 1.00009 
-0.109717 0.0364693 -0.993468 -58.2516 -0.0136493 0.9994 0.0381927 0.730258 0.99407 0.0177465 -0.10912 0.11448 0 0 0 1.00009 
-0.11007 0.0344828 -0.9935 -58.9985 -0.0128878 0.999487 0.0361167 0.742082 0.994041 0.0167757 -0.109535 0.0271553 0 0 0 1.00009 
-0.11033 0.0309303 -0.993586 -59.7326 -0.0125237 0.999614 0.0325069 0.752485 0.994016 0.0160263 -0.109867 -0.0595666 0 0 0 1.00009 
-0.110142 0.0280772 -0.993692 -60.4565 -0.0127879 0.999699 0.0296626 0.761168 0.994034 0.0159708 -0.109717 -0.145246 0 0 0 1.00009 
-0.108935 0.0256835 -0.993889 -61.168 -0.0132856 0.999759 0.0272896 0.769067 0.99416 0.0161737 -0.108534 -0.229959 0 0 0 1.00009 
-0.106663 0.0249142 -0.99416 -61.8629 -0.0155905 0.999746 0.0267252 0.773866 0.994377 0.018346 -0.106214 -0.312027 0 0 0 1.00009 
-0.102634 0.0257576 -0.994562 -62.5442 -0.0159382 0.999719 0.0275342 0.778664 0.994796 0.0186734 -0.102162 -0.386768 0 0 0 1.00009 
-0.0967968 0.0272886 -0.995106 -63.2123 -0.0151372 0.999693 0.0288851 0.784131 0.995393 0.0178551 -0.0963229 -0.453157 0 0 0 1.00009 
-0.0896056 0.0288297 -0.995735 -63.8672 -0.0143378 0.999665 0.0302319 0.78856 0.996077 0.0169818 -0.0891326 -0.512975 0 0 0 1.00009 
-0.0808389 0.0301961 -0.996444 -64.5051 -0.0153528 0.999609 0.0315358 0.79261 0.996812 0.0178436 -0.0803158 -0.567255 0 0 0 1.00009 
-0.0690119 0.0318307 -0.997282 -65.1285 -0.0175877 0.999521 0.0331175 0.798026 0.997663 0.019821 -0.0683934 -0.613088 0 0 0 1.00009 
-0.054206 0.0332746 -0.998149 -65.7409 -0.020685 0.999416 0.0344385 0.80593 0.998517 0.0225086 -0.0534635 -0.647325 0 0 0 1.0001 
-0.0358741 0.0344665 -0.998936 -66.3368 -0.0222908 0.999353 0.0352797 0.814243 0.99931 0.0235276 -0.0350635 -0.664486 0 0 0 1.0001 
-0.0137439 0.0352968 -0.999459 -66.9063 -0.023303 0.999321 0.0356106 0.820426 0.999839 0.0237746 -0.0128973 -0.664727 0 0 0 1.0001 
0.0117498 0.0357014 -0.999471 -67.4546 -0.0227909 0.99934 0.035427 0.825837 0.999876 0.0223577 0.0125653 -0.644807 0 0 0 1.0001 
0.0410336 0.0352837 -0.998712 -67.985 -0.0214252 0.999405 0.0344261 0.832482 0.999132 0.0199805 0.0417689 -0.603056 0 0 0 1.00012 
0.0750656 0.0353312 -0.996731 -68.4896 -0.0202575 0.999449 0.0339001 0.837994 0.997178 0.0176426 0.0757368 -0.541244 0 0 0 1.00013 
0.112698 0.0356638 -0.993169 -68.9767 -0.0196432 0.999469 0.0336593 0.843253 0.993641 0.0157121 0.113328 -0.461159 0 0 0 1.00013 
0.153565 0.0354223 -0.987689 -69.4502 -0.0194532 0.999506 0.0328197 0.847148 0.988158 0.0141704 0.154158 -0.361979 0 0 0 1.00013 
0.198808 0.0363823 -0.979551 -69.9143 -0.0184556 0.999508 0.033376 0.851795 0.980078 0.0114399 0.199352 -0.239626 0 0 0 1.00013 
0.247439 0.0351629 -0.968454 -70.3589 -0.0151388 0.999594 0.0324237 0.852805 0.968998 0.00663657 0.247832 -0.0960469 0 0 0 1.00013 
0.297774 0.0303934 -0.954346 -70.7792 -0.00736759 0.999772 0.0295394 0.852023 0.954824 -0.00176483 0.29788 0.0753572 0 0 0 1.00013 
0.349467 0.0251513 -0.936809 -71.1853 -0.00203663 0.999895 0.0260834 0.853112 0.937167 -0.00720616 0.34942 0.266677 0 0 0 1.00013 
0.402173 0.0202854 -0.915541 -71.5812 0.00322387 0.999954 0.0235699 0.859621 0.915781 -0.0124284 0.402016 0.479357 0 0 0 1.00013 
0.454007 0.0197997 -0.890985 -71.9702 0.00292186 0.99995 0.023708 0.866995 0.89122 -0.0133644 0.453843 0.706307 0 0 0 1.00013 
0.502735 0.0185374 -0.864453 -72.3455 0.0045522 0.999933 0.0240879 0.873265 0.864658 -0.0160419 0.502524 0.958028 0 0 0 1.00013 
0.548312 0.0143217 -0.83637 -72.6994 0.0122938 0.999841 0.0251784 0.877382 0.836419 -0.024083 0.547946 1.23738 0 0 0 1.00013 
0.592604 0.00778503 -0.80568 -73.0318 0.0228421 0.999619 0.0264579 0.879762 0.805409 -0.0340757 0.592091 1.54096 0 0 0 1.00013 
0.635496 0.00280072 -0.772334 -73.347 0.0243658 0.999655 0.0236715 0.880466 0.771969 -0.0338548 0.635089 1.84674 0 0 0 1.00013 
0.677197 -0.00215305 -0.736047 -73.6526 0.0214596 0.999861 0.0168167 0.884506 0.735749 -0.0271778 0.67702 2.16275 0 0 0 1.00013 
0.718198 -0.00923108 -0.696039 -73.941 0.0181952 1.00005 0.00550887 0.889424 0.695873 -0.0166174 0.718264 2.4994 0 0 0 1.00013 
0.757983 -0.0122512 -0.652439 -74.2227 0.0138746 1.00013 -0.00266376 0.893604 0.652416 -0.00703155 0.758106 2.86562 0 0 0 1.00013 
0.795514 -0.0137974 -0.60608 -74.4957 0.013074 1.00013 -0.00561046 0.89563 0.606104 -0.00345974 0.795643 3.26917 0 0 0 1.00013 
0.829954 -0.0154341 -0.557945 -74.7427 0.0136533 1.00011 -0.0073591 0.8951 0.557998 -0.00150949 0.830095 3.69437 0 0 0 1.00013 
0.861051 -0.0143082 -0.508677 -74.9816 0.0109988 1.00013 -0.00951744 0.891971 0.508764 0.00259991 0.861147 4.14577 0 0 0 1.00013 
0.887475 -0.0129304 -0.461073 -75.2022 0.0105028 1.00015 -0.00783618 0.881467 0.461137 0.00211164 0.887565 4.62723 0 0 0 1.00014 
0.909097 -0.00674871 -0.416979 -75.414 0.00436165 1.00021 -0.00668265 0.873743 0.417005 0.00425563 0.909137 5.13203 0 0 0 1.00014 
0.926963 -0.00266702 -0.375639 -75.6061 -0.000394352 1.00021 -0.00807872 0.866366 0.375641 0.00763519 0.926971 5.64545 0 0 0 1.00014 
0.940816 0.0023704 -0.339461 -75.7866 -0.00485962 1.00021 -0.00648875 0.859572 0.339426 0.00775262 0.940835 6.18336 0 0 0 1.00014 
0.951106 0.00309273 -0.309457 -75.9534 -0.00467385 1.00022 -0.00437371 0.847715 0.309427 0.00560489 0.951139 6.74427 0 0 0 1.00014 
0.958676 0.00242144 -0.285158 -76.1115 -0.00335865 1.00023 -0.00280336 0.837921 0.285137 0.00364435 0.958713 7.32403 0 0 0 1.00014 
0.964662 0.0025626 -0.264198 -76.2661 -0.00284576 1.00024 -0.000694669 0.831197 0.264183 0.00142151 0.964703 7.92411 0 0 0 1.00014 
0.969454 0.00500631 -0.245993 -76.4187 -0.00467327 1.00023 0.00193254 0.825621 0.245987 -0.000723974 0.969503 8.54133 0 0 0 1.00014 
0.97318 0.00966241 -0.230669 -76.5713 -0.00909643 1.0002 0.00351282 0.821438 0.230679 -0.00132037 0.973259 9.17356 0 0 0 1.00014 
0.976183 0.0133104 -0.217421 -76.7187 -0.0125616 1.00015 0.0048221 0.815336 0.217452 -0.00197606 0.976299 9.8229 0 0 0 1.00014 
0.979011 0.011841 -0.204404 -76.8529 -0.0111362 1.00017 0.00459376 0.810877 0.204429 -0.00222093 0.979109 10.488 0 0 0 1.00014 
0.981767 0.0117995 -0.190723 -76.9816 -0.0111853 1.00017 0.00429227 0.806509 0.190745 -0.00208062 0.981865 11.1703 0 0 0 1.00014 
0.984472 0.0121803 -0.176207 -77.1041 -0.0115011 1.00017 0.00487054 0.805053 0.176237 -0.0027681 0.984571 11.869 0 0 0 1.00014 
0.986867 0.0136698 -0.162155 -77.22 -0.012956 1.00015 0.00545419 0.80062 0.162198 -0.00328137 0.986982 12.5824 0 0 0 1.00014 
0.988846 0.0137463 -0.14961 -77.3287 -0.0134909 1.00015 0.00271622 0.79183 0.149618 -0.000667798 0.988973 13.3082 0 0 0 1.00014 
0.99043 0.0142567 -0.138678 -77.4316 -0.014744 1.00014 -0.00249376 0.781209 0.138611 0.00451319 0.990565 14.0416 0 0 0 1.00014 
0.991739 0.0122198 -0.129189 -77.5259 -0.0134538 1.00012 -0.00869277 0.774247 0.129049 0.0103565 0.991811 14.7859 0 0 0 1.00014 
0.992749 0.0120256 -0.121206 -77.6184 -0.0132053 1.00012 -0.00894419 0.766524 0.121066 0.0104773 0.992816 15.5497 0 0 0 1.00015 
0.993503 0.0140231 -0.114636 -77.7098 -0.0144316 1.00014 -0.00274144 0.753517 0.114568 0.00437667 0.993633 16.3194 0 0 0 1.00015 
0.993961 0.0185207 -0.109588 -77.8033 -0.0180247 1.00003 0.00551108 0.738521 0.109654 -0.00350233 0.994142 17.0927 0 0 0 1.00015 
0.994399 0.0192742 -0.105411 -77.8898 -0.0184015 0.999998 0.00924164 0.727317 0.105551 -0.00724928 0.994566 17.8666 0 0 0 1.00015 
0.994775 0.017994 -0.102046 -77.9703 -0.017253 1.00003 0.00813499 0.720455 0.102158 -0.00633115 0.994928 18.6337 0 0 0 1.00015 
0.99509 0.017767 -0.0989823 -78.0502 -0.017132 1.00004 0.0072562 0.713089 0.0990777 -0.00552422 0.995246 19.4018 0 0 0 1.00015 
0.995396 0.0163273 -0.0961136 -78.127 -0.0154937 1.00005 0.00940687 0.707725 0.0962349 -0.00787334 0.995509 20.1743 0 0 0 1.00015 
0.995651 0.0143902 -0.0937575 -78.2008 -0.0133325 1.00005 0.0118911 0.700818 0.0938972 -0.0105878 0.995707 20.9505 0 0 0 1.00015 
0.995947 0.0123881 -0.0908568 -78.2719 -0.0112048 1.00006 0.0135139 0.693884 0.0909937 -0.0124391 0.995956 21.7222 0 0 0 1.00015 
0.996189 0.0115671 -0.0882807 -78.3428 -0.0107276 1.00011 0.00996839 0.685828 0.0883699 -0.00898198 0.996229 22.4881 0 0 0 1.00015 
0.996301 0.0142137 -0.0866113 -78.4171 -0.0140382 1.00011 0.00262521 0.678069 0.0866231 -0.00139977 0.996422 23.245 0 0 0 1.00015 
0.996437 0.0146566 -0.0849296 -78.4883 -0.0151259 1.00009 -0.00489475 0.665763 0.0848304 0.00616036 0.996556 24.0007 0 0 0 1.00015 
0.996532 0.0154419 -0.0836679 -78.5574 -0.0162529 1.00004 -0.00903124 0.652487 0.0834973 0.0103574 0.996634 24.7593 0 0 0 1.00015 
0.996685 0.0168864 -0.0815544 -78.6264 -0.0175388 1.00003 -0.00729818 0.635268 0.0813997 0.00870223 0.996825 25.5197 0 0 0 1.00015 
0.996819 0.0202062 -0.0791252 -78.6975 -0.0205288 0.999998 -0.003272 0.616958 0.0790251 0.00488447 0.997042 26.2813 0 0 0 1.00015 
0.99692 0.0237066 -0.0768582 -78.7661 -0.0236322 0.999933 0.00187391 0.600161 0.0768641 -5.23888e-05 0.997223 27.0405 0 0 0 1.00015 
0.997158 0.0213102 -0.0744269 -78.8263 -0.0210931 0.999984 0.00369722 0.589084 0.0744717 -0.00211695 0.997402 27.7998 0 0 0 1.00015 
0.997298 0.0185166 -0.0733118 -78.881 -0.018305 1.00004 0.00354929 0.576588 0.0733478 -0.00219779 0.997487 28.551 0 0 0 1.00015 
0.9974 0.0166335 -0.0723702 -78.9357 -0.0164155 1.00007 0.0035983 0.563176 0.0724028 -0.00240095 0.997556 29.3033 0 0 0 1.00015 
0.997488 0.016028 -0.0712649 -78.9947 -0.0159404 1.00009 0.00178908 0.553429 0.0712673 -0.000648916 0.99764 30.0542 0 0 0 1.00015 
0.997562 0.0139055 -0.0706953 -79.0485 -0.0139041 1.00012 0.000501008 0.543719 0.0706782 0.000482668 0.997684 30.8095 0 0 0 1.00015 
0.997621 0.0129945 -0.0700153 -79.1041 -0.0129836 1.00013 0.000598622 0.531756 0.0699999 0.000311404 0.997732 31.5698 0 0 0 1.00015 
0.997631 0.0159613 -0.0692486 -79.1664 -0.0158887 1.00009 0.00158786 0.522473 0.0692478 -0.000484176 0.997784 32.3371 0 0 0 1.00015 
0.997638 0.0156752 -0.0692229 -79.2267 -0.0156662 1.00009 0.000662819 0.51184 0.0692075 0.000422686 0.997788 33.1119 0 0 0 1.00015 
0.997523 0.015121 -0.0709872 -79.2866 -0.0151125 1.0001 0.000646974 0.499653 0.0709716 0.000426913 0.997663 33.8916 0 0 0 1.00015 
0.997405 0.0129244 -0.0730422 -79.347 -0.0128776 1.00013 0.00109999 0.489809 0.0730331 -0.00015689 0.997515 34.6757 0 0 0 1.00015 
0.997147 0.0148234 -0.0761312 -79.4154 -0.0148008 1.00011 0.000851457 0.480206 0.0761183 0.000277295 0.997284 35.4629 0 0 0 1.00015 
0.996873 0.0183039 -0.078947 -79.4913 -0.0183134 1.00005 0.000595919 0.467911 0.0789275 0.000851077 0.997068 36.2534 0 0 0 1.00016 
0.996664 0.0187123 -0.0814371 -79.5682 -0.019128 1.00003 -0.00433445 0.454227 0.0813233 0.00587605 0.996858 37.0446 0 0 0 1.00016 
0.996443 0.0194276 -0.0839181 -79.6438 -0.0201585 0.999982 -0.0078788 0.442822 0.0837285 0.00954006 0.996629 37.8447 0 0 0 1.00016 
0.996302 0.0184124 -0.0858059 -79.7206 -0.0193021 0.999985 -0.00956017 0.429224 0.0855931 0.0111784 0.996454 38.6564 0 0 0 1.00016 
0.996103 0.0185998 -0.0880529 -79.8004 -0.0193848 0.999997 -0.00807595 0.410996 0.0878665 0.00974896 0.996271 39.4827 0 0 0 1.00016 
0.995932 0.017139 -0.0902655 -79.879 -0.0178763 1.00003 -0.00737444 0.393009 0.0901055 0.00895582 0.996079 40.309 0 0 0 1.00016 
0.995788 0.0164633 -0.0921979 -79.9585 -0.0170581 1.00008 -0.00567814 0.37871 0.0920729 0.00722502 0.995934 41.1453 0 0 0 1.00016 
0.995694 0.0161486 -0.0932692 -80.043 -0.0164103 1.00011 -0.0020484 0.364486 0.0932068 0.00356902 0.995849 41.9835 0 0 0 1.00016 
0.995629 0.0159857 -0.0942458 -80.1285 -0.0158006 1.00014 0.0027014 0.351062 0.0942603 -0.0012005 0.99578 42.8395 0 0 0 1.00016 
0.995687 0.0160387 -0.0936389 -80.2135 -0.0156593 1.00013 0.00477696 0.339525 0.0936864 -0.00328956 0.995831 43.6936 0 0 0 1.00016 
0.995819 0.0190968 -0.0916155 -80.3026 -0.0187328 1.00008 0.00482506 0.330757 0.0916739 -0.00308831 0.996017 44.5523 0 0 0 1.00016 
0.995988 0.0191704 -0.0897445 -80.3869 -0.0189309 1.00008 0.00350986 0.322121 0.0897785 -0.00179677 0.996193 45.4168 0 0 0 1.00016 
0.996172 0.0166916 -0.0881833 -80.4666 -0.0166435 1.00013 0.00126936 0.31099 0.0881755 0.000202806 0.996337 46.2841 0 0 0 1.00016 
0.996377 0.0129105 -0.0864824 -80.5424 -0.0129877 1.00018 -0.000345129 0.298267 0.0864539 0.00146648 0.996487 47.1607 0 0 0 1.00016 
0.996552 0.0117045 -0.0846131 -80.62 -0.0118074 1.0002 -0.000731182 0.287268 0.0845818 0.00172707 0.996647 48.0343 0 0 0 1.00016 
0.996658 0.00939586 -0.0836646 -80.6957 -0.00927376 1.00022 0.0018307 0.272777 0.0836612 -0.00104863 0.996727 48.9086 0 0 0 1.00016 
0.996742 0.00670309 -0.082938 -80.768 -0.00636315 1.00024 0.00434353 0.258859 0.0829477 -0.00380084 0.996781 49.7849 0 0 0 1.00016 
0.996812 0.00633465 -0.082085 -80.8427 -0.00597855 1.00024 0.00456404 0.245717 0.0820946 -0.0040579 0.996848 50.6535 0 0 0 1.00016 
0.99689 0.00775392 -0.0810128 -80.9226 -0.00766863 1.00024 0.00134467 0.230342 0.0810038 -0.000719229 0.996946 51.5217 0 0 0 1.00016 
0.996915 0.0101612 -0.0804589 -81.0007 -0.010546 1.0002 -0.00437786 0.213127 0.0803922 0.00521139 0.996984 52.3833 0 0 0 1.00016 
0.99698 0.0118098 -0.0794119 -81.0789 -0.0126279 1.00014 -0.00982697 0.193966 0.0792687 0.0107972 0.997029 53.241 0 0 0 1.00016 
0.996975 0.0163807 -0.0786559 -81.1595 -0.0176541 0.999991 -0.015539 0.169296 0.0783627 0.0168762 0.997015 54.0924 0 0 0 1.00016 
0.997059 0.0162445 -0.077631 -81.2332 -0.0175661 0.99998 -0.0163891 0.143704 0.0773254 0.0176999 0.997083 54.9457 0 0 0 1.00016 
0.997116 0.013199 -0.0774778 -81.3006 -0.0140561 1.00011 -0.0105468 0.123922 0.0773105 0.0116025 0.997163 55.7987 0 0 0 1.00016 
0.997078 0.0127076 -0.0780621 -81.3714 -0.0128635 1.00019 -0.00151051 0.100488 0.0780202 0.00250966 0.997173 56.6559 0 0 0 1.00017 
0.997007 0.0117205 -0.079271 -81.4449 -0.0112636 1.00022 0.00619594 0.0808406 0.0793209 -0.00528323 0.997072 57.5132 0 0 0 1.00017 
0.996833 0.00975427 -0.0816768 -81.517 -0.00947743 1.00025 0.00376149 0.0698804 0.0816932 -0.00297484 0.996889 58.3585 0 0 0 1.00017 
0.996695 0.0045921 -0.0837864 -81.5854 -0.00458675 1.00029 0.000235915 0.055677 0.0837705 0.000149004 0.996721 59.1995 0 0 0 1.00017 
0.996475 0.00316967 -0.0864373 -81.6601 -0.003297 1.0003 -0.00135204 0.039792 0.0864164 0.00163168 0.996495 60.0315 0 0 0 1.00017 
0.996222 0.00528958 -0.0891961 -81.7434 -0.00565142 1.00028 -0.00382427 0.0211482 0.0891578 0.00431251 0.996244 60.8585 0 0 0 1.00019 
0.995896 0.00684218 -0.0926441 -81.8282 -0.00754754 1.00025 -0.00728369 0.00171363 0.0925732 0.00795056 0.995908 61.6849 0 0 0 1.00019 
0.995502 0.00725606 -0.0967738 -81.9127 -0.00833075 1.00021 -0.0107236 -0.0180781 0.0966712 0.0114781 0.995486 62.5004 0 0 0 1.00019 
0.995177 0.0091189 -0.0999172 -82.0035 -0.0106303 1.00014 -0.0146217 -0.0431671 0.0997517 0.0156086 0.995127 63.3084 0 0 0 1.00019 
0.994798 0.0138228 -0.103104 -82.1016 -0.0154178 1.00008 -0.0147018 -0.0689547 0.102862 0.0162099 0.994801 64.1167 0 0 0 1.00019 
0.994367 0.0173033 -0.106665 -82.2019 -0.0187967 1.00004 -0.0130205 -0.0902399 0.106396 0.0149474 0.994448 64.9225 0 0 0 1.00019 
0.993889 0.0204054 -0.110502 -82.3031 -0.021322 1.00005 -0.00712514 -0.113998 0.110314 0.00943457 0.994088 65.7258 0 0 0 1.00019 
0.993405 0.0212403 -0.114626 -82.4034 -0.0215698 1.00007 -0.0016389 -0.135321 0.114549 0.00409892 0.993646 66.5272 0 0 0 1.00019 
0.992825 0.020597 -0.119635 -82.505 -0.0205144 1.00009 0.0019194 -0.151129 0.119634 0.00054802 0.993053 67.3214 0 0 0 1.00019 
0.992025 0.0201148 -0.126189 -82.6112 -0.0199175 1.0001 0.00282259 -0.163849 0.126205 -0.000287067 0.99224 68.1089 0 0 0 1.00019 
0.991282 0.0179987 -0.132217 -82.72 -0.0172882 1.00013 0.00651638 -0.175984 0.132297 -0.00417296 0.991439 68.8962 0 0 0 1.00019 
0.990384 0.0185951 -0.138699 -82.8368 -0.0179241 1.00012 0.00608244 -0.18833 0.138773 -0.00353728 0.990555 69.6732 0 0 0 1.00019 
0.989427 0.0233786 -0.144663 -82.965 -0.0228546 1.00003 0.00528324 -0.200828 0.144732 -0.00192111 0.989705 70.4445 0 0 0 1.00019 
0.988488 0.0253429 -0.150647 -83.0944 -0.025411 0.99998 0.00147252 -0.211348 0.15062 0.00237131 0.988828 71.2105 0 0 0 1.00019 
0.987577 0.0240008 -0.156712 -83.2223 -0.0245133 1 -0.00134014 -0.223661 0.156617 0.00516302 0.987884 71.9784 0 0 0 1.00019 
0.986734 0.0252474 -0.162037 -83.3585 -0.026025 1.00002 -0.00268168 -0.237952 0.161903 0.00686027 0.987047 72.7442 0 0 0 1.0002 
0.985909 0.0272806 -0.166658 -83.5005 -0.0272729 0.999987 0.002334 -0.248015 0.166648 0.00224298 0.986277 73.511 0 0 0 1.0002 
0.984827 0.0281544 -0.172806 -83.6423 -0.0274391 0.999966 0.00652728 -0.259632 0.17291 -0.00168632 0.985201 74.2702 0 0 0 1.0002 
0.983728 0.0275089 -0.179062 -83.7864 -0.0263644 0.999978 0.00876935 -0.276094 0.179222 -0.00390469 0.984067 75.0262 0 0 0 1.0002 
0.982487 0.0249632 -0.186121 -83.9359 -0.024482 1.00006 0.0048818 -0.285307 0.186173 -0.000239907 0.982785 75.775 0 0 0 1.0002 
0.980902 0.0229388 -0.194551 -84.0895 -0.0238514 1.00008 -0.00235366 -0.292937 0.19443 0.00694614 0.981162 76.5146 0 0 0 1.0002 
0.97911 0.0203846 -0.203653 -84.2504 -0.0216907 1.00012 -0.00418911 -0.305806 0.203506 0.00851551 0.979307 77.2532 0 0 0 1.0002 
0.976846 0.0201437 -0.214271 -84.4219 -0.0209001 1.00015 -0.00127064 -0.32119 0.214186 0.00571709 0.977047 77.9914 0 0 0 1.0002 
0.974339 0.0199865 -0.225409 -84.6029 -0.0194053 1.00017 0.00479007 -0.328647 0.225448 -0.00029318 0.974528 78.7294 0 0 0 1.0002 
0.971509 0.0219182 -0.237109 -84.7923 -0.0195155 1.00009 0.0124756 -0.337182 0.237306 -0.00749044 0.971672 79.4566 0 0 0 1.0002 
0.968687 0.0225943 -0.248323 -84.9894 -0.0192277 1.00005 0.0159753 -0.346145 0.248594 -0.0106968 0.968815 80.181 0 0 0 1.0002 
0.965616 0.0257163 -0.25973 -85.1977 -0.0235559 1.00002 0.0114276 -0.354613 0.259922 -0.00491501 0.965887 80.8902 0 0 0 1.0002 
0.962343 0.0250299 -0.271677 -85.4113 -0.0253844 1.00004 0.00220726 -0.361243 0.271631 0.00477009 0.962663 81.59 0 0 0 1.0002 
0.958825 0.0224083 -0.284066 -85.6294 -0.0242138 1.00007 -0.00285053 -0.363741 0.283905 0.0096076 0.959079 82.2915 0 0 0 1.0002 
0.955192 0.0211908 -0.29613 -85.8568 -0.0215956 1.00013 0.00190071 -0.367562 0.296088 0.00457757 0.955422 83.0011 0 0 0 1.0002 
0.951593 0.0225502 -0.307403 -86.1003 -0.0207151 1.00011 0.00923037 -0.37823 0.307519 -0.00241508 0.951813 83.7169 0 0 0 1.0002 
0.947656 0.0224934 -0.319343 -86.3509 -0.0188634 1.00008 0.0144561 -0.38523 0.319565 -0.00767293 0.94781 84.4296 0 0 0 1.00021 
0.943391 0.0199814 -0.331902 -86.6063 -0.0168434 1.00015 0.0123282 -0.387963 0.332063 -0.006038 0.94352 85.1329 0 0 0 1.00021 
0.939353 0.0179702 -0.343279 -86.8709 -0.01629 1.00021 0.00777516 -0.392543 0.34335 -0.00171121 0.939489 85.8326 0 0 0 1.00021 
0.936113 0.0137826 -0.352208 -87.14 -0.0143929 1.00027 0.000880367 -0.40305 0.352171 0.00424337 0.936211 86.5242 0 0 0 1.00021 
0.93325 0.00966955 -0.359856 -87.4154 -0.0123126 1.00028 -0.00506099 -0.412462 0.359763 0.00915033 0.933283 87.2224 0 0 0 1.00021 
0.930407 0.00948733 -0.367144 -87.7025 -0.0129946 1.00026 -0.00709055 -0.424417 0.367024 0.0113636 0.930426 87.9259 0 0 0 1.00021 
0.927293 0.0145928 -0.374777 -88.0019 -0.018616 1.00017 -0.00712446 -0.441403 0.374586 0.013578 0.927378 88.6198 0 0 0 1.00021 
0.924077 0.0145627 -0.38264 -88.3012 -0.0177875 1.0002 -0.00489813 -0.457835 0.382491 0.011328 0.924176 89.3182 0 0 0 1.00021 
0.920762 0.015321 -0.390533 -88.6051 -0.0159778 1.00026 0.00156105 -0.465496 0.390486 0.00480045 0.920907 90.0226 0 0 0 1.00021 
0.917872 0.0172889 -0.397199 -88.917 -0.0146638 1.00024 0.00964214 -0.473338 0.397284 -0.00302487 0.918003 90.7286 0 0 0 1.00021 
0.91513 0.0272515 -0.402924 -89.2458 -0.0225045 1 0.0165127 -0.485671 0.403196 -0.00604188 0.915406 91.4256 0 0 0 1.00021 
0.912406 0.0340399 -0.40856 -89.5785 -0.0312056 0.999815 0.013604 -0.492062 0.408767 0.000336111 0.912955 92.111 0 0 0 1.00021 
0.909996 0.0303482 -0.414188 -89.899 -0.0306938 0.999907 0.00582057 -0.49516 0.414144 0.00741279 0.910498 92.7941 0 0 0 1.00021 
0.907902 0.0224527 -0.419253 -90.2183 -0.0255382 1.00007 -0.00175408 -0.500795 0.419057 0.0122943 0.908193 93.4854 0 0 0 1.00021 
0.906146 0.0230922 -0.423005 -90.5506 -0.0265817 1.00004 -0.00235743 -0.508825 0.422781 0.0133747 0.906453 94.1754 0 0 0 1.00021 
0.903939 0.029134 -0.427333 -90.8947 -0.030907 0.999914 0.00278496 -0.519705 0.427189 0.0106854 0.904419 94.865 0 0 0 1.00021 
0.901327 0.0314732 -0.432652 -91.2398 -0.0315002 0.999875 0.00710476 -0.531316 0.432631 0.00722145 0.901864 95.5645 0 0 0 1.00021 
0.898918 0.0278088 -0.437884 -91.5801 -0.0284224 0.999979 0.00515097 -0.545532 0.437826 0.00781177 0.899349 96.2576 0 0 0 1.00021 
0.89664 0.0259951 -0.442641 -91.9275 -0.0295595 0.999959 -0.00116016 -0.55724 0.442398 0.0141184 0.897032 96.9374 0 0 0 1.00021 
0.894366 0.0232012 -0.447375 -92.2812 -0.0298535 0.999922 -0.007832 -0.56712 0.446961 0.0203519 0.89465 97.622 0 0 0 1.00021 
0.891986 0.0238886 -0.452069 -92.6394 -0.0314183 0.999864 -0.00916381 -0.581875 0.451589 0.0223679 0.892276 98.3055 0 0 0 1.00021 
0.88993 0.0268815 -0.455939 -93.0022 -0.0326491 0.999856 -0.00478366 -0.600749 0.455544 0.019135 0.89034 98.9914 0 0 0 1.00021 
0.887783 0.0285116 -0.460006 -93.3675 -0.0334802 0.999837 -0.00265114 -0.617654 0.459652 0.0177471 0.888255 99.6744 0 0 0 1.00022 
0.885316 0.0294696 -0.464679 -93.7327 -0.0343126 0.999811 -0.00197298 -0.633945 0.464328 0.0176834 0.885821 100.353 0 0 0 1.00022 
0.883027 0.0275647 -0.469133 -94.0982 -0.032662 0.999865 -0.00273644 -0.65042 0.468787 0.0177316 0.88347 101.028 0 0 0 1.00022 
0.880862 0.0256062 -0.473299 -94.4644 -0.0308809 0.999922 -0.00338244 -0.665788 0.472965 0.0175878 0.881245 101.698 0 0 0 1.00022 
0.878638 0.0250823 -0.477449 -94.8332 -0.0300801 0.99995 -0.00283133 -0.681322 0.477142 0.0168422 0.879008 102.364 0 0 0 1.00022 
0.876331 0.0264366 -0.481598 -95.2061 -0.0314094 0.999912 -0.00227186 -0.696863 0.481281 0.0171102 0.876744 103.022 0 0 0 1.00022 
0.873955 0.0267552 -0.485878 -95.5822 -0.0318199 0.999899 -0.00218169 -0.714229 0.485554 0.0173598 0.87438 103.68 0 0 0 1.00022 
0.871531 0.0237431 -0.490365 -95.9544 -0.0307758 0.999913 -0.00628994 -0.731163 0.489956 0.0205646 0.87185 104.329 0 0 0 1.00022 
0.869173 0.0203365 -0.494686 -96.3249 -0.0295229 0.999912 -0.0107728 -0.751209 0.494204 0.023958 0.869362 104.972 0 0 0 1.00022 
0.867002 0.0187225 -0.498546 -96.7015 -0.0293085 0.999887 -0.0134259 -0.769448 0.498018 0.026241 0.867118 105.613 0 0 0 1.00022 
0.865037 0.0204888 -0.501875 -97.0801 -0.0293154 0.999928 -0.00971333 -0.785592 0.501419 0.0231054 0.865243 106.249 0 0 0 1.00022 
0.863184 0.0246419 -0.504877 -97.4585 -0.0291064 0.999984 -0.000962615 -0.802815 0.504622 0.0155193 0.863553 106.882 0 0 0 1.00022 
0.861662 0.0267504 -0.507369 -97.8316 -0.0260374 1.00004 0.0085 -0.81984 0.507388 0.00588343 0.862053 107.509 0 0 0 1.00022 
0.860075 0.0264808 -0.510073 -98.1989 -0.0229197 1.00006 0.0132656 -0.833015 0.510227 0.00028054 0.860398 108.122 0 0 0 1.00022 
0.858421 0.0232946 -0.513009 -98.556 -0.0195999 1.00014 0.0126112 -0.840342 0.513146 -0.000770969 0.858663 108.716 0 0 0 1.00023 
0.856604 0.0214042 -0.516111 -98.9115 -0.0195216 1.00018 0.00907245 -0.848615 0.516168 0.00230241 0.856842 109.295 0 0 0 1.00023 
0.854968 0.0193861 -0.518898 -99.2608 -0.0189151 1.00021 0.00619614 -0.856824 0.518897 0.00451521 0.855185 109.857 0 0 0 1.00023 
0.853431 0.017711 -0.521503 -99.6038 -0.017667 1.00024 0.00505222 -0.866672 0.521478 0.00489919 0.853635 110.409 0 0 0 1.00025 
0.852119 0.0161344 -0.523697 -99.9354 -0.0160495 1.00027 0.00469669 -0.876589 0.523672 0.00440073 0.852294 110.942 0 0 0 1.00025 
0.850718 0.0166573 -0.525952 -100.26 -0.015996 1.00027 0.00580022 -0.889683 0.525945 0.00347691 0.850896 111.457 0 0 0 1.00025 
0.849467 0.0165867 -0.527977 -100.575 -0.0149455 1.00028 0.00737247 -0.901217 0.528 0.0016271 0.849632 111.956 0 0 0 1.00025 
0.848012 0.0151653 -0.530356 -100.876 -0.0129397 1.0003 0.00790752 -0.91142 0.530388 0.000156492 0.848146 112.435 0 0 0 1.00025 
0.846591 0.0136968 -0.532661 -101.165 -0.0110549 1.00032 0.0081464 -0.921056 0.532696 -0.00100812 0.846698 112.896 0 0 0 1.00025 
0.845407 0.0126687 -0.534634 -101.445 -0.010467 1.00037 0.00714822 -0.930991 0.534654 -0.000447275 0.845508 113.332 0 0 0 1.00025 
0.844165 0.0127128 -0.536593 -101.718 -0.0126787 1.00036 0.00374883 -0.941984 0.536566 0.00363681 0.844288 113.744 0 0 0 1.00025 
0.842607 0.010156 -0.539077 -101.978 -0.0122869 1.00036 -0.000363908 -0.950779 0.539005 0.00692708 0.842704 114.139 0 0 0 1.00025 
0.840282 0.00632582 -0.54275 -102.225 -0.00919828 1.00039 -0.00258616 -0.957651 0.542682 0.0071624 0.840338 114.521 0 0 0 1.00025 
0.83754 0.00231472 -0.547006 -102.461 -0.00427813 1.00043 -0.00232205 -0.963624 0.546968 0.00428327 0.837576 114.887 0 0 0 1.00025 
0.83413 0.00341392 -0.552189 -102.695 -0.00468945 1.00043 -0.000903678 -0.970407 0.552153 0.00334189 0.834172 115.23 0 0 0 1.00025 
0.830316 0.00708285 -0.557872 -102.926 -0.00791421 1.00041 0.000917152 -0.978083 0.557834 0.00365195 0.830382 115.553 0 0 0 1.00026 
0.82661 0.0130885 -0.563245 -103.15 -0.0121309 1.00035 0.00543784 -0.985471 0.56324 0.00233636 0.826733 115.859 0 0 0 1.00026 
0.822631 0.0185199 -0.568893 -103.364 -0.0139434 1.00027 0.0123958 -0.991376 0.568998 -0.00226446 0.822782 116.15 0 0 0 1.00026 
0.817788 0.0202116 -0.575702 -103.562 -0.013152 1.0002 0.0164262 -0.996261 0.575884 -0.0058597 0.817905 116.424 0 0 0 1.00026 
0.812333 0.0174678 -0.58347 -103.749 -0.00888417 1.00023 0.0175698 -0.999467 0.583642 -0.00908568 0.812363 116.681 0 0 0 1.00026 
0.805351 0.0154315 -0.593118 -103.93 -0.0056029 1.00023 0.0184101 -1.00118 0.593271 -0.0114992 0.805321 116.92 0 0 0 1.00026 
0.796599 0.0140171 -0.604855 -104.107 -0.00273027 1.00022 0.019578 -1.0038 0.604991 -0.0139392 0.796514 117.142 0 0 0 1.00026 
0.786298 0.0145655 -0.618179 -104.282 -0.00243381 1.00021 0.0204657 -1.00708 0.618326 -0.0145821 0.786199 117.344 0 0 0 1.00026 
