1 0 0 -0 0 1 0 -0 0 0 1 -0 0 0 0 1 
0.999018 -0.000368861 0.0437261 -0.0471725 0.000476598 0.999973 -0.00245336 -0.0149422 -0.0437251 0.00247186 0.999014 1.02535 0 0 0 1 
0.996015 -0.00472393 0.0887702 -0.047164 0.00539355 0.999935 -0.007305 -0.0269964 -0.0887324 0.00775487 0.995999 2.05343 0 0 0 1 
0.990916 -0.00405284 0.134223 -0.00532476 0.0056023 0.999898 -0.0111681 -0.0438524 -0.134167 0.0118189 0.990862 3.06909 0 0 0 1 
0.983638 -0.00155937 0.180258 0.080395 0.00407994 0.999921 -0.0136136 -0.06801 -0.180219 0.014126 0.983544 4.08621 0 0 0 1 
0.974136 -0.00396922 0.226001 0.215974 0.00722715 0.999901 -0.0135903 -0.0972071 -0.225921 0.0148719 0.974048 5.11371 0 0 0 1 
0.962522 -0.00454031 0.271217 0.39626 0.00891189 0.999866 -0.0148893 -0.124395 -0.271109 0.016748 0.962416 6.14398 0 0 0 1 
0.949111 -0.00711381 0.314906 0.630451 0.0132841 0.999777 -0.0174524 -0.154189 -0.314707 0.0207472 0.948976 7.13205 0 0 0 1 
0.934113 -0.00885358 0.357035 0.913826 0.0168223 0.999736 -0.0192214 -0.183853 -0.356748 0.0239596 0.933956 8.1193 0 0 0 1 
0.916882 -0.00869308 0.399216 1.2331 0.0181513 0.999699 -0.0199194 -0.217346 -0.398898 0.0255083 0.916705 9.08507 0 0 0 1 
0.897404 -0.00915142 0.441255 1.59463 0.0193045 0.999704 -0.0185272 -0.255229 -0.440927 0.0251429 0.897258 10.0412 0 0 0 1 
0.875543 -0.0086707 0.483193 1.99268 0.0196216 0.999715 -0.0176147 -0.293342 -0.482873 0.0249018 0.875407 10.9782 0 0 0 1 
0.851608 -0.00884667 0.524223 2.43535 0.0205124 0.999715 -0.0164516 -0.329251 -0.523896 0.0247617 0.851493 11.8981 0 0 0 1 
0.82605 -0.00920284 0.563632 2.91916 0.0223263 0.999677 -0.0163985 -0.365079 -0.563264 0.026128 0.825937 12.7848 0 0 0 1 
0.798844 -0.0109161 0.601542 3.449 0.025732 0.999602 -0.0160322 -0.398224 -0.60109 0.0282842 0.798756 13.6444 0 0 0 1 
0.770238 -0.00996632 0.637775 4.01291 0.0265813 0.999572 -0.0164821 -0.432558 -0.637299 0.0296461 0.770125 14.4709 0 0 0 1 
0.739751 -0.0131802 0.67284 4.61564 0.0315623 0.999447 -0.015123 -0.466118 -0.672228 0.0324216 0.739712 15.2647 0 0 0 1 
0.707738 -0.0121569 0.706455 5.24767 0.03173 0.999449 -0.0145888 -0.498885 -0.705847 0.0327388 0.70769 16.0277 0 0 0 1 
0.673595 -0.0108701 0.739096 5.91225 0.0330456 0.99939 -0.0154187 -0.528574 -0.738436 0.0348078 0.673504 16.7637 0 0 0 1 
0.638003 -0.0118698 0.770011 6.61634 0.0375265 0.999225 -0.0156899 -0.555592 -0.769187 0.0389039 0.637918 17.4695 0 0 0 1 
0.601295 -0.00983985 0.799029 7.34398 0.0373708 0.999227 -0.0158175 -0.584183 -0.798215 0.0393693 0.601165 18.1389 0 0 0 1 
0.56366 -0.00859594 0.826021 8.10804 0.0404372 0.999083 -0.0171966 -0.612513 -0.825074 0.0430928 0.563461 18.767 0 0 0 1 
0.525 -0.00690343 0.851131 8.90199 0.0451338 0.998834 -0.0197383 -0.6371 -0.84996 0.0487749 0.524673 19.3594 0 0 0 1 
0.486246 -0.00576509 0.873863 9.72044 0.0467506 0.99877 -0.0194245 -0.664505 -0.872629 0.0502959 0.485891 19.9164 0 0 0 1 
0.447821 -0.00734875 0.894147 10.581 0.0517319 0.998552 -0.0177024 -0.695935 -0.892678 0.0541807 0.44753 20.4416 0 0 0 1 
0.410991 -0.00792219 0.911652 11.4823 0.0557071 0.998354 -0.0164383 -0.726542 -0.909981 0.0575389 0.410737 20.9282 0 0 0 1 
0.375905 -0.0054121 0.926688 12.4057 0.0573575 0.998244 -0.0174367 -0.74787 -0.924926 0.0597044 0.375539 21.3836 0 0 0 1 
0.342721 -0.00612114 0.939462 13.3606 0.0579879 0.998251 -0.0146501 -0.776166 -0.937688 0.0594956 0.342461 21.8015 0 0 0 1 
0.309618 -0.00770999 0.95085 14.3681 0.060304 0.998133 -0.011543 -0.808374 -0.948965 0.0609127 0.309498 22.1933 0 0 0 1 
0.277017 -0.00759248 0.960853 15.3528 0.0609542 0.998111 -0.00968647 -0.8338 -0.958946 0.0612502 0.276951 22.5431 0 0 0 1 
0.245084 -0.00447939 0.969511 16.3586 0.0583975 0.998262 -0.0101502 -0.850719 -0.96776 0.0591034 0.244914 22.8655 0 0 0 1 
0.214538 -0.00281338 0.976731 17.4417 0.0583502 0.998267 -0.00994121 -0.865967 -0.97499 0.059124 0.214326 23.1666 0 0 0 1 
0.18448 -0.00248182 0.982878 18.5879 0.0604235 0.998178 -0.0088207 -0.881281 -0.981021 0.0610134 0.184285 23.4457 0 0 0 1 
0.154012 -0.00252648 0.98811 19.7225 0.0621815 0.998081 -0.00713997 -0.895214 -0.986153 0.0625388 0.153866 23.7034 0 0 0 1 
0.124107 -0.00310491 0.992307 20.8458 0.0609078 0.998175 -0.00449444 -0.914254 -0.99044 0.0609942 0.124064 23.9115 0 0 0 1 
0.0950819 -0.00334417 0.995506 22.0777 0.0615447 0.998143 -0.0025252 -0.928783 -0.993607 0.0615054 0.0951067 24.08 0 0 0 1 
0.0685838 -0.00303182 0.997686 23.2331 0.064462 0.997963 -0.00139866 -0.938222 -0.995604 0.0644056 0.0686361 24.2077 0 0 0 1 
0.0438451 -0.00250978 0.99908 24.5364 0.0686921 0.99768 -0.000508343 -0.950582 -0.996718 0.0686478 0.0439135 24.286 0 0 0 1 
0.0215399 -0.00200343 0.999802 25.8139 0.0730601 0.997363 0.000424508 -0.958399 -0.997131 0.0730336 0.0216283 24.3402 0 0 0 1 
0.00158571 -0.00210636 1.00003 27.1131 0.078896 0.996915 0.00197467 -0.967818 -0.996917 0.0788923 0.00174661 24.3632 0 0 0 1 
-0.015788 -0.00276266 0.999917 28.4196 0.083258 0.996563 0.00406796 -0.977171 -0.996447 0.0833113 -0.0155034 24.362 0 0 0 1 
-0.0310537 -0.00272096 0.999559 29.7205 0.0864063 0.996288 0.00539646 -0.982868 -0.99582 0.0865316 -0.0307023 24.3408 0 0 0 1 
-0.0453067 -0.00335818 0.999011 31.0206 0.0887761 0.996066 0.00737439 -0.989934 -0.995063 0.0890183 -0.0448287 24.3061 0 0 0 1 
-0.0584027 -0.00443955 0.99833 32.3165 0.0889677 0.996032 0.00963397 -0.99628 -0.994367 0.0893773 -0.0577737 24.2544 0 0 0 1 
-0.0704369 -0.00430783 0.997554 33.6097 0.0888 0.996037 0.0105714 -0.998306 -0.993602 0.0893229 -0.0697725 24.1874 0 0 0 1 
-0.0815089 -0.00145214 0.996715 34.8957 0.0889863 0.996034 0.00872822 -0.990226 -0.992734 0.0894011 -0.0810534 24.1092 0 0 0 1 
-0.0916139 0.00196846 0.995839 36.2056 0.0894522 0.996014 0.00626048 -0.980837 -0.991814 0.089649 -0.0914211 24.0122 0 0 0 1 
-0.100836 0.00450082 0.994941 37.5204 0.0906139 0.995919 0.0046784 -0.973461 -0.990814 0.0906225 -0.100829 23.8997 0 0 0 1 
-0.108178 0.00553929 0.994168 38.8494 0.0903149 0.995951 0.00427814 -0.970099 -0.990071 0.0902459 -0.108235 23.7737 0 0 0 1 
-0.113943 0.00619894 0.993522 40.1971 0.0900265 0.99598 0.00411044 -0.967429 -0.989453 0.0899064 -0.114037 23.636 0 0 0 1 
-0.118924 0.00780331 0.992923 41.5512 0.0910851 0.995883 0.00308282 -0.963616 -0.988766 0.0908021 -0.11914 23.4871 0 0 0 1 
-0.123288 0.00942109 0.992375 42.9165 0.0900854 0.995976 0.00173648 -0.959344 -0.988322 0.0896077 -0.123635 23.3301 0 0 0 1 
-0.127329 0.0102871 0.991858 44.3051 0.090553 0.995935 0.00129522 -0.95942 -0.987768 0.0899755 -0.127737 23.1634 0 0 0 1 
-0.130116 0.00917404 0.991511 45.7119 0.0902669 0.995959 0.0026304 -0.96422 -0.987435 0.089837 -0.130413 22.9853 0 0 0 1 
-0.132327 0.00720282 0.991235 47.1305 0.0909009 0.995893 0.00489823 -0.970244 -0.987084 0.0907465 -0.132433 22.8004 0 0 0 1 
-0.134377 0.00600187 0.990968 48.5738 0.0907225 0.995903 0.00627028 -0.970168 -0.986824 0.0907398 -0.134365 22.6107 0 0 0 1 
-0.136317 0.00688219 0.990697 50.0325 0.0933931 0.995658 0.00593381 -0.963451 -0.986309 0.0933271 -0.136361 22.4127 0 0 0 1 
-0.137162 0.00662938 0.990582 51.5024 0.0931282 0.995681 0.00623144 -0.958026 -0.986216 0.0930999 -0.13718 22.2112 0 0 0 1 
-0.137629 0.00800059 0.990506 52.9874 0.0950449 0.995505 0.0051652 -0.949017 -0.985967 0.0948475 -0.137764 22.0026 0 0 0 1 
-0.137472 0.00829216 0.990525 54.4907 0.0948801 0.995522 0.00483399 -0.943264 -0.986004 0.0946398 -0.137637 21.7914 0 0 0 1 
-0.13667 0.00967448 0.990621 56.022 0.0947594 0.995537 0.00335074 -0.937565 -0.986125 0.094323 -0.136971 21.5771 0 0 0 1 
-0.135315 0.00953177 0.990809 57.5662 0.0952612 0.995489 0.00343292 -0.93674 -0.986264 0.0948444 -0.135607 21.3588 0 0 0 1 
-0.133791 0.00849191 0.991025 59.1276 0.0944794 0.99556 0.00422405 -0.937546 -0.986547 0.0941909 -0.133993 21.1395 0 0 0 1 
-0.132374 0.00933252 0.991206 60.7246 0.0956592 0.99545 0.00340252 -0.933071 -0.986623 0.0952628 -0.132659 20.917 0 0 0 1 
-0.131082 0.0100494 0.991373 62.3376 0.0955869 0.995461 0.0025478 -0.928305 -0.986804 0.0950905 -0.131442 20.6967 0 0 0 1 
-0.130011 0.0107024 0.991502 63.9599 0.0966987 0.995352 0.0019355 -0.925355 -0.986834 0.0961233 -0.130436 20.4769 0 0 0 1 
-0.128733 0.0106306 0.991674 65.6246 0.096527 0.995372 0.00186022 -0.925098 -0.987022 0.0959572 -0.129158 20.2518 0 0 0 1 
-0.127708 0.00900291 0.991821 67.3039 0.0983186 0.995191 0.00362606 -0.93175 -0.986977 0.097972 -0.127974 20.0268 0 0 0 1 
-0.126816 0.00712014 0.99195 68.9887 0.0999964 0.995013 0.00564187 -0.937713 -0.986922 0.0999014 -0.126891 19.8017 0 0 0 1 
-0.125772 0.00820039 0.992075 70.6856 0.101552 0.994861 0.00465092 -0.934869 -0.986897 0.101326 -0.125954 19.576 0 0 0 1 
-0.12467 0.0100973 0.992196 72.4028 0.103689 0.994647 0.00290623 -0.928674 -0.986814 0.103237 -0.125044 19.3471 0 0 0 1 
-0.123805 0.00978008 0.992303 74.1261 0.102966 0.994717 0.0030427 -0.931832 -0.986995 0.102545 -0.124154 19.1256 0 0 0 1 
-0.123403 0.00964626 0.992355 75.859 0.103507 0.994662 0.0032027 -0.935636 -0.986989 0.103105 -0.123738 18.9036 0 0 0 1 
-0.12294 0.00861476 0.992424 77.6062 0.103424 0.994669 0.00417761 -0.940538 -0.987058 0.103148 -0.12317 18.6806 0 0 0 1 
-0.122439 0.00891827 0.992483 79.3764 0.105045 0.9945 0.00402248 -0.939102 -0.986949 0.104742 -0.122697 18.4525 0 0 0 1 
-0.122145 0.00883884 0.992519 81.1735 0.106188 0.994376 0.00421268 -0.937989 -0.986861 0.105903 -0.122392 18.2223 0 0 0 1 
-0.121927 0.0099581 0.992534 82.9671 0.106697 0.994325 0.00313098 -0.934475 -0.986832 0.106277 -0.122293 17.9953 0 0 0 1 
-0.122266 0.0107642 0.992484 84.7771 0.10623 0.994377 0.00230187 -0.933038 -0.98684 0.105708 -0.122718 17.7684 0 0 0 1 
-0.123204 0.011533 0.99236 86.6011 0.105545 0.994452 0.0015462 -0.935639 -0.986798 0.104924 -0.123733 17.5428 0 0 0 1 
-0.124185 0.0121948 0.99223 88.4508 0.10488 0.994524 0.000903459 -0.939165 -0.986746 0.104172 -0.124779 17.3094 0 0 0 1 
-0.125016 0.011423 0.992138 90.2908 0.103881 0.994631 0.00163793 -0.947655 -0.986751 0.103263 -0.125527 17.0772 0 0 0 1 
-0.125786 0.01119 0.992043 92.1461 0.103938 0.994624 0.00195957 -0.953749 -0.986646 0.103351 -0.126267 16.842 0 0 0 1 
-0.126068 0.0102746 0.992016 94.0053 0.101617 0.994861 0.00260958 -0.959415 -0.986851 0.101129 -0.126459 16.6082 0 0 0 1 
-0.127578 0.0113286 0.991814 95.8717 0.10156 0.99487 0.00170018 -0.958972 -0.986664 0.10094 -0.128069 16.3752 0 0 0 1 
-0.130127 0.0122344 0.991469 97.7478 0.100438 0.994983 0.000904383 -0.960291 -0.986444 0.0996936 -0.130698 16.1415 0 0 0 1 
-0.133944 0.0132363 0.990947 99.66 0.101114 0.994915 0.000377967 -0.964346 -0.985863 0.100244 -0.134596 15.8999 0 0 0 1 
-0.138472 0.0123816 0.990336 101.546 0.099201 0.995106 0.00142935 -0.97722 -0.985432 0.0984351 -0.139017 15.6609 0 0 0 1 
-0.143226 0.0116919 0.989665 103.461 0.0977989 0.99524 0.00239577 -0.990538 -0.98489 0.0971265 -0.143682 15.4093 0 0 0 1 
-0.147676 0.0125281 0.989001 105.377 0.0966566 0.995354 0.00182397 -0.998724 -0.984346 0.095858 -0.148196 15.1474 0 0 0 1 
-0.152191 0.0144115 0.98829 107.282 0.0973302 0.995288 0.000474588 -1.00454 -0.98359 0.096258 -0.152871 14.8776 0 0 0 1 
-0.156775 0.0162194 0.987544 109.208 0.0970246 0.995317 -0.000944237 -1.01175 -0.9829 0.0956634 -0.157609 14.5973 0 0 0 1 
-0.161423 0.0165493 0.986788 111.16 0.0958123 0.995433 -0.00102099 -1.02632 -0.982265 0.0943771 -0.162266 14.3036 0 0 0 1 
-0.166396 0.0163976 0.985966 113.095 0.0941157 0.995597 -0.000674431 -1.04368 -0.9816 0.0926781 -0.167201 14.006 0 0 0 1 
-0.171809 0.0158503 0.985045 115.07 0.0923945 0.995757 9.25061e-05 -1.06078 -0.98083 0.0910242 -0.172539 13.694 0 0 0 1 
-0.177254 0.0153211 0.984088 117.057 0.0917154 0.995819 0.00101594 -1.078 -0.979924 0.0904317 -0.177912 13.3681 0 0 0 1 
-0.182681 0.0151133 0.983099 119.04 0.0919399 0.995798 0.00177575 -1.09355 -0.978907 0.0907059 -0.183296 13.0315 0 0 0 1 
-0.188125 0.0167291 0.982045 121.031 0.0926625 0.995731 0.000788505 -1.10276 -0.977805 0.0911426 -0.188866 12.683 0 0 0 1 
-0.193764 0.0178045 0.98093 123.01 0.0923712 0.995759 0.000172391 -1.11342 -0.976732 0.0906385 -0.19458 12.3264 0 0 0 1 
-0.1996 0.0178175 0.979759 125.007 0.0929472 0.995705 0.000827917 -1.12882 -0.975502 0.0912264 -0.200392 11.9541 0 0 0 1 
-0.205081 0.0178229 0.978624 126.997 0.0922045 0.995772 0.00118714 -1.14306 -0.974433 0.0904726 -0.205851 11.572 0 0 0 1 
-0.210286 0.0187071 0.977501 128.989 0.0917495 0.995813 0.000680041 -1.15304 -0.973365 0.089824 -0.211115 11.1745 0 0 0 1 
-0.215348 0.01938 0.976386 130.996 0.0909682 0.995885 0.000296522 -1.16275 -0.972331 0.0888796 -0.216219 10.7662 0 0 0 1 
-0.219612 0.0188537 0.975445 132.995 0.0923612 0.995755 0.00154785 -1.17669 -0.971245 0.0904289 -0.220415 10.3394 0 0 0 1 
-0.223661 0.0188241 0.974527 135.001 0.0946542 0.995539 0.00249379 -1.18947 -0.9701 0.0927963 -0.224438 9.90313 0 0 0 1 
-0.227013 0.0195828 0.973736 137.021 0.0959577 0.995414 0.00235232 -1.19808 -0.969193 0.093967 -0.227844 9.44788 0 0 0 1 
-0.229985 0.020253 0.973024 139.041 0.0965218 0.99536 0.00209594 -1.20659 -0.968436 0.0943957 -0.230865 8.98555 0 0 0 1 
-0.233254 0.0200971 0.972247 141.064 0.0956941 0.995437 0.00238158 -1.21832 -0.967733 0.0935896 -0.234106 8.5202 0 0 0 1 
-0.237071 0.0206846 0.97131 143.109 0.0944776 0.995554 0.00185852 -1.22735 -0.966924 0.0922035 -0.237965 8.04736 0 0 0 1 
-0.241333 0.0214367 0.970267 145.152 0.0933951 0.99568 0.0012318 -1.23559 -0.965998 0.0909094 -0.24228 7.57035 0 0 0 1 
-0.245885 0.0210537 0.969129 147.191 0.0925659 0.995755 0.0018534 -1.25213 -0.964927 0.0901582 -0.246778 7.08536 0 0 0 1 
-0.250288 0.0216287 0.967989 149.242 0.0930453 0.99571 0.00181007 -1.26612 -0.963749 0.0905141 -0.251214 6.5823 0 0 0 1 
-0.254782 0.0221763 0.966805 151.301 0.0928278 0.995733 0.00162298 -1.27947 -0.962595 0.0901539 -0.25574 6.06987 0 0 0 1 
-0.259414 0.0220846 0.965574 153.368 0.0921867 0.995792 0.00199121 -1.29473 -0.961418 0.0895237 -0.260344 5.54873 0 0 0 1 
-0.263947 0.0215158 0.964406 155.435 0.0922012 0.995834 0.00301742 -1.31194 -0.96023 0.0897056 -0.264805 5.01602 0 0 0 1 
-0.2682 0.0215109 0.963231 157.525 0.0928137 0.995774 0.00360502 -1.32686 -0.958992 0.0903577 -0.269036 4.46564 0 0 0 1 
-0.272414 0.022309 0.962029 159.606 0.0940252 0.99566 0.00353574 -1.33814 -0.957684 0.0914078 -0.273303 3.90825 0 0 0 1 
-0.276228 0.0235462 0.960913 161.697 0.0944881 0.99562 0.00276511 -1.34478 -0.956547 0.0915482 -0.277215 3.33681 0 0 0 1 
-0.279875 0.0251333 0.959818 163.786 0.094626 0.995611 0.00152144 -1.3528 -0.955474 0.091239 -0.280997 2.75696 0 0 0 1 
-0.283479 0.0263862 0.958775 165.863 0.0956438 0.995561 0.000880077 -1.36198 -0.954358 0.0919354 -0.284703 2.1699 0 0 0 1 
-0.287081 0.0272101 0.957681 167.971 0.0955248 0.995574 0.000348239 -1.37527 -0.953294 0.0915673 -0.288367 1.5668 0 0 0 1 
-0.290881 0.0272673 0.956531 170.089 0.0958588 0.995541 0.000771112 -1.39264 -0.952107 0.0919013 -0.292155 0.95189 0 0 0 1 
-0.295069 0.0274199 0.95524 172.208 0.0957614 0.995547 0.0010032 -1.40969 -0.950824 0.0917565 -0.296339 0.327508 0 0 0 1 
-0.298951 0.0282516 0.954007 174.338 0.0981177 0.995316 0.00127134 -1.42606 -0.94937 0.0939701 -0.30028 -0.312397 0 0 0 1 
-0.302483 0.0286681 0.952878 176.44 0.100441 0.99508 0.00194611 -1.44185 -0.948004 0.0962814 -0.303832 -0.955563 0 0 0 1 
-0.305382 0.028354 0.95196 178.568 0.101468 0.994971 0.00291472 -1.45863 -0.946963 0.0974682 -0.306681 -1.61733 0 0 0 1 
-0.308295 0.0278628 0.951034 180.703 0.101271 0.994988 0.00367797 -1.47339 -0.946038 0.0974309 -0.309529 -2.2907 0 0 0 1 
-0.311127 0.0285803 0.950091 182.81 0.100704 0.995048 0.00304467 -1.48125 -0.945173 0.0966104 -0.312421 -2.96184 0 0 0 1 
-0.314299 0.0305113 0.948985 184.928 0.100086 0.995113 0.00115326 -1.48661 -0.944187 0.095328 -0.315773 -3.63687 0 0 0 1 
-0.317802 0.0323637 0.947755 187.055 0.0997494 0.995147 -0.000534173 -1.49524 -0.943049 0.0943538 -0.319445 -4.32063 0 0 0 1 
-0.321415 0.0334503 0.946472 189.193 0.0990393 0.995192 -0.00153949 -1.51013 -0.941872 0.0932311 -0.323147 -5.01548 0 0 0 1 
-0.324945 0.0342737 0.945235 191.342 0.0975542 0.995335 -0.00255428 -1.52739 -0.940813 0.09137 -0.326737 -5.72563 0 0 0 1 
-0.328783 0.0346601 0.943892 193.466 0.0984702 0.995245 -0.00224622 -1.55185 -0.939383 0.092195 -0.330597 -6.43792 0 0 0 1 
-0.332314 0.0337772 0.942687 195.617 0.0980477 0.995289 -0.00109873 -1.57967 -0.938184 0.0920514 -0.334024 -7.17131 0 0 0 1 
-0.336264 0.0332345 0.941309 197.753 0.0980553 0.995292 -0.000112548 -1.60421 -0.93678 0.0922503 -0.337902 -7.90337 0 0 0 1 
-0.34039 0.0331969 0.939823 199.932 0.0982412 0.995271 0.000425642 -1.6254 -0.935266 0.0924623 -0.342004 -8.66085 0 0 0 1 
-0.344208 0.0333322 0.938429 202.123 0.0973542 0.995359 0.000353934 -1.64425 -0.933962 0.0914698 -0.345817 -9.43183 0 0 0 1 
-0.348113 0.0339871 0.936968 204.297 0.0967033 0.995426 -0.000179815 -1.66233 -0.932586 0.0905328 -0.349768 -10.2054 0 0 0 1 
-0.351445 0.0347146 0.935679 206.467 0.0969665 0.995378 -0.00050944 -1.68378 -0.931291 0.090539 -0.353154 -10.9919 0 0 0 1 
-0.354345 0.0353394 0.934558 208.626 0.097788 0.995294 -0.000559907 -1.70706 -0.930102 0.0911788 -0.356102 -11.7846 0 0 0 1 
-0.357088 0.0351082 0.933521 210.797 0.0989584 0.995177 0.000425282 -1.73394 -0.928927 0.0925202 -0.358809 -12.5925 0 0 0 1 
-0.359892 0.0346561 0.932461 212.97 0.10036 0.995036 0.00175226 -1.75969 -0.927695 0.0942012 -0.361552 -13.409 0 0 0 1 
-0.362517 0.0354544 0.931412 215.169 0.10165 0.994903 0.00169121 -1.77662 -0.92653 0.0952798 -0.364242 -14.2471 0 0 0 1 
-0.365186 0.0363087 0.930336 217.348 0.101698 0.994899 0.00109039 -1.79288 -0.925476 0.0950003 -0.366985 -15.0819 0 0 0 1 
-0.368082 0.0365803 0.929181 219.518 0.10134 0.994933 0.000974561 -1.81365 -0.924365 0.0945108 -0.369893 -15.9171 0 0 0 1 
-0.370954 0.0378393 0.927987 221.719 0.10121 0.994946 -0.000113195 -1.83217 -0.92323 0.093868 -0.372878 -16.7741 0 0 0 1 
-0.373932 0.0390091 0.926741 223.914 0.101089 0.994957 -0.00109282 -1.8529 -0.92204 0.0932641 -0.375959 -17.6348 0 0 0 1 
-0.376692 0.0389496 0.925625 226.102 0.0988687 0.995179 -0.00164193 -1.87797 -0.921157 0.090886 -0.378695 -18.4989 0 0 0 1 
-0.379886 0.0398667 0.924279 228.288 0.099742 0.995091 -0.00192744 -1.90585 -0.91975 0.0914463 -0.381966 -19.3704 0 0 0 1 
-0.382699 0.0394564 0.923133 230.465 0.101363 0.994926 -0.000504417 -1.94105 -0.918402 0.0933679 -0.384726 -20.2514 0 0 0 1 
-0.385304 0.0385754 0.922084 232.667 0.10188 0.99487 0.000950229 -1.97277 -0.917252 0.0942973 -0.387228 -21.1522 0 0 0 1 
-0.388791 0.0382112 0.920643 234.811 0.101151 0.994951 0.00141966 -1.99628 -0.91587 0.0936641 -0.390661 -22.0257 0 0 0 1 
-0.392297 0.0385979 0.919094 236.923 0.0999107 0.995036 0.000856489 -2.0148 -0.914466 0.0921557 -0.394189 -22.8921 0 0 0 1 
-0.395795 0.0379161 0.917621 239.121 0.0984445 0.995181 0.00133955 -2.03907 -0.913116 0.0908573 -0.397603 -23.8102 0 0 0 1 
-0.399544 0.0373816 0.916024 241.288 0.0977197 0.995257 0.00200624 -2.06371 -0.911567 0.0903069 -0.401283 -24.7211 0 0 0 1 
-0.403188 0.0376676 0.914411 243.46 0.0973358 0.995292 0.00191718 -2.08447 -0.91 0.08977 -0.404938 -25.6465 0 0 0 1 
-0.406893 0.0373773 0.912781 245.641 0.09681 0.995342 0.00239565 -2.10706 -0.908407 0.0893329 -0.408598 -26.587 0 0 0 1 
-0.411144 0.0368193 0.910894 247.789 0.0959053 0.995425 0.00305043 -2.1302 -0.906584 0.0886058 -0.412776 -27.5157 0 0 0 1 
-0.415144 0.0367475 0.909077 249.938 0.0951379 0.995495 0.00320387 -2.14977 -0.904836 0.0878102 -0.416754 -28.4573 0 0 0 1 
-0.41908 0.0375049 0.907236 252.08 0.095305 0.995477 0.00287001 -2.16892 -0.903 0.0876594 -0.420744 -29.4118 0 0 0 1 
-0.42256 0.0378615 0.905609 254.246 0.0957338 0.995438 0.00305097 -2.19066 -0.901335 0.0879789 -0.42424 -30.3922 0 0 0 1 
-0.426318 0.0377141 0.903848 256.392 0.0955075 0.995454 0.00350997 -2.21262 -0.899583 0.0878132 -0.427967 -31.3713 0 0 0 1 
-0.430035 0.0380122 0.902071 258.525 0.0942627 0.995574 0.00298298 -2.22872 -0.897942 0.0863072 -0.431701 -32.3533 0 0 0 1 
-0.433747 0.0383183 0.900277 260.701 0.0948217 0.995517 0.0033108 -2.24683 -0.896094 0.0867948 -0.435423 -33.3681 0 0 0 1 
-0.437196 0.038863 0.898538 262.871 0.0953488 0.995416 0.00333864 -2.26195 -0.894304 0.0871305 -0.438911 -34.3913 0 0 0 1 
-0.440764 0.0400169 0.896742 265.031 0.0966391 0.995292 0.00308351 -2.27623 -0.892412 0.0880158 -0.44257 -35.4205 0 0 0 1 
-0.444004 0.0419616 0.895036 267.199 0.0987808 0.99507 0.00235061 -2.29013 -0.890541 0.0894545 -0.445985 -36.4687 0 0 0 1 
-0.447089 0.0427392 0.893455 269.334 0.10006 0.994936 0.00247627 -2.30789 -0.888846 0.0905051 -0.449129 -37.5072 0 0 0 1 
-0.450116 0.0448786 0.891826 271.479 0.101956 0.994743 0.0014006 -2.31906 -0.887099 0.0915571 -0.452354 -38.5612 0 0 0 1 
-0.452942 0.0473809 0.890266 273.623 0.103809 0.994553 -0.000116686 -2.32796 -0.885446 0.0923639 -0.455422 -39.6242 0 0 0 1 
-0.455989 0.0480149 0.888672 275.787 0.104877 0.994438 8.3456e-05 -2.34446 -0.883751 0.0932383 -0.458519 -40.707 0 0 0 1 
-0.45934 0.0491381 0.886883 277.952 0.105254 0.994397 -0.000581602 -2.35532 -0.881968 0.0930803 -0.46197 -41.797 0 0 0 1 
-0.46257 0.0491085 0.885204 280.156 0.104521 0.994474 -0.000552629 -2.37057 -0.880366 0.0922665 -0.465178 -42.919 0 0 0 1 
-0.466007 0.050383 0.883327 282.345 0.105597 0.99436 -0.00100789 -2.38485 -0.878422 0.0928066 -0.46873 -44.0414 0 0 0 1 
-0.469419 0.0507073 0.881501 284.52 0.104851 0.994438 -0.00136912 -2.40141 -0.876694 0.0917827 -0.472156 -45.1633 0 0 0 1 
-0.472473 0.0505059 0.879879 286.693 0.103305 0.994599 -0.00161964 -2.419 -0.875235 0.0901296 -0.475171 -46.2953 0 0 0 1 
-0.475244 0.0510735 0.878352 288.873 0.104845 0.994438 -0.00109628 -2.43962 -0.87355 0.0915693 -0.477988 -47.4466 0 0 0 1 
-0.47749 0.0511114 0.87713 291.074 0.10634 0.994279 -4.95502e-05 -2.46077 -0.872142 0.0932495 -0.480227 -48.6229 0 0 0 1 
-0.479687 0.0513507 0.87592 293.275 0.10754 0.994152 0.000610389 -2.47842 -0.870792 0.0944887 -0.482436 -49.8073 0 0 0 1 
-0.482127 0.0512014 0.874591 295.442 0.107475 0.99416 0.00104456 -2.49188 -0.869454 0.0944992 -0.484846 -50.9732 0 0 0 1 
-0.484558 0.0505506 0.873283 297.659 0.107189 0.994187 0.00192507 -2.50621 -0.868138 0.0945373 -0.487191 -52.1786 0 0 0 1 
-0.487029 0.0507487 0.871896 299.888 0.108605 0.994031 0.00280654 -2.51977 -0.866578 0.0960581 -0.489666 -53.4004 0 0 0 1 
-0.489557 0.0506832 0.870458 302.08 0.10892 0.993973 0.00338153 -2.53 -0.865087 0.0964662 -0.492169 -54.6054 0 0 0 1 
-0.491699 0.0515112 0.869208 304.295 0.108453 0.994032 0.00244062 -2.53261 -0.863937 0.0954686 -0.494391 -55.8346 0 0 0 1 
-0.493988 0.0539795 0.867758 306.545 0.108048 0.994078 -0.000330167 -2.52911 -0.862681 0.0935967 -0.496935 -57.0894 0 0 0 1 
-0.497346 0.0532399 0.86588 308.732 0.106509 0.99424 4.2959e-05 -2.54692 -0.860937 0.0922454 -0.500195 -58.3127 0 0 0 1 
-0.50187 0.0515502 0.863369 310.933 0.104538 0.994449 0.0013885 -2.56786 -0.858551 0.0909512 -0.504516 -59.5459 0 0 0 1 
-0.506843 0.0493313 0.860589 313.171 0.102471 0.994659 0.00333175 -2.58785 -0.855874 0.0898736 -0.509234 -60.8097 0 0 0 1 
-0.504593 0.0479651 0.861983 313.856 0.108183 0.994019 0.00801503 -2.74927 -0.85649 0.0972968 -0.506815 -61.4691 0 0 0 1 
-0.503116 0.0492829 0.862755 314.492 0.117212 0.992946 0.0116311 -2.90069 -0.856155 0.10698 -0.505401 -62.0727 0 0 0 1 
-0.497052 0.0530597 0.866014 315.249 0.125851 0.991866 0.0114607 -2.90907 -0.858441 0.114691 -0.499755 -62.9734 0 0 0 1 
-0.499454 0.0530497 0.864631 315.934 0.125172 0.991952 0.0114423 -2.91141 -0.857145 0.113948 -0.502143 -63.3303 0 0 0 1 
-0.503204 0.0532018 0.862418 318.234 0.126092 0.991809 0.0123865 -2.90336 -0.854797 0.114986 -0.505862 -64.6337 0 0 0 1 
-0.505257 0.0491978 0.861433 318.977 0.122571 0.992193 0.0152241 -2.93112 -0.854077 0.11329 -0.507422 -65.0554 0 0 0 1 
-0.507517 0.0459005 0.860255 319.801 0.119384 0.992519 0.0174726 -2.95903 -0.853158 0.111582 -0.509292 -65.5378 0 0 0 1 
-0.511423 0.0458442 0.857939 322.089 0.118896 0.992569 0.0178347 -2.94205 -0.850888 0.111141 -0.513167 -66.8561 0 0 0 1 
-0.515722 0.0457495 0.855365 324.37 0.11906 0.992531 0.0186965 -2.92507 -0.848265 0.111496 -0.517412 -68.181 0 0 0 1 
-0.519864 0.0460514 0.852836 326.651 0.120386 0.992349 0.019797 -2.90658 -0.845543 0.112976 -0.521527 -69.5236 0 0 0 1 
-0.523895 0.045399 0.850403 328.962 0.120861 0.992257 0.021483 -2.88686 -0.842985 0.11405 -0.525422 -70.9039 0 0 0 1 
-0.527659 0.0447441 0.848099 331.235 0.119689 0.992378 0.0221088 -2.85986 -0.840793 0.113189 -0.529094 -72.272 0 0 0 1 
-0.530117 0.0447025 0.846563 332.138 0.12067 0.992231 0.0231672 -2.84866 -0.839101 0.114452 -0.531497 -72.8271 0 0 0 1 
-0.531856 0.045029 0.845449 333.056 0.122377 0.991995 0.0241492 -2.83308 -0.837747 0.116324 -0.533216 -73.4131 0 0 0 1 
-0.535916 0.0458105 0.842831 333.977 0.123256 0.99187 0.0244592 -2.84354 -0.835019 0.117009 -0.537317 -73.9503 0 0 0 1 
-0.539027 0.0459798 0.840842 334.905 0.121683 0.992081 0.0237502 -2.83818 -0.83327 0.115133 -0.540454 -74.5232 0 0 0 1 
-0.540622 0.0469603 0.839731 335.829 0.120765 0.992201 0.0222566 -2.82335 -0.832337 0.11346 -0.542192 -75.1283 0 0 0 1 
-0.543373 0.0444253 0.83809 338.033 0.118538 0.992423 0.0242423 -2.80057 -0.830864 0.112535 -0.544639 -76.5249 0 0 0 1 
-0.545127 0.0443392 0.836951 338.945 0.120001 0.992215 0.0255893 -2.78583 -0.829503 0.114402 -0.546318 -77.1216 0 0 0 1 
-0.547797 0.0447863 0.835182 341.205 0.119698 0.99226 0.0252948 -2.74385 -0.827786 0.113844 -0.549032 -78.5705 0 0 0 1 
-0.55075 0.0437362 0.833292 343.472 0.11774 0.992481 0.0257213 -2.7078 -0.826104 0.112296 -0.551875 -80.0298 0 0 0 1 
-0.553677 0.0402979 0.831528 345.699 0.115724 0.992634 0.0289445 -2.68385 -0.824435 0.112271 -0.554376 -81.4789 0 0 0 1 
-0.556693 0.0380896 0.829616 347.944 0.113329 0.992868 0.0304561 -2.64075 -0.822737 0.110991 -0.557152 -82.9434 0 0 0 1 
-0.559588 0.0374601 0.827696 350.204 0.112171 0.992986 0.0308903 -2.58737 -0.820931 0.110147 -0.559977 -84.4299 0 0 0 1 
-0.561984 0.0377397 0.826058 352.46 0.111774 0.993037 0.0306679 -2.53127 -0.819346 0.109584 -0.562402 -85.928 0 0 0 1 
-0.564754 0.037218 0.824188 354.684 0.111613 0.993023 0.0316325 -2.48513 -0.817459 0.109872 -0.565082 -87.4072 0 0 0 1 
-0.567596 0.0365858 0.822202 356.912 0.11126 0.992977 0.0326168 -2.43916 -0.815472 0.110014 -0.567829 -88.9025 0 0 0 1 
-0.570322 0.0354234 0.820366 359.146 0.108222 0.993322 0.0323395 -2.38373 -0.81398 0.107247 -0.570496 -90.4142 0 0 0 1 
-0.573424 0.0323472 0.818328 361.384 0.0981072 0.994462 0.0294313 -2.3184 -0.813082 0.097179 -0.573572 -91.9237 0 0 0 1 
-0.576885 0.0354989 0.815771 363.632 0.0903803 0.995424 0.0205917 -2.23277 -0.811538 0.0856233 -0.5776 -93.4361 0 0 0 1 
-0.579002 0.0455536 0.813768 365.843 0.100425 0.994548 0.0157745 -2.18377 -0.808844 0.0908728 -0.580568 -94.9738 0 0 0 1 
-0.579587 0.046219 0.813312 368.021 0.107738 0.993698 0.0203016 -2.18518 -0.80748 0.0994102 -0.581063 -96.5241 0 0 0 1 
-0.581653 0.0367625 0.812317 370.236 0.106633 0.993528 0.0313845 -2.20096 -0.806138 0.104895 -0.581959 -98.0881 0 0 0 1 
-0.584745 0.0261987 0.810503 372.462 0.100428 0.993851 0.0403241 -2.17804 -0.804696 0.104997 -0.583933 -99.6437 0 0 0 1 
-0.587989 0.0203287 0.808327 374.667 0.0945004 0.994299 0.0437287 -2.11389 -0.803062 0.102119 -0.586697 -101.187 0 0 0 1 
-0.59076 0.020114 0.80631 376.841 0.0934938 0.994397 0.0436876 -2.03171 -0.801145 0.101213 -0.58947 -102.726 0 0 0 1 
-0.591857 0.0257786 0.805339 376.825 0.0997011 0.993886 0.0414515 -2.01234 -0.799581 0.104847 -0.59095 -102.798 0 0 0 1 
-0.593793 0.0323774 0.803672 378.98 0.104407 0.993573 0.0371069 -1.91987 -0.797541 0.105964 -0.593501 -104.358 0 0 0 1 
-0.596133 0.0352925 0.801784 381.139 0.105369 0.993537 0.0346032 -1.84391 -0.795633 0.105135 -0.596159 -105.926 0 0 0 1 
-0.599203 0.0353705 0.799488 383.331 0.105269 0.993536 0.0349353 -1.78283 -0.793336 0.105118 -0.599214 -107.516 0 0 0 1 
-0.60197 0.0348079 0.797434 385.469 0.106089 0.993387 0.0367174 -1.72636 -0.791131 0.106726 -0.601843 -109.089 0 0 0 1 
-0.60441 0.0340718 0.795618 387.621 0.10646 0.993286 0.0383318 -1.66456 -0.789218 0.107894 -0.604141 -110.681 0 0 0 1 
-0.606297 0.0345315 0.79416 389.779 0.10695 0.993228 0.0384567 -1.59331 -0.787703 0.108276 -0.606047 -112.29 0 0 0 1 
-0.607781 0.0347821 0.793005 390.85 0.107258 0.99318 0.0386371 -1.55685 -0.786507 0.108564 -0.607534 -113.137 0 0 0 1 
-0.608966 0.035516 0.792062 392.995 0.108126 0.993087 0.0385948 -1.48592 -0.785471 0.109171 -0.608765 -114.761 0 0 0 1 
-0.610339 0.0348307 0.791035 396.186 0.109367 0.992869 0.04066 -1.39807 -0.784232 0.111356 -0.609964 -117.133 0 0 0 1 
-0.611424 0.0343378 0.790215 397.234 0.111417 0.992537 0.043072 -1.35988 -0.783095 0.114406 -0.610857 -117.985 0 0 0 1 
-0.612457 0.0339184 0.789432 399.353 0.1131 0.992256 0.0451053 -1.28668 -0.782048 0.116938 -0.611719 -119.608 0 0 0 1 
-0.614298 0.0345076 0.787979 400.404 0.111765 0.992474 0.0436608 -1.22619 -0.780798 0.114917 -0.613699 -120.449 0 0 0 1 
-0.615646 0.0349907 0.786901 402.499 0.107851 0.993049 0.0402146 -1.12929 -0.780282 0.109652 -0.615311 -122.053 0 0 0 1 
-0.617351 0.0352204 0.785549 402.468 0.104991 0.993443 0.0379623 -1.11453 -0.779321 0.105937 -0.617173 -122.135 0 0 0 1 
-0.622068 0.0347714 0.781839 402.487 0.103471 0.993595 0.0381309 -1.11124 -0.775765 0.104643 -0.621856 -122.188 0 0 0 1 
-0.619179 0.0331534 0.784196 405.574 0.10202 0.993727 0.0385335 -1.01759 -0.778261 0.103888 -0.618853 -124.656 0 0 0 1 
-0.62044 0.0320302 0.783243 408.77 0.0985326 0.99412 0.0373912 -0.899859 -0.777703 0.100398 -0.620125 -127.057 0 0 0 1 
-0.621101 0.0315945 0.782736 410.867 0.0976732 0.994205 0.0373666 -0.831767 -0.777283 0.0996846 -0.620765 -128.7 0 0 0 1 
-0.62152 0.0301334 0.782461 412.963 0.0980752 0.994077 0.0396123 -0.773744 -0.776899 0.101384 -0.620971 -130.346 0 0 0 1 
-0.621029 0.0287921 0.782902 415.048 0.100531 0.993684 0.0431943 -0.714712 -0.776979 0.105556 -0.620177 -132.002 0 0 0 1 
-0.619728 0.0274129 0.784042 417.13 0.105173 0.993011 0.0484053 -0.652589 -0.777464 0.112481 -0.618426 -133.665 0 0 0 1 
-0.617926 0.0264819 0.785493 419.23 0.108976 0.992405 0.0522627 -0.569168 -0.778377 0.117918 -0.61626 -135.337 0 0 0 1 
-0.616088 0.024477 0.786996 421.312 0.103365 0.993116 0.0500217 -0.450804 -0.780592 0.112188 -0.61452 -136.976 0 0 0 1 
-0.614988 0.0243237 0.787855 423.4 0.096189 0.994101 0.0443845 -0.32499 -0.782369 0.103099 -0.613845 -138.6 0 0 0 1 
-0.612921 0.0225591 0.789515 425.502 0.0914367 0.994628 0.0425568 -0.231535 -0.784557 0.0982938 -0.611837 -140.242 0 0 0 1 
-0.609723 0.022767 0.791992 427.589 0.0899298 0.994848 0.0406265 -0.141134 -0.787229 0.0960119 -0.608772 -141.876 0 0 0 1 
-0.606442 0.0235463 0.794483 429.696 0.0921261 0.994638 0.0408347 -0.0627199 -0.789505 0.0979745 -0.605502 -143.515 0 0 0 1 
-0.602866 0.023519 0.797169 431.795 0.0927653 0.994553 0.0408032 0.0185503 -0.792135 0.0985689 -0.601919 -145.141 0 0 0 1 
-0.600167 0.0248168 0.799162 433.887 0.090677 0.994886 0.0371943 0.112432 -0.794422 0.0948078 -0.599502 -146.735 0 0 0 1 
-0.598636 0.0203145 0.800436 436.02 0.0839104 0.995468 0.0374824 0.178735 -0.796318 0.0896209 -0.597782 -148.33 0 0 0 1 
-0.59801 0.0150162 0.801016 436.553 0.0760975 0.996067 0.03813 0.196458 -0.797567 0.0837732 -0.596957 -148.766 0 0 0 1 
-0.597888 0.0124363 0.801144 436.813 0.0694534 0.996613 0.0363529 0.208245 -0.798258 0.0773913 -0.596886 -148.993 0 0 0 1 
-0.597303 0.0122071 0.801572 437.7 0.0678509 0.996746 0.0353716 0.238223 -0.798822 0.0755289 -0.596354 -149.674 0 0 0 1 
-0.589897 0.0121109 0.807025 438.235 0.067834 0.996773 0.0346162 0.804188 -0.804294 0.0751792 -0.588979 -152.346 0 0 0 1 
-0.588111 0.0111767 0.808275 440.379 0.069671 0.996508 0.0369055 0.855815 -0.805374 0.0780383 -0.587035 -153.916 0 0 0 1 
-0.586375 0.00905123 0.809559 442.518 0.068135 0.996555 0.0382006 0.917341 -0.806767 0.0775791 -0.585176 -155.473 0 0 0 1 
-0.585035 0.00898081 0.810532 444.675 0.0659574 0.996766 0.0365546 0.99533 -0.807923 0.0748648 -0.583937 -157.03 0 0 0 1 
-0.583585 0.0101957 0.811561 446.826 0.0649114 0.996919 0.0341442 1.07301 -0.809054 0.0726233 -0.582651 -158.58 0 0 0 1 
-0.581944 0.0118825 0.81271 448.983 0.0659065 0.996903 0.0326085 1.13996 -0.81015 0.0725575 -0.581128 -160.133 0 0 0 1 
-0.580337 0.0123061 0.81382 449.936 0.0675849 0.996746 0.0331142 1.16323 -0.811132 0.0742402 -0.579499 -160.832 0 0 0 1 
-0.578712 0.0120528 0.814971 452.112 0.0691762 0.996591 0.0343751 1.21497 -0.812147 0.0762925 -0.577794 -162.389 0 0 0 1 
-0.577167 0.0120843 0.816066 454.299 0.0693947 0.996576 0.0343143 1.27646 -0.813227 0.0764583 -0.576251 -163.945 0 0 0 1 
-0.575819 0.0114639 0.817028 456.436 0.0687466 0.996617 0.0344587 1.33527 -0.814238 0.0760321 -0.574879 -165.455 0 0 0 1 
-0.574613 0.0106026 0.817888 458.601 0.0688519 0.996574 0.0354451 1.39149 -0.815081 0.0767028 -0.573594 -166.98 0 0 0 1 
-0.573614 0.00980881 0.818595 460.747 0.0684971 0.996574 0.0360483 1.44974 -0.81581 0.0767718 -0.572542 -168.482 0 0 0 1 
-0.572399 0.0106677 0.819444 462.92 0.0677742 0.996691 0.0343583 1.52103 -0.816733 0.0752252 -0.571444 -170.001 0 0 0 1 
-0.571458 0.0119487 0.820083 465.105 0.0678704 0.996738 0.0327633 1.58923 -0.817384 0.0744033 -0.57062 -171.521 0 0 0 1 
-0.57013 0.0116184 0.821005 467.275 0.0683126 0.996683 0.0333256 1.64177 -0.818267 0.0751067 -0.569251 -173.034 0 0 0 1 
-0.569218 0.0101857 0.821613 469.46 0.0675827 0.996657 0.0344577 1.69456 -0.818919 0.0751651 -0.568242 -174.548 0 0 0 1 
-0.568632 0.00916866 0.822032 471.66 0.0662863 0.996736 0.0347274 1.75439 -0.819433 0.0742603 -0.567622 -176.063 0 0 0 1 
-0.568422 0.00877419 0.82218 473.853 0.0657573 0.996767 0.0348164 1.81512 -0.81962 0.0738784 -0.567401 -177.569 0 0 0 1 
-0.568107 0.00924823 0.822363 476.033 0.0657028 0.996768 0.0341713 1.87967 -0.819812 0.0734698 -0.567132 -179.065 0 0 0 1 
-0.567738 0.00988127 0.822608 478.226 0.0662859 0.996742 0.0337672 1.94205 -0.82002 0.0737238 -0.566797 -180.573 0 0 0 1 
-0.567051 0.00857874 0.823088 480.393 0.0659928 0.996709 0.0350681 1.99643 -0.82051 0.0742295 -0.566009 -182.069 0 0 0 1 
-0.566844 0.00694757 0.823245 482.564 0.0651528 0.996713 0.0364412 2.052 -0.820718 0.0743195 -0.565692 -183.556 0 0 0 1 
-0.566699 0.00668712 0.823345 484.751 0.0646879 0.996743 0.0364204 2.11755 -0.820853 0.0739261 -0.565545 -185.049 0 0 0 1 
-0.566417 0.00666254 0.823545 486.96 0.0639835 0.99681 0.0359341 2.18597 -0.821109 0.0730724 -0.565293 -186.556 0 0 0 1 
-0.565804 0.00764811 0.823958 489.145 0.0642493 0.996832 0.0348585 2.25493 -0.82151 0.072687 -0.564759 -188.051 0 0 0 1 
-0.565086 0.00818416 0.824444 491.324 0.0651423 0.996778 0.0347465 2.31662 -0.821934 0.0733667 -0.564055 -189.544 0 0 0 1 
-0.564399 0.00796055 0.824896 493.52 0.065084 0.996762 0.0349036 2.37638 -0.82239 0.0734143 -0.563352 -191.044 0 0 0 1 
-0.563833 0.00831338 0.82525 495.721 0.0647963 0.99678 0.0342211 2.4397 -0.822771 0.0727968 -0.562832 -192.54 0 0 0 1 
-0.563286 0.0084752 0.825622 497.915 0.064012 0.996858 0.0334316 2.50248 -0.823207 0.0717094 -0.562335 -194.031 0 0 0 1 
-0.56258 0.00783036 0.826111 500.098 0.0638698 0.996846 0.0340385 2.55787 -0.823701 0.071941 -0.561581 -195.515 0 0 0 1 
-0.561818 0.00686501 0.826638 502.283 0.0638799 0.996808 0.0351292 2.6117 -0.824221 0.0725701 -0.560738 -196.996 0 0 0 1 
-0.561036 0.0056679 0.827175 504.485 0.0638127 0.996763 0.0364433 2.66698 -0.824757 0.0732591 -0.559857 -198.487 0 0 0 1 
-0.560468 0.00668877 0.827552 506.673 0.0643133 0.996765 0.0354922 2.73441 -0.825104 0.0731437 -0.55936 -199.961 0 0 0 1 
-0.55986 0.00757645 0.827954 508.864 0.0654078 0.996705 0.0350997 2.7993 -0.825428 0.0738349 -0.558787 -201.438 0 0 0 1 
-0.559235 0.00742985 0.828376 511.063 0.0659605 0.996651 0.0355825 2.8594 -0.825807 0.0745689 -0.558128 -202.918 0 0 0 1 
-0.558682 0.00663924 0.828756 513.283 0.065406 0.996669 0.0360991 2.92146 -0.826225 0.0744032 -0.557531 -204.409 0 0 0 1 
-0.558264 0.00636618 0.829053 515.487 0.0646715 0.996736 0.0358863 2.98667 -0.826579 0.0736786 -0.557123 -205.884 0 0 0 1 
-0.558097 0.0068428 0.82916 517.686 0.0645706 0.996764 0.0352275 3.05143 -0.826698 0.0732281 -0.557003 -207.351 0 0 0 1 
-0.557922 0.00544773 0.829314 518.343 0.0637593 0.996797 0.0363381 3.06775 -0.826904 0.0731769 -0.556741 -207.79 0 0 0 1 
-0.557704 0.00386934 0.829497 520.55 0.0634903 0.996775 0.0380294 3.12534 -0.8271 0.0738995 -0.556397 -209.264 0 0 0 1 
-0.557575 0.00288024 0.829585 522.765 0.0624872 0.996817 0.0385295 3.19292 -0.82726 0.0733468 -0.556227 -210.741 0 0 0 1 
-0.557392 0.00431578 0.829697 524.981 0.0619049 0.99693 0.0363941 3.27292 -0.827422 0.0716728 -0.556196 -212.218 0 0 0 1 
-0.557255 0.00659091 0.829779 527.184 0.0617385 0.997045 0.0335341 3.34976 -0.827532 0.0699401 -0.556261 -213.682 0 0 0 1 
-0.556922 0.0072189 0.829995 529.363 0.0620955 0.997039 0.0329859 3.40898 -0.827727 0.0699334 -0.555968 -215.133 0 0 0 1 
-0.556555 0.00532132 0.830254 531.568 0.0627138 0.996907 0.0356422 3.45507 -0.827926 0.0719301 -0.555415 -216.604 0 0 0 1 
-0.55619 0.0044094 0.830503 533.792 0.063646 0.996786 0.0373236 3.51276 -0.828099 0.0736429 -0.554931 -218.087 0 0 0 1 
-0.555828 0.00501757 0.830711 535.993 0.0642249 0.996737 0.0369444 3.58238 -0.828267 0.0739148 -0.554599 -219.55 0 0 0 1 
-0.555335 0.00582285 0.831036 538.201 0.0644646 0.996753 0.0360861 3.65312 -0.828579 0.07364 -0.554169 -221.017 0 0 0 1 
-0.554893 0.00674268 0.831324 540.424 0.0652092 0.996728 0.0354337 3.7216 -0.828816 0.0738997 -0.553779 -222.495 0 0 0 1 
-0.554259 0.00673952 0.831742 542.63 0.0662341 0.996635 0.0360537 3.78208 -0.829155 0.0751015 -0.553104 -223.963 0 0 0 1 
-0.553612 0.00610738 0.832174 544.86 0.0668796 0.996547 0.0371706 3.84121 -0.829531 0.0762632 -0.552374 -225.443 0 0 0 1 
-0.552931 0.00524261 0.832628 547.097 0.0664264 0.996549 0.0378297 3.90494 -0.830017 0.0762555 -0.551638 -226.924 0 0 0 1 
-0.552511 0.00552169 0.832848 549.331 0.0665016 0.996509 0.0375024 3.97456 -0.830233 0.0761396 -0.551242 -228.396 0 0 0 1 
-0.551895 0.00592081 0.833254 551.567 0.0675665 0.996431 0.0376635 4.0409 -0.830557 0.0771203 -0.550617 -229.869 0 0 0 1 
-0.551155 0.00526612 0.833744 553.793 0.0680436 0.996356 0.0386797 4.10519 -0.831006 0.0780842 -0.549798 -231.338 0 0 0 1 
-0.550591 0.00383806 0.834121 556.028 0.0664617 0.996436 0.0392775 4.17397 -0.831504 0.0770972 -0.549179 -232.804 0 0 0 1 
-0.549909 0.00244647 0.834573 558.241 0.0648548 0.996519 0.0398043 4.24155 -0.832079 0.0760486 -0.548449 -234.254 0 0 0 1 
-0.549103 0.00331628 0.835095 560.455 0.0647526 0.996567 0.0386115 4.3182 -0.832613 0.07531 -0.547731 -235.704 0 0 0 1 
-0.548129 0.00494474 0.835727 562.677 0.0665795 0.996481 0.0377637 4.39067 -0.833112 0.0763762 -0.546826 -237.161 0 0 0 1 
-0.546731 0.00598875 0.83663 564.929 0.0678147 0.996414 0.0371758 4.46118 -0.833925 0.0770963 -0.545475 -238.639 0 0 0 1 
-0.545806 0.00537057 0.83721 567.135 0.0680565 0.996346 0.037969 4.52076 -0.834483 0.0777388 -0.544487 -240.074 0 0 0 1 
-0.544824 0.00444155 0.837852 569.351 0.0681511 0.996296 0.0390267 4.5825 -0.835114 0.0784014 -0.543419 -241.514 0 0 0 1 
-0.544038 0.00535015 0.838357 571.571 0.0684418 0.996313 0.038048 4.65527 -0.835602 0.0781162 -0.542709 -242.951 0 0 0 1 
-0.543024 0.00520794 0.839015 573.789 0.0677204 0.996378 0.0376371 4.72377 -0.83632 0.0772937 -0.54172 -244.382 0 0 0 1 
-0.542135 0.00514393 0.839595 576.009 0.0672377 0.99643 0.0373033 4.79068 -0.836941 0.0767128 -0.540851 -245.811 0 0 0 1 
-0.541028 0.0043652 0.840319 578.252 0.0666293 0.99646 0.0377141 4.85541 -0.837711 0.0764306 -0.539706 -247.256 0 0 0 1 
-0.540048 0.00406909 0.840925 580.495 0.0661162 0.996471 0.037631 4.92405 -0.838353 0.0759588 -0.538731 -248.697 0 0 0 1 
-0.539263 0.00316015 0.841433 582.735 0.064779 0.996554 0.0377656 4.99138 -0.838964 0.0749095 -0.537927 -250.128 0 0 0 1 
-0.538691 0.00243965 0.841798 584.966 0.0631047 0.996669 0.0374865 5.05898 -0.839455 0.0733511 -0.53737 -251.543 0 0 0 1 
-0.538593 0.0032119 0.841857 587.206 0.0624307 0.99676 0.0361307 5.13103 -0.839567 0.0720527 -0.537368 -252.963 0 0 0 1 
-0.538536 0.00322264 0.841894 589.423 0.0632964 0.996686 0.0366662 5.19153 -0.839539 0.0730707 -0.537275 -254.365 0 0 0 1 
