1 -0 0 -0 -0 1 -0 0 0 -0 1 -0 -0 0 -0 1 
0.99987 0.00152017 0.0157536 0.0108584 -0.00150539 0.999994 -0.000949582 -0.00149931 -0.015755 0.000925747 0.99987 0.127108 0 0 -0 1 
0.999295 0.00442384 0.0371544 0.0280065 -0.00440796 0.999986 -0.000509488 -0.00260083 -0.0371563 0.000345355 0.999304 0.271535 0 0 0 1 
0.997907 0.00600004 0.064356 0.0561074 -0.00606465 0.99998 0.000808578 -0.00297604 -0.0643499 -0.00119719 0.997925 0.432886 0 0 0 1 
0.995114 0.00557003 0.098517 0.0991636 -0.00589631 0.999972 0.00302106 -0.00358052 -0.098498 -0.00358721 0.995125 0.607733 0 0 0 1 
0.990594 0.00239306 0.13675 0.158109 -0.00310246 0.999974 0.00497466 -0.00349865 -0.136736 -0.00535218 0.990584 0.79224 0 0 0 1 
0.984292 -0.000598028 0.176498 0.230725 -0.000344152 0.999977 0.00530748 -0.00259629 -0.176499 -0.00528489 0.984277 0.989549 0 0 0 1 
0.975428 -0.000538695 0.220291 0.31422 -0.00089077 0.999973 0.00638957 0.000142916 -0.220289 -0.00642883 0.975407 1.19751 0 0 0 1 
0.963285 -0.000361212 0.268461 0.411213 -0.0022036 0.999949 0.00925233 0.00438382 -0.268452 -0.00950426 0.963241 1.41613 0 0 0 1 
0.948708 -0.00426195 0.316115 0.532566 -0.000969331 0.999861 0.0163895 0.00436213 -0.316142 -0.0158553 0.948576 1.64347 0 0 0 1.00001 
0.93163 -0.0136612 0.363146 0.682622 0.0052119 0.99969 0.0242367 0.00356954 -0.363366 -0.020687 0.931414 1.87346 0 0 0 1.00001 
0.910144 -0.0188785 0.413917 0.83518 0.00777754 0.999586 0.0284889 0.00619748 -0.414275 -0.0227092 0.909893 2.09477 0 0 0 1.00003 
0.884634 -0.0201306 0.465904 0.998305 0.00561005 0.999479 0.0325331 0.0101507 -0.466305 -0.0261655 0.884266 2.31793 0 0 0 1.00003 
0.856044 -0.0222882 0.516473 1.18367 0.00368277 0.999333 0.0370218 0.0159641 -0.51694 -0.0297894 0.855534 2.54175 0 0 0 1.00003 
0.823541 -0.0271218 0.566651 1.39245 0.00452256 0.999162 0.0412505 0.0221731 -0.567281 -0.031408 0.822955 2.75927 0 0 0 1.00003 
0.78725 -0.0325022 0.615818 1.62102 0.00643732 0.999012 0.0444976 0.0277991 -0.616641 -0.0310657 0.786663 2.97284 0 0 0 1.00003 
0.748897 -0.0364327 0.661722 1.86966 0.00699104 0.99889 0.0470844 0.035856 -0.662687 -0.0306345 0.748303 3.18403 0 0 0 1.00004 
0.708639 -0.0394148 0.704506 2.14389 0.00784228 0.998842 0.0479937 0.0486199 -0.705564 -0.0284845 0.70811 3.3952 0 0 0 1.00004 
0.666388 -0.0410376 0.74451 2.44197 0.00677191 0.998801 0.0489929 0.0647095 -0.74561 -0.0276057 0.66585 3.60841 0 0 0 1.00004 
0.623409 -0.0410536 0.780848 2.76308 0.00174674 0.998715 0.0511135 0.0798616 -0.781925 -0.0305 0.622665 3.82431 0 0 0 1.00004 
0.581353 -0.0417844 0.812609 3.11175 -0.0011544 0.998662 0.0521771 0.0953425 -0.813682 -0.0312706 0.580513 4.03512 0 0 0 1.00004 
0.541011 -0.0430102 0.839945 3.48881 -0.00306741 0.998608 0.0531104 0.112395 -0.84104 -0.031309 0.540114 4.2398 0 0 0 1.00004 
0.5022 -0.0451244 0.863605 3.89412 -0.00460324 0.998511 0.0548502 0.12963 -0.864771 -0.0315203 0.501232 4.44283 0 0 0 1.00004 
0.464683 -0.0448079 0.884373 4.32455 -0.00769247 0.998504 0.0546323 0.148293 -0.885475 -0.0321889 0.463631 4.64248 0 0 0 1.00004 
0.428073 -0.0441123 0.902697 4.78286 -0.00863256 0.998589 0.0528919 0.168244 -0.903733 -0.0304334 0.427077 4.83316 0 0 0 1.00004 
0.394476 -0.0426934 0.917944 5.27126 -0.00726692 0.998771 0.0495755 0.191154 -0.918908 -0.0262263 0.393671 5.01497 0 0 0 1.00004 
0.364836 -0.0409126 0.930203 5.78791 -0.00512789 0.998959 0.0459478 0.21381 -0.931089 -0.0215327 0.364236 5.19262 0 0 0 1.00004 
0.339412 -0.0390317 0.939859 6.32907 -0.0039686 0.999099 0.042925 0.237083 -0.940662 -0.0182986 0.338941 5.36972 0 0 0 1.00004 
0.319239 -0.0384243 0.946927 6.89799 -0.00280425 0.999165 0.0414893 0.260424 -0.947703 -0.0158999 0.318855 5.54757 0 0 0 1.00004 
0.304639 -0.0389896 0.951699 7.49577 -0.00180649 0.999165 0.0415124 0.282834 -0.952497 -0.0143651 0.304305 5.72832 0 0 0 1.00004 
0.293161 -0.0405032 0.955236 8.12012 -0.000789146 0.999122 0.0426061 0.30485 -0.956095 -0.0132439 0.292863 5.91206 0 0 0 1.00004 
0.282242 -0.0423809 0.958439 8.76773 -0.00203846 0.999026 0.0447758 0.328713 -0.959374 -0.0145909 0.281872 6.10005 0 0 0 1.00004 
0.271739 -0.044115 0.961392 9.44082 -0.00339879 0.99893 0.0467981 0.354499 -0.962398 -0.0159839 0.271289 6.28867 0 0 0 1.00004 
0.261716 -0.0458702 0.964087 10.1348 -0.0042243 0.998838 0.0486702 0.382406 -0.965169 -0.0168098 0.261209 6.47441 0 0 0 1.00005 
0.251618 -0.0477013 0.966684 10.8513 -0.00519371 0.998736 0.0506347 0.411612 -0.967847 -0.0177607 0.251044 6.65838 0 0 0 1.00005 
0.24121 -0.0492002 0.96926 11.5875 -0.00533829 0.998667 0.0520212 0.442588 -0.970495 -0.0177216 0.240618 6.83934 0 0 0 1.00005 
0.230915 -0.0504694 0.9717 12.3453 -0.00546485 0.998607 0.0531654 0.474802 -0.972995 -0.0175863 0.230309 7.01678 0 0 0 1.00005 
0.220473 -0.0532919 0.973974 13.1182 -0.00682877 0.998435 0.0561759 0.508726 -0.975408 -0.0190356 0.219756 7.19052 0 0 0 1.00005 
0.209157 -0.0569097 0.976262 13.9033 -0.00859983 0.998196 0.0600306 0.544723 -0.977882 -0.0209507 0.208282 7.35919 0 0 0 1.00005 
0.197113 -0.0607852 0.978532 14.6972 -0.00950222 0.997948 0.0639053 0.580463 -0.980373 -0.021894 0.196124 7.51653 0 0 0 1.00005 
0.184169 -0.0630495 0.98091 15.4947 -0.0104478 0.997798 0.0660965 0.616857 -0.982879 -0.0224204 0.183098 7.66421 0 0 0 1.00005 
0.170135 -0.0636105 0.983404 16.2969 -0.0108285 0.997772 0.0664131 0.654306 -0.9854 -0.0219471 0.16906 7.80106 0 0 0 1.00005 
0.155727 -0.0626141 0.985851 17.1066 -0.0121986 0.997829 0.0653016 0.693043 -0.987763 -0.0221945 0.15462 7.92778 0 0 0 1.00005 
0.139129 -0.0615482 0.988398 17.9219 -0.0128241 0.99791 0.0639455 0.731628 -0.99023 -0.0215712 0.138044 8.04031 0 0 0 1.00005 
0.11868 -0.0599802 0.991182 18.7435 -0.0154266 0.998005 0.0622399 0.768095 -0.992884 -0.0226757 0.117509 8.13665 0 0 0 1.00005 
0.0930836 -0.0586578 0.993992 19.5751 -0.0199571 0.998017 0.0607639 0.804311 -0.99553 -0.0254916 0.0917211 8.21451 0 0 0 1.00005 
0.0627558 -0.0581597 0.996392 20.4128 -0.0239139 0.997987 0.0597586 0.840023 -0.99781 -0.0275761 0.0612333 8.26552 0 0 0 1.00005 
0.0294422 -0.0579984 0.997942 21.2538 -0.0270987 0.997964 0.0587988 0.87434 -0.999267 -0.0287723 0.0278069 8.28671 0 0 0 1.00005 
-0.00495282 -0.0574381 0.998394 22.0949 -0.0286763 0.998006 0.0572732 0.904881 -0.999642 -0.0283449 -0.00659184 8.27679 0 0 0 1.00005 
-0.0389464 -0.0562667 0.997713 22.9367 -0.0296141 0.998098 0.0551322 0.934288 -0.998867 -0.0273975 -0.0405388 8.23791 0 0 0 1.00005 
-0.0717511 -0.054392 0.995996 23.7773 -0.0316663 0.998191 0.0522304 0.962542 -0.996985 -0.0277902 -0.0733422 8.17258 0 0 0 1.00005 
-0.104201 -0.0515394 0.993278 24.6162 -0.0339111 0.998319 0.0482432 0.987054 -0.994044 -0.0286544 -0.105771 8.08167 0 0 0 1.00006 
-0.136528 -0.0469688 0.989581 25.4521 -0.0308798 0.998651 0.0431387 1.00825 -0.99022 -0.0246669 -0.13779 7.95583 0 0 0 1.00006 
-0.168035 -0.0409846 0.984987 26.2801 -0.0254489 0.999041 0.0372277 1.02587 -0.985518 -0.0188101 -0.168911 7.79902 0 0 0 1.00006 
-0.198467 -0.0345565 0.979556 27.1068 -0.0191055 0.999383 0.0313848 1.03963 -0.979986 -0.0124852 -0.198997 7.6155 0 0 0 1.00006 
-0.227299 -0.0288388 0.973456 27.9292 -0.0130899 0.999619 0.0265572 1.04808 -0.973801 -0.00670552 -0.227581 7.40644 0 0 0 1.00006 
-0.255065 -0.0227014 0.966716 28.745 -0.00452148 0.999799 0.0222851 1.05253 -0.966978 0.00131326 -0.255106 7.17041 0 0 0 1.00006 
-0.2812 -0.0122446 0.959631 29.5504 0.00137421 0.999971 0.0131618 1.04899 -0.959715 0.00501975 -0.281163 6.91641 0 0 0 1.00006 
-0.306421 0.00336354 0.951953 30.3399 0.00613391 1.00004 -0.00155925 1.03644 -0.951946 0.00536125 -0.30644 6.64755 0 0 0 1.00006 
-0.331062 0.0207407 0.943398 31.1181 0.00727454 0.999783 -0.0194281 1.01688 -0.943596 0.000430854 -0.331148 6.36542 0 0 0 1.00006 
-0.356184 0.0357216 0.933695 31.887 0.00760978 0.999295 -0.0353288 0.987561 -0.934341 -0.0054788 -0.356231 6.06622 0 0 0 1.00006 
-0.380513 0.0462422 0.923576 32.6476 0.0115582 0.998853 -0.0452496 0.944863 -0.924655 -0.00654392 -0.380641 5.7424 0 0 0 1.00006 
-0.403931 0.0504033 0.913357 33.4016 0.0146029 0.998653 -0.0486527 0.894813 -0.914623 -0.00631535 -0.404153 5.39792 0 0 0 1.00006 
-0.426265 0.0501557 0.903164 34.1502 0.0182921 0.99868 -0.0468272 0.842952 -0.904364 -0.0034406 -0.426652 5.03456 0 0 0 1.00006 
-0.446385 0.0458817 0.893623 34.8813 0.0217857 0.998892 -0.0404046 0.791281 -0.894528 0.00143194 -0.446922 4.65784 0 0 0 1.00007 
-0.463922 0.0448904 0.884698 35.6026 0.0297278 0.998889 -0.0350962 0.742488 -0.88533 0.0100184 -0.464773 4.26043 0 0 0 1.00007 
-0.477656 0.0452385 0.87735 36.3071 0.0319485 0.998863 -0.0341107 0.696268 -0.877927 0.0117371 -0.478587 3.86691 0 0 0 1.00007 
-0.488731 0.0494781 0.870998 37.0045 0.0359617 0.99864 -0.0365508 0.651775 -0.871654 0.0134593 -0.489875 3.4673 0 0 0 1.00007 
-0.498456 0.0519994 0.865317 37.6964 0.0367876 0.99852 -0.0388134 0.606959 -0.86609 0.0124864 -0.499663 3.06273 0 0 0 1.00007 
-0.509114 0.0514007 0.859124 38.3838 0.0309086 0.998613 -0.0414303 0.55869 -0.860098 0.00546151 -0.510029 2.66132 0 0 0 1.00007 
-0.520246 0.0499931 0.852513 39.0656 0.0303348 0.998688 -0.0400538 0.511992 -0.853431 0.0050229 -0.521113 2.24968 0 0 0 1.00007 
-0.528869 0.0513378 0.84711 39.7414 0.0323219 0.998613 -0.0403406 0.468574 -0.848041 0.00604532 -0.529828 1.82068 0 0 0 1.00007 
-0.536 0.0544332 0.84242 40.4233 0.0354573 0.998439 -0.0419548 0.422119 -0.843424 0.00738213 -0.537128 1.3806 0 0 0 1.00007 
-0.539453 0.0573534 0.840022 41.1144 0.0365296 0.998284 -0.0447005 0.378334 -0.841177 0.00657176 -0.540656 0.937105 0 0 0 1.00008 
-0.539139 0.0596475 0.840101 41.8208 0.0363945 0.998184 -0.0475167 0.334032 -0.841454 0.00495652 -0.540329 0.485466 0 0 0 1.0001 
-0.53576 0.0599477 0.84224 42.5423 0.0384622 0.998153 -0.0465802 0.286773 -0.84352 0.00743826 -0.537073 0.0257629 0 0 0 1.0001 
-0.529903 0.058841 0.846014 43.2831 0.0366014 0.998226 -0.0465035 0.236799 -0.847293 0.00632251 -0.531114 -0.431383 0 0 0 1.0001 
-0.522977 0.0575279 0.850403 44.0416 0.0344428 0.998309 -0.0463535 0.188025 -0.851675 0.00504784 -0.524072 -0.889243 0 0 0 1.0001 
-0.515816 0.0570432 0.854802 44.8174 0.0327649 0.998345 -0.0468524 0.137898 -0.856101 0.00383969 -0.516828 -1.34986 0 0 0 1.0001 
-0.509483 0.0556012 0.858684 45.6099 0.0297626 0.99843 -0.0469926 0.086141 -0.859992 0.00161401 -0.510335 -1.81076 0 0 0 1.0001 
-0.505295 0.0532633 0.861305 46.4209 0.0252668 0.998558 -0.0469297 0.0342717 -0.862604 -0.00195184 -0.505908 -2.27303 0 0 0 1.0001 
-0.503957 0.0505736 0.86225 47.2505 0.0210612 0.998687 -0.0462681 -0.0189906 -0.863499 -0.0051582 -0.504356 -2.74448 0 0 0 1.00011 
-0.50442 0.0479497 0.862127 48.0908 0.0177511 0.998799 -0.0451669 -0.073206 -0.8633 -0.00748061 -0.504662 -3.22411 0 0 0 1.00011 
-0.505352 0.0469106 0.861638 48.9409 0.0166628 0.998844 -0.0446095 -0.128212 -0.862778 -0.00818744 -0.505546 -3.71382 0 0 0 1.00011 
-0.50578 0.0461453 0.86143 49.8025 0.0164354 0.998882 -0.0438601 -0.182675 -0.862532 -0.00802686 -0.505969 -4.21403 0 0 0 1.00011 
-0.505922 0.0457276 0.86137 50.6746 0.0164088 0.998904 -0.0433929 -0.237695 -0.862451 -0.0078206 -0.506113 -4.72168 0 0 0 1.00011 
-0.505988 0.0449015 0.861377 51.5538 0.0165791 0.998948 -0.0423356 -0.29295 -0.862411 -0.00714171 -0.506194 -5.23318 0 0 0 1.00011 
-0.506134 0.044651 0.861307 52.4425 0.0161567 0.998959 -0.0422944 -0.349864 -0.862336 -0.00749203 -0.506322 -5.74958 0 0 0 1.00011 
-0.506356 0.0429954 0.861263 53.3359 0.0142695 0.999024 -0.0414849 -0.407759 -0.862242 -0.00871762 -0.506467 -6.26603 0 0 0 1.00011 
-0.506342 0.0423427 0.861302 54.2284 0.0138021 0.999049 -0.0410022 -0.467088 -0.862256 -0.00887477 -0.506438 -6.78359 0 0 0 1.00011 
-0.505744 0.0416366 0.861688 55.1174 0.0126115 0.99907 -0.0408746 -0.526036 -0.862625 -0.00980634 -0.505792 -7.29787 0 0 0 1.00011 
-0.504469 0.0401318 0.862508 56.0042 0.012233 0.999138 -0.0393359 -0.585063 -0.863378 -0.0092941 -0.504517 -7.80901 0 0 0 1.00011 
-0.502404 0.038057 0.863804 56.8922 0.0124606 0.99923 -0.0367779 -0.643379 -0.864576 -0.00771519 -0.502485 -8.31963 0 0 0 1.00011 
-0.499986 0.0366039 0.865269 57.7781 0.0127288 0.999293 -0.0349202 -0.700664 -0.865973 -0.00644715 -0.500092 -8.82579 0 0 0 1.00011 
-0.497682 0.0364129 0.866607 58.6647 0.0129123 0.999305 -0.034575 -0.75506 -0.867298 -0.00601886 -0.497799 -9.32758 0 0 0 1.00011 
-0.495587 0.0367231 0.867794 59.5518 0.0131673 0.999297 -0.03477 -0.809387 -0.868494 -0.00580644 -0.495714 -9.82913 0 0 0 1.00011 
-0.494675 0.0372705 0.86829 60.4352 0.0130766 0.999282 -0.0354443 -0.864251 -0.869015 -0.00618058 -0.494795 -10.3266 0 0 0 1.00011 
-0.495534 0.0386052 0.867743 61.3177 0.0123334 0.99922 -0.0374124 -0.920853 -0.868537 -0.00783836 -0.495611 -10.8234 0 0 0 1.00011 
-0.498463 0.040382 0.865985 62.1925 0.0110282 0.999127 -0.0402438 -0.978858 -0.866879 -0.0105112 -0.49846 -11.3189 0 0 0 1.00012 
-0.503007 0.0408405 0.863331 63.0632 0.00976085 0.999085 -0.0415765 -1.03743 -0.864265 -0.0124878 -0.502932 -11.8178 0 0 0 1.00012 
-0.508484 0.0394739 0.860184 63.9266 0.0110683 0.999166 -0.03931 -1.09533 -0.861042 -0.0104691 -0.508482 -12.3237 0 0 0 1.00012 
-0.513961 0.0371809 0.85702 64.7865 0.0123477 0.999274 -0.0359484 -1.15347 -0.857761 -0.00789531 -0.514035 -12.8371 0 0 0 1.00012 
-0.519273 0.0346979 0.853917 65.6409 0.00955857 0.999346 -0.0347956 -1.20995 -0.854592 -0.00990774 -0.519253 -13.3484 0 0 0 1.00012 
-0.524264 0.0380312 0.850725 66.4868 0.0115437 0.999229 -0.0375571 -1.26368 -0.85152 -0.00987078 -0.524284 -13.8664 0 0 0 1.00012 
-0.52929 0.0396249 0.847537 67.3216 0.0119899 0.999162 -0.0392272 -1.31817 -0.848402 -0.010602 -0.529306 -14.3833 0 0 0 1.00012 
-0.534099 0.0405839 0.844472 68.1458 0.0107028 0.999098 -0.0412469 -1.37587 -0.845403 -0.012993 -0.534035 -14.8947 0 0 0 1.00012 
-0.53783 0.0405154 0.842105 68.9709 0.00928028 0.999076 -0.0421415 -1.43477 -0.843053 -0.0148513 -0.537691 -15.4139 0 0 0 1.00012 
-0.541171 0.0399136 0.839993 69.7882 0.0103547 0.999123 -0.0408048 -1.49222 -0.840901 -0.0133858 -0.541092 -15.9363 0 0 0 1.00012 
-0.543453 0.0332325 0.83881 70.6088 0.0113381 0.999426 -0.032251 -1.54336 -0.839416 -0.00801784 -0.543499 -16.4674 0 0 0 1.00012 
-0.545567 0.0244417 0.83774 71.4296 0.0108098 0.999707 -0.0221285 -1.5942 -0.838051 -0.00301838 -0.545653 -16.9979 0 0 0 1.00012 
-0.547095 0.0231732 0.836772 72.2397 0.0121943 0.999735 -0.0197145 -1.63836 -0.837028 -0.000583585 -0.547218 -17.5232 0 0 0 1.00012 
-0.548217 0.0276133 0.8359 73.0409 0.0118894 0.999614 -0.025225 -1.67634 -0.836297 -0.00389198 -0.548319 -18.0427 0 0 0 1.00012 
-0.549352 0.0342765 0.834906 73.8371 0.0141121 0.999397 -0.0317451 -1.72019 -0.835515 -0.00565835 -0.549491 -18.5645 0 0 0 1.00012 
-0.54957 0.0380821 0.834597 74.6315 0.0196197 0.999274 -0.032678 -1.76487 -0.83526 -0.0015856 -0.549905 -19.094 0 0 0 1.00012 
-0.549318 0.0394082 0.834702 75.4258 0.0231546 0.999222 -0.0319386 -1.81473 -0.835336 0.00178155 -0.54979 -19.6237 0 0 0 1.00012 
-0.54884 0.0359225 0.835173 76.2201 0.0217619 0.999352 -0.0286843 -1.86 -0.835687 0.00243054 -0.549253 -20.1432 0 0 0 1.00012 
-0.548104 0.0311921 0.835847 77.0141 0.0205628 0.999505 -0.0238166 -1.89901 -0.836201 0.00413195 -0.548461 -20.6604 0 0 0 1.00012 
-0.547305 0.0244162 0.836598 77.8088 0.017399 0.999692 -0.0177947 -1.9397 -0.836798 0.00481523 -0.547547 -21.1731 0 0 0 1.00012 
-0.546806 0.0187204 0.837074 78.6068 0.00898909 0.999827 -0.0164894 -1.9769 -0.83726 -0.00149377 -0.546864 -21.6751 0 0 0 1.00013 
-0.54529 0.0135375 0.838159 79.4039 0.00155627 0.999886 -0.0151382 -2.00616 -0.838292 -0.00695232 -0.545235 -22.1741 0 0 0 1.00013 
-0.543188 0.0143992 0.839511 80.1984 0.00503644 0.999895 -0.0138925 -2.03924 -0.839645 -0.00332002 -0.543187 -22.6875 0 0 0 1.00013 
-0.539935 0.0177043 0.841489 80.9879 0.00908041 0.999801 -0.0152098 -2.07407 -0.841651 -0.000573089 -0.539998 -23.1969 0 0 0 1.00013 
-0.534555 0.0210274 0.844841 81.7774 0.011424 0.999736 -0.0176555 -2.10354 -0.845051 0.000211881 -0.534663 -23.6942 0 0 0 1.00013 
-0.526673 0.0233356 0.849717 82.5683 0.0165984 0.999674 -0.0171669 -2.13641 -0.849901 0.00506124 -0.526896 -24.1892 0 0 0 1.00013 
-0.518426 0.0267078 0.854678 83.3637 0.0241517 0.999539 -0.0165854 -2.17385 -0.854779 0.0120428 -0.518835 -24.6799 0 0 0 1.00013 
-0.508546 0.0256358 0.860624 84.1684 0.0214169 0.999591 -0.0171206 -2.20328 -0.860765 0.0097244 -0.508889 -25.1492 0 0 0 1.00013 
-0.497631 0.0234573 0.867044 84.9784 0.0194405 0.999653 -0.0158879 -2.2321 -0.867169 0.00894837 -0.497915 -25.6034 0 0 0 1.00013 
-0.486002 0.0202589 0.873696 85.7922 0.0197849 0.999699 -0.0121756 -2.26324 -0.873731 0.0113676 -0.486257 -26.0516 0 0 0 1.00013 
-0.474862 0.0195416 0.879818 86.6107 0.0194649 0.999712 -0.0116995 -2.29393 -0.879844 0.0115689 -0.475104 -26.4867 0 0 0 1.00013 
-0.463023 0.018807 0.886122 87.4298 0.0200967 0.999711 -0.0107173 -2.31907 -0.886118 0.0128448 -0.463265 -26.9072 0 0 0 1.00013 
-0.450991 0.0198607 0.892278 88.2524 0.0216039 0.999671 -0.0113322 -2.3481 -0.89226 0.0141651 -0.45127 -27.3198 0 0 0 1.00013 
-0.438931 0.0238033 0.898177 89.0797 0.0215298 0.99961 -0.0159705 -2.3843 -0.898257 0.0123268 -0.43927 -27.7181 0 0 0 1.00013 
-0.427195 0.0332561 0.903522 89.904 0.0244484 0.999354 -0.0252244 -2.41386 -0.903825 0.0113133 -0.427728 -28.1051 0 0 0 1.00013 
-0.414558 0.0379334 0.909208 90.7309 0.0241192 0.999212 -0.0306916 -2.44758 -0.909702 0.00920531 -0.41514 -28.4769 0 0 0 1.00013 
-0.403093 0.0344629 0.914487 91.5779 0.0226878 0.999334 -0.0276604 -2.49005 -0.914877 0.00959729 -0.4036 -28.8403 0 0 0 1.00013 
-0.391367 0.0308048 0.919697 92.4256 0.021339 0.99945 -0.0243959 -2.53317 -0.919987 0.0100769 -0.391802 -29.1931 0 0 0 1.00013 
-0.381664 0.0316081 0.923738 93.2668 0.0186469 0.99945 -0.0264947 -2.5765 -0.924112 0.00711193 -0.382036 -29.5312 0 0 0 1.00013 
-0.374811 0.036069 0.926403 94.1094 0.0140425 0.999348 -0.033228 -2.62194 -0.927019 0.000553806 -0.375056 -29.8575 0 0 0 1.00013 
-0.369922 0.0410599 0.928159 94.9511 0.00837299 0.999129 -0.0408627 -2.66689 -0.92905 -0.00734559 -0.369927 -30.1781 0 0 0 1.00013 
-0.366482 0.0431334 0.929431 95.7944 0.00599653 0.999014 -0.0439986 -2.71919 -0.930432 -0.0105523 -0.366362 -30.499 0 0 0 1.00013 
-0.362722 0.0429128 0.930915 96.6394 0.00484524 0.999014 -0.0441645 -2.77458 -0.931911 -0.01151 -0.362554 -30.8205 0 0 0 1.00013 
-0.35764 0.0430703 0.932862 97.4793 0.00439033 0.999003 -0.0444407 -2.82836 -0.933855 -0.0118 -0.357458 -31.1361 0 0 0 1.00013 
-0.351988 0.0386916 0.935199 98.326 0.00128189 0.999165 -0.0408553 -2.8804 -0.936009 -0.0131836 -0.351729 -31.4458 0 0 0 1.00014 
-0.346722 0.0350431 0.937308 99.1762 0.00114059 0.999317 -0.0369393 -2.93325 -0.937972 -0.0117405 -0.346512 -31.752 0 0 0 1.00014 
-0.34096 0.0320126 0.939527 100.022 -0.000685432 0.999411 -0.0343016 -2.9855 -0.940081 -0.0123414 -0.340723 -32.0506 0 0 0 1.00014 
-0.335368 0.0303035 0.941595 100.877 -0.00904591 0.99934 -0.0353831 -3.03184 -0.942055 -0.0203859 -0.334854 -32.3358 0 0 0 1.00016 
-0.329287 0.0304057 0.943737 101.729 -0.0162824 0.999157 -0.0378718 -3.07804 -0.944102 -0.027839 -0.328496 -32.6106 0 0 0 1.00016 
-0.322538 0.0346783 0.945918 102.573 -0.014503 0.999039 -0.0415703 -3.12809 -0.946458 -0.0271285 -0.321706 -32.8913 0 0 0 1.00016 
-0.315467 0.038101 0.948169 103.416 -0.0127053 0.998943 -0.0443678 -3.1774 -0.948864 -0.0260451 -0.314631 -33.1687 0 0 0 1.00016 
-0.308957 0.0362366 0.950384 104.275 -0.0140377 0.999001 -0.042653 -3.22598 -0.950986 -0.0265209 -0.30812 -33.4392 0 0 0 1.00016 
-0.301941 0.0313732 0.952809 105.136 -0.0146126 0.999199 -0.0375306 -3.27849 -0.953229 -0.0252569 -0.301221 -33.7047 0 0 0 1.00016 
-0.294934 0.0286376 0.955088 105.998 -0.0160871 0.999271 -0.0349294 -3.32853 -0.955397 -0.0256684 -0.294238 -33.9634 0 0 0 1.00016 
-0.288537 0.0319514 0.956933 106.858 -0.017966 0.999085 -0.0387762 -3.3746 -0.95728 -0.0283829 -0.287693 -34.2131 0 0 0 1.00016 
-0.282126 0.0347871 0.958743 107.715 -0.0171983 0.998996 -0.0413087 -3.42341 -0.959202 -0.0281453 -0.281239 -34.4573 0 0 0 1.00016 
-0.275456 0.0353734 0.96066 108.571 -0.0195539 0.998908 -0.0423887 -3.47219 -0.961094 -0.0304631 -0.274457 -34.6917 0 0 0 1.00016 
-0.268391 0.0348326 0.962702 109.434 -0.0197063 0.998961 -0.0416386 -3.52358 -0.963113 -0.0301482 -0.267413 -34.9246 0 0 0 1.00016 
-0.260305 0.0347499 0.964921 110.291 -0.0156457 0.999091 -0.0402013 -3.57401 -0.965402 -0.0255633 -0.259514 -35.1544 0 0 0 1.00016 
-0.252569 0.0359099 0.966936 111.156 -0.013001 0.999119 -0.0405012 -3.62469 -0.967497 -0.0228023 -0.251868 -35.3799 0 0 0 1.00016 
-0.245955 0.0365245 0.968619 112.021 -0.0118138 0.99913 -0.0406749 -3.67535 -0.969217 -0.021449 -0.245297 -35.5933 0 0 0 1.00017 
-0.239284 0.0352528 0.970335 112.888 -0.0181061 0.999031 -0.0407604 -3.72566 -0.970788 -0.0273238 -0.238402 -35.7913 0 0 0 1.00017 
-0.23361 0.0334954 0.97178 113.757 -0.0222162 0.998989 -0.039774 -3.77592 -0.972085 -0.0308822 -0.232618 -35.9848 0 0 0 1.00017 
-0.229009 0.0335651 0.972872 114.636 -0.0195248 0.999074 -0.0390652 -3.82677 -0.973237 -0.0279429 -0.22813 -36.1872 0 0 0 1.00017 
-0.224254 0.0339437 0.973966 115.511 -0.0178106 0.999111 -0.038921 -3.87701 -0.974376 -0.0260767 -0.223439 -36.3856 0 0 0 1.00017 
-0.219502 0.0352586 0.975004 116.382 -0.0169212 0.999089 -0.0399392 -3.92595 -0.975477 -0.0252666 -0.218694 -36.5739 0 0 0 1.00017 
-0.2136 0.034513 0.976343 117.253 -0.0107755 0.999264 -0.0376808 -3.97259 -0.976875 -0.018571 -0.213059 -36.7665 0 0 0 1.00017 
-0.208058 0.0333711 0.97758 118.13 -0.00350728 0.999419 -0.0348632 -4.0191 -0.978125 -0.0106844 -0.207809 -36.9601 0 0 0 1.00017 
-0.203199 0.0324877 0.978633 119.002 -0.00175803 0.999471 -0.0335446 -4.068 -0.979152 -0.00853901 -0.203023 -37.1408 0 0 0 1.00018 
-0.19903 0.0341616 0.979434 119.877 -0.00366893 0.999395 -0.0356036 -4.11244 -0.980004 -0.0106818 -0.198772 -37.3107 0 0 0 1.00018 
-0.195384 0.036059 0.9801 120.748 -0.00528212 0.999307 -0.0378188 -4.15604 -0.98073 -0.0125683 -0.195047 -37.4776 0 0 0 1.00018 
-0.193565 0.0353503 0.980487 121.619 -0.00775164 0.9993 -0.0375591 -4.20467 -0.981075 -0.0148724 -0.193145 -37.6414 0 0 0 1.00018 
-0.192436 0.0342507 0.980751 122.493 -0.00821648 0.999338 -0.0365123 -4.25079 -0.981295 -0.0150865 -0.192016 -37.8061 0 0 0 1.00018 
-0.191234 0.0298874 0.98113 123.369 -0.00678695 0.999513 -0.0317704 -4.29336 -0.981543 -0.0127365 -0.190927 -37.976 0 0 0 1.00018 
-0.189983 0.0247342 0.981518 124.244 -0.00774163 0.999655 -0.0266899 -4.3378 -0.98178 -0.0126712 -0.189714 -38.142 0 0 0 1.00018 
-0.189078 0.0229823 0.981737 125.115 -0.00713906 0.99971 -0.0247783 -4.37896 -0.981961 -0.0116957 -0.188846 -38.3052 0 0 0 1.00018 
-0.187763 0.0277073 0.981868 125.971 -0.007318 0.999579 -0.0296067 -4.41851 -0.982213 -0.0127463 -0.187469 -38.4648 0 0 0 1.00018 
-0.187697 0.0315155 0.981766 126.824 -0.00735164 0.999456 -0.0334891 -4.45761 -0.982225 -0.0135053 -0.187351 -38.6237 0 0 0 1.00018 
-0.18768 0.0307249 0.981795 127.68 -0.0104277 0.999438 -0.0332705 -4.49855 -0.982202 -0.0164838 -0.187242 -38.7782 0 0 0 1.00018 
-0.187037 0.0299206 0.981943 128.534 -0.0121627 0.999435 -0.0327706 -4.54522 -0.982305 -0.0180739 -0.186555 -38.9334 0 0 0 1.00018 
-0.186312 0.0308516 0.982052 129.384 -0.00775685 0.999475 -0.0328707 -4.58871 -0.982487 -0.0137437 -0.185962 -39.0955 0 0 0 1.0002 
-0.185525 0.0333961 0.982119 130.221 -0.00967279 0.999358 -0.0358097 -4.62839 -0.98262 -0.0161452 -0.185071 -39.2483 0 0 0 1.0002 
-0.185881 0.0341592 0.982025 131.064 -0.0182823 0.999147 -0.0382156 -4.67616 -0.982428 -0.0250584 -0.185085 -39.3888 0 0 0 1.00021 
-0.185423 0.0356301 0.982063 131.897 -0.0240984 0.998926 -0.0407922 -4.7244 -0.982393 -0.0312306 -0.184353 -39.5302 0 0 0 1.00021 
-0.185039 0.0393355 0.981992 132.723 -0.0209303 0.998879 -0.043955 -4.77405 -0.982554 -0.0286875 -0.183989 -39.682 0 0 0 1.00021 
-0.184464 0.0404466 0.982053 133.547 -0.0194033 0.998871 -0.0447829 -4.82559 -0.982692 -0.0273168 -0.183452 -39.8325 0 0 0 1.00021 
-0.182841 0.0415241 0.982313 134.366 -0.0203325 0.998799 -0.0460046 -4.87787 -0.982978 -0.0283852 -0.181758 -39.9755 0 0 0 1.00021 
-0.180897 0.0409566 0.982699 135.182 -0.012007 0.999033 -0.0438467 -4.92728 -0.983477 -0.0197322 -0.180211 -40.1285 0 0 0 1.00021 
-0.177391 0.037756 0.983464 135.997 -0.00692405 0.999252 -0.0396104 -4.97869 -0.984157 -0.0138379 -0.17698 -40.2821 0 0 0 1.00021 
-0.175404 0.0328537 0.983962 136.81 -0.00326365 0.999452 -0.0339516 -5.02768 -0.984502 -0.00916933 -0.175188 -40.4285 0 0 0 1.00021 
-0.171592 0.0325246 0.984645 137.623 -0.00151875 0.999479 -0.0332781 -5.07317 -0.985178 -0.00720853 -0.17144 -40.5689 0 0 0 1.00021 
-0.166477 0.0375962 0.98534 138.426 -0.000687107 0.9993 -0.0382438 -5.12088 -0.986054 -0.00704659 -0.166322 -40.7034 0 0 0 1.00021 
-0.159841 0.0408987 0.986307 139.224 0.00063551 0.999178 -0.0413282 -5.16441 -0.987152 -0.00598201 -0.159724 -40.8305 0 0 0 1.00021 
-0.151626 0.0417211 0.987562 140.026 0.000329203 0.999135 -0.0421584 -5.20442 -0.988429 -0.00607018 -0.1515 -40.9476 0 0 0 1.00021 
-0.141951 0.0372607 0.989177 140.827 0.00209537 0.999325 -0.0373412 -5.25273 -0.989862 -0.00323102 -0.141924 -41.0584 0 0 0 1.00021 
-0.129895 0.0359227 0.990886 141.628 0.00577938 0.999378 -0.0354721 -5.29877 -0.991513 0.001116 -0.130013 -41.164 0 0 0 1.00024 
-0.115973 0.0387024 0.99251 142.413 0.00991569 0.999263 -0.0378062 -5.34042 -0.993207 0.00545374 -0.116262 -41.2562 0 0 0 1.00024 
-0.101761 0.0398211 0.994025 143.2 0.00940665 0.999221 -0.0390654 -5.38274 -0.994771 0.00537193 -0.102047 -41.3302 0 0 0 1.00024 
-0.0879393 0.0399121 0.995337 143.985 0.0111062 0.999201 -0.039085 -5.42711 -0.996068 0.00761402 -0.0883042 -41.395 0 0 0 1.00024 
-0.0743647 0.0415498 0.996402 144.776 0.0116332 0.999152 -0.0407954 -5.47523 -0.997193 0.00855414 -0.0747756 -41.4517 0 0 0 1.00029 
-0.0606606 0.0480538 0.997038 145.55 0.0086553 0.99888 -0.0476152 -5.52663 -0.998151 0.005738 -0.0609999 -41.488 0 0 0 1.00029 
-0.0480823 0.0571196 0.997249 146.315 0.0014486 0.998421 -0.0571162 -5.57877 -0.998876 -0.00130448 -0.048081 -41.5063 0 0 0 1.00029 
-0.0343615 0.0651659 0.997322 147.081 -0.00262693 0.99793 -0.0652939 -5.63166 -0.999432 -0.00486645 -0.034112 -41.5192 0 0 0 1.00031 
-0.021247 0.0658222 0.997645 147.845 -0.00323228 0.997888 -0.0659049 -5.68734 -0.999795 -0.00462792 -0.0209832 -41.527 0 0 0 1.00031 
-0.0095269 0.0618961 0.998078 148.613 -0.00729448 0.998126 -0.0619658 -5.74841 -0.999956 -0.00787361 -0.00905213 -41.5213 0 0 0 1.00031 
0.00112752 0.0595718 0.998264 149.378 -0.0113214 0.998235 -0.0595544 -5.8124 -0.999963 -0.0112371 0.00180443 -41.5056 0 0 0 1.00032 
0.0101094 0.0660955 0.997805 150.131 -0.0150355 0.997787 -0.0659389 -5.87643 -0.999866 -0.0143381 0.0110844 -41.4837 0 0 0 1.00032 
0.0166701 0.0740668 0.997158 150.879 -0.0182295 0.997188 -0.0737612 -5.93619 -0.999726 -0.01695 0.0179765 -41.46 0 0 0 1.00032 
0.0196347 0.0771044 0.996875 151.629 -0.0210691 0.996912 -0.0766893 -5.99454 -0.999617 -0.0194991 0.0212013 -41.4338 0 0 0 1.00032 
0.0195318 0.0724829 0.997224 152.384 -0.0233511 0.99721 -0.0720215 -6.06 -0.999569 -0.021881 0.0211725 -41.4094 0 0 0 1.00032 
0.0177826 0.0680903 0.997564 153.137 -0.0247588 0.99748 -0.0676402 -6.13167 -0.999565 -0.023497 0.0194265 -41.3892 0 0 0 1.00032 
0.0149267 0.0652013 0.997806 153.887 -0.0230404 0.997709 -0.0648473 -6.19312 -0.999656 -0.0220233 0.0163979 -41.3752 0 0 0 1.00032 
0.0121254 0.0656419 0.997815 154.631 -0.0210012 0.99772 -0.0653774 -6.24931 -0.999739 -0.0201642 0.0134797 -41.3649 0 0 0 1.00032 
0.00846542 0.065608 0.997854 155.374 -0.0193761 0.997748 -0.0654336 -6.31134 -0.999808 -0.0187823 0.00972134 -41.3564 0 0 0 1.00032 
0.00371381 0.064079 0.997982 156.115 -0.0202487 0.997825 -0.0639903 -6.37436 -0.99982 -0.0199719 0.00500742 -41.3485 0 0 0 1.00032 
-0.00164464 0.0644908 0.997957 156.859 -0.0209938 0.997772 -0.0645101 -6.42858 -0.999806 -0.0210587 -0.000282405 -41.3455 0 0 0 1.00032 
-0.00758104 0.0626465 0.998047 157.599 -0.0221613 0.997857 -0.0627995 -6.48598 -0.999754 -0.0225956 -0.00617129 -41.3461 0 0 0 1.00032 
-0.0133737 0.0599405 0.998155 158.338 -0.0197629 0.99807 -0.0601969 -6.54821 -0.999745 -0.0205333 -0.0121576 -41.3559 0 0 0 1.00032 
-0.0186833 0.0598852 0.998071 159.071 -0.0203905 0.998052 -0.0602623 -6.60371 -0.999645 -0.0214787 -0.0174197 -41.3665 0 0 0 1.00033 
-0.0241456 0.0611863 0.997876 159.797 -0.0219736 0.997931 -0.0617179 -6.65921 -0.999496 -0.0234186 -0.0227444 -41.3771 0 0 0 1.00033 
-0.02822 0.0634946 0.997644 160.523 -0.0223308 0.997797 -0.0641315 -6.71936 -0.999408 -0.0240889 -0.026732 -41.3924 0 0 0 1.00035 
-0.0307632 0.065756 0.997421 161.241 -0.0221954 0.997647 -0.0664511 -6.77866 -0.999334 -0.0241833 -0.0292232 -41.4101 0 0 0 1.00035 
-0.0323967 0.0672714 0.997269 161.955 -0.0192933 0.997611 -0.0679167 -6.83455 -0.999345 -0.0214421 -0.031013 -41.4318 0 0 0 1.00035 
-0.0316215 0.0657461 0.997399 162.668 -0.0159668 0.997783 -0.0662732 -6.89203 -0.999432 -0.0180224 -0.0304931 -41.454 0 0 0 1.00035 
-0.0276436 0.0620206 0.997756 163.378 -0.0134883 0.998068 -0.0624092 -6.95296 -0.999586 -0.0151851 -0.0267456 -41.4721 0 0 0 1.00035 
-0.0201876 0.0618652 0.997945 164.08 -0.012485 0.998101 -0.0621229 -7.01248 -0.999779 -0.0137155 -0.0193696 -41.4806 0 0 0 1.00035 
-0.00887031 0.0626432 0.998057 164.776 -0.00997388 0.998087 -0.0627292 -7.06841 -0.999967 -0.0105133 -0.0082226 -41.4826 0 0 0 1.00035 
0.00580244 0.0628972 0.998066 165.469 -0.00744078 0.998103 -0.0628518 -7.12236 -1.00001 -0.00706447 0.00626378 -41.4763 0 0 0 1.00036 
0.0210995 0.0605102 0.998008 166.157 -0.00855293 0.99825 -0.0603396 -7.1738 -0.9998 -0.00726552 0.0215827 -41.4517 0 0 0 1.00036 
0.0371272 0.0557427 0.997844 166.84 -0.0136124 0.998513 -0.0552693 -7.22597 -0.999303 -0.011533 0.0378303 -41.4088 0 0 0 1.00036 
0.053569 0.0491873 0.997451 167.522 -0.015102 0.998842 -0.048442 -7.27383 -0.998517 -0.0124703 0.0542482 -41.3595 0 0 0 1.00036 
0.0707649 0.0419084 0.99671 168.199 -0.0154623 0.999172 -0.0409113 -7.31598 -0.997438 -0.0125182 0.0713499 -41.3019 0 0 0 1.00036 
0.0883441 0.0345212 0.995602 168.876 -0.0162045 0.999475 -0.0332134 -7.35511 -0.996083 -0.0132001 0.0888449 -41.2322 0 0 0 1.00038 
0.105537 0.0285831 0.994116 169.544 -0.0179467 0.999638 -0.0268324 -7.3927 -0.994379 -0.0150101 0.105997 -41.1473 0 0 0 1.00038 
0.123483 0.0263462 0.992108 170.197 -0.0189602 0.999686 -0.0241834 -7.42645 -0.99229 -0.0158251 0.123926 -41.0531 0 0 0 1.00039 
0.141557 0.0249916 0.989724 170.844 -0.0176307 0.999742 -0.0227187 -7.45442 -0.989896 -0.0142345 0.141942 -40.9511 0 0 0 1.00039 
0.159022 0.0244592 0.987084 171.483 -0.0189205 0.999743 -0.0217205 -7.47933 -0.987219 -0.0152228 0.159422 -40.8358 0 0 0 1.00039 
0.175049 0.0235316 0.98439 172.115 -0.0238247 0.99968 -0.0196563 -7.5029 -0.984396 -0.0200121 0.175529 -40.705 0 0 0 1.00039 
0.189441 0.0200356 0.981802 172.741 -0.0260812 0.999701 -0.0153643 -7.52758 -0.981673 -0.0226956 0.18988 -40.5695 0 0 0 1.00039 
0.201851 0.0161472 0.979399 173.365 -0.0227203 0.999833 -0.0117973 -7.54909 -0.979281 -0.019871 0.202156 -40.4368 0 0 0 1.00039 
0.212768 0.0150368 0.977103 173.981 -0.0205927 0.999888 -0.0108991 -7.56992 -0.977014 -0.0178026 0.213024 -40.2985 0 0 0 1.00039 
0.222593 0.0187981 0.974849 174.582 -0.0249692 0.999758 -0.0135728 -7.59355 -0.974722 -0.0213198 0.222977 -40.1466 0 0 0 1.00039 
0.231546 0.0259669 0.972599 175.174 -0.0291585 0.999545 -0.0197404 -7.61811 -0.97252 -0.0237881 0.232164 -39.9879 0 0 0 1.00039 
0.240763 0.0358289 0.970048 175.759 -0.0290946 0.999305 -0.0296841 -7.64078 -0.970285 -0.0210761 0.241601 -39.8361 0 0 0 1.00039 
0.249196 0.0416156 0.967683 176.351 -0.0234059 0.99921 -0.0369398 -7.66192 -0.968307 -0.0134452 0.249936 -39.6873 0 0 0 1.00039 
0.255809 0.039775 0.966035 176.95 -0.0228008 0.999292 -0.0351023 -7.68414 -0.966596 -0.0130478 0.256497 -39.5249 0 0 0 1.00039 
0.261717 0.0323765 0.964729 177.553 -0.0255966 0.999488 -0.0265948 -7.70794 -0.964945 -0.0177337 0.262372 -39.3498 0 0 0 1.00039 
0.266035 0.0219864 0.963842 178.159 -0.030257 0.999609 -0.0144467 -7.73474 -0.963629 -0.0253186 0.266555 -39.1699 0 0 0 1.00039 
0.268117 0.0139176 0.963416 178.764 -0.0305704 0.999687 -0.00592962 -7.76106 -0.963043 -0.0278608 0.268417 -38.9946 0 0 0 1.00039 
0.269214 0.0131852 0.96312 179.366 -0.0271494 0.999783 -0.00609406 -7.78119 -0.962838 -0.0245066 0.269473 -38.827 0 0 0 1.00039 
0.270571 0.0151804 0.962709 179.964 -0.0236881 0.999847 -0.00910414 -7.79644 -0.962548 -0.0203413 0.270848 -38.6612 0 0 0 1.00039 
0.27237 0.0146997 0.962207 180.569 -0.020469 0.999913 -0.00947735 -7.80818 -0.962113 -0.0171143 0.272607 -38.4921 0 0 0 1.00039 
0.274161 0.0125258 0.961728 181.177 -0.0223879 0.999893 -0.00663648 -7.81846 -0.96156 -0.0197116 0.274372 -38.3123 0 0 0 1.00039 
0.277045 0.00890883 0.960944 181.79 -0.0227551 0.999905 -0.00270539 -7.83218 -0.960726 -0.0211165 0.27718 -38.1309 0 0 0 1.00039 
0.280171 0.00380213 0.960072 182.407 -0.0221663 0.999921 0.00251295 -7.8459 -0.959834 -0.0219848 0.280191 -37.947 0 0 0 1.0004 
0.284731 0.00105385 0.958736 183.023 -0.02094 0.999937 0.005124 -7.85467 -0.958519 -0.0215346 0.284692 -37.7614 0 0 0 1.0004 
0.291162 -0.00117776 0.956803 183.64 -0.0190771 0.999962 0.00704045 -7.85884 -0.956623 -0.0203028 0.291084 -37.5721 0 0 0 1.0004 
0.299193 -0.00430851 0.954313 184.261 -0.0175639 0.999964 0.0100255 -7.86453 -0.954171 -0.0197609 0.299061 -37.3747 0 0 0 1.0004 
0.309045 -0.0062172 0.951157 184.88 -0.0150602 0.999989 0.011434 -7.87216 -0.951068 -0.0178585 0.308901 -37.171 0 0 0 1.0004 
0.320243 -0.00409086 0.947452 185.495 -0.0166004 0.999977 0.00993294 -7.8784 -0.947327 -0.0189092 0.32012 -36.9539 0 0 0 1.0004 
0.331787 -0.000257809 0.943486 186.104 -0.0178279 0.999988 0.00654694 -7.88313 -0.943328 -0.0189926 0.331728 -36.7279 0 0 0 1.0004 
0.343615 0.00290339 0.939238 186.719 -0.0189881 0.999981 0.00385987 -7.88602 -0.939062 -0.0191607 0.343611 -36.4942 0 0 0 1.0004 
0.355439 0.00320503 0.934829 187.339 -0.0176658 1.00001 0.0032927 -7.88873 -0.934679 -0.017685 0.355444 -36.2521 0 0 0 1.0004 
0.366827 0.000225442 0.930425 187.959 -0.0169474 1.00001 0.0064437 -7.89349 -0.930282 -0.0181321 0.366776 -36.0014 0 0 0 1.0004 
0.378112 -0.00120628 0.925896 188.582 -0.0180106 0.999973 0.00866226 -7.90101 -0.925733 -0.0199511 0.378021 -35.7372 0 0 0 1.0004 
0.389581 -0.00175706 0.921129 189.206 -0.0196473 0.999928 0.0102214 -7.90488 -0.920932 -0.0220792 0.389457 -35.4647 0 0 0 1.0004 
0.399148 -0.00282868 0.917024 189.832 -0.0234722 0.999812 0.0133051 -7.90512 -0.916739 -0.0268339 0.398943 -35.1794 0 0 0 1.0004 
0.406369 -0.00157115 0.913851 190.461 -0.0271669 0.999712 0.0138037 -7.90478 -0.913459 -0.0304339 0.406144 -34.8879 0 0 0 1.0004 
0.410828 -0.00452441 0.911846 191.097 -0.027109 0.999662 0.0171784 -7.90585 -0.911464 -0.0317743 0.4105 -34.5957 0 0 0 1.00041 
0.413243 -0.00836665 0.91073 191.744 -0.0241155 0.999687 0.0201307 -7.90375 -0.91046 -0.0302795 0.412843 -34.303 0 0 0 1.00041 
0.413597 -0.0075895 0.91058 192.392 -0.0197243 0.999839 0.017297 -7.90009 -0.910408 -0.0251133 0.413311 -34.0128 0 0 0 1.00041 
0.412617 -0.00722952 0.911028 193.048 -0.0183719 0.999883 0.01626 -7.90116 -0.910881 -0.0234455 0.412366 -33.7153 0 0 0 1.00041 
0.412131 -0.00611145 0.911258 193.713 -0.0147241 0.999987 0.0133702 -7.89794 -0.911169 -0.0189274 0.411966 -33.4191 0 0 0 1.00041 
0.412027 -0.00804357 0.91129 194.389 -0.011437 1.00002 0.0140023 -7.89307 -0.911264 -0.016192 0.411874 -33.119 0 0 0 1.00041 
0.41147 -0.0139549 0.911468 195.071 -0.00794359 0.999974 0.0189005 -7.89178 -0.911551 -0.0150178 0.411279 -32.8173 0 0 0 1.00041 
0.410473 -0.0168744 0.91187 195.757 -0.00748683 0.999918 0.0218784 -7.89047 -0.912006 -0.0158078 0.410243 -32.5118 0 0 0 1.00043 
0.408961 -0.0193347 0.912502 196.438 -0.00662874 0.999872 0.0241613 -7.88889 -0.912693 -0.01593 0.408711 -32.2057 0 0 0 1.00043 
0.407718 -0.0194139 0.913056 197.116 -0.0074313 0.999856 0.0245823 -7.88078 -0.913242 -0.016808 0.407446 -31.9008 0 0 0 1.00043 
0.405922 -0.0196679 0.913854 197.799 -0.00886773 0.999825 0.0254616 -7.87399 -0.914033 -0.018439 0.405606 -31.5931 0 0 0 1.00043 
0.404258 -0.0186649 0.914609 198.481 -0.00957639 0.999836 0.0246415 -7.87384 -0.914759 -0.0187199 0.403944 -31.2879 0 0 0 1.00043 
0.403161 -0.0154196 0.915154 199.165 -0.00864884 0.999935 0.0206627 -7.8737 -0.915253 -0.0162456 0.402933 -30.9868 0 0 0 1.00043 
0.402607 -0.00945369 0.915477 199.847 -0.00882242 1.00004 0.0142114 -7.86821 -0.915494 -0.0137989 0.402473 -30.687 0 0 0 1.00043 
0.401606 -0.00660716 0.91594 200.531 -0.0109317 1.00005 0.0120116 -7.8654 -0.915909 -0.0148372 0.401487 -30.3833 0 0 0 1.00043 
0.400211 -0.00931473 0.916528 201.216 -0.0121067 0.999991 0.015454 -7.86739 -0.916506 -0.017281 0.400028 -30.0811 0 0 0 1.00044 
0.399186 -0.0123085 0.916944 201.904 -0.014039 0.999898 0.0195383 -7.87063 -0.91693 -0.0206718 0.398903 -29.7771 0 0 0 1.00044 
0.39664 -0.0114166 0.918112 202.597 -0.0180669 0.999868 0.0202429 -7.87289 -0.918017 -0.0246141 0.396293 -29.4744 0 0 0 1.00049 
0.392022 -0.0112219 0.920095 203.28 -0.0210998 0.999789 0.0211883 -7.87184 -0.919934 -0.0277169 0.391616 -29.1776 0 0 0 1.00049 
0.385453 -0.0124592 0.922852 203.967 -0.0207408 0.999776 0.0221651 -7.86662 -0.922715 -0.0276811 0.385023 -28.8927 0 0 0 1.00049 
0.376688 -0.0128536 0.926462 204.657 -0.0202204 0.999791 0.0220967 -7.86701 -0.926342 -0.0270539 0.376264 -28.6145 0 0 0 1.00049 
0.366787 -0.0118792 0.930443 205.345 -0.017476 0.999898 0.0196595 -7.86973 -0.930367 -0.0234689 0.366457 -28.3483 0 0 0 1.00049 
0.356284 -0.00852505 0.934552 206.032 -0.0184498 0.999943 0.0161596 -7.86784 -0.934421 -0.0229974 0.356025 -28.0895 0 0 0 1.00049 
0.344836 -0.00843673 0.938837 206.725 -0.0212953 0.999875 0.0168114 -7.8613 -0.938646 -0.025787 0.344534 -27.8329 0 0 0 1.00049 
0.33409 -0.0164477 0.942609 207.43 -0.0160471 0.999848 0.0231384 -7.85827 -0.942629 -0.0228542 0.333699 -27.591 0 0 0 1.00049 
0.325728 -0.0250697 0.945342 208.138 -0.0117408 0.999709 0.0305611 -7.85607 -0.945615 -0.0210518 0.325263 -27.3587 0 0 0 1.00049 
0.318653 -0.0305015 0.947596 208.843 -0.0112528 0.999539 0.0359617 -7.84701 -0.948033 -0.0221201 0.318088 -27.1232 0 0 0 1.0005 
0.314489 -0.0312329 0.948962 209.546 -0.0167808 0.999368 0.0384574 -7.83201 -0.949341 -0.0280151 0.313693 -26.8818 0 0 0 1.0005 
0.312081 -0.0330453 0.949695 210.253 -0.015656 0.999329 0.0399213 -7.81691 -0.950154 -0.0273236 0.311281 -26.651 0 0 0 1.0005 
0.31065 -0.0341347 0.950124 210.962 -0.0145724 0.999314 0.0406708 -7.80207 -0.950639 -0.0264768 0.309867 -26.4211 0 0 0 1.0005 
0.309743 -0.0321521 0.950491 211.673 -0.0147097 0.999395 0.0386042 -7.78585 -0.950935 -0.0259356 0.30901 -26.1876 0 0 0 1.00052 
0.309343 -0.0300489 0.95069 212.388 -0.0181176 0.999382 0.0374874 -7.76791 -0.951006 -0.0288169 0.308535 -25.946 0 0 0 1.00052 
0.309925 -0.0306788 0.95048 213.103 -0.0188542 0.999333 0.0384077 -7.75152 -0.950802 -0.02982 0.309067 -25.7076 0 0 0 1.00052 
0.31172 -0.0319711 0.94985 213.821 -0.0195088 0.999255 0.0400408 -7.73565 -0.950201 -0.0310076 0.310791 -25.4694 0 0 0 1.00052 
0.313222 -0.0339173 0.949289 214.541 -0.018036 0.999218 0.0416566 -7.72116 -0.949736 -0.030165 0.312292 -25.2324 0 0 0 1.00053 
0.31501 -0.0350039 0.948657 215.268 -0.01441 0.999276 0.0416609 -7.70361 -0.949206 -0.0267904 0.314203 -24.994 0 0 0 1.00053 
0.318172 -0.0363884 0.94755 215.996 -0.0133721 0.999241 0.0428679 -7.68215 -0.948168 -0.0263069 0.317369 -24.7486 0 0 0 1.00053 
0.322469 -0.0377935 0.946042 216.728 -0.0151454 0.999118 0.0450807 -7.66312 -0.946688 -0.0288615 0.321537 -24.4919 0 0 0 1.00053 
0.327626 -0.0416992 0.944106 217.46 -0.0168134 0.998861 0.0499566 -7.64083 -0.94489 -0.032236 0.326474 -24.2303 0 0 0 1.00053 
0.332724 -0.0453198 0.942153 218.197 -0.0175543 0.998623 0.0542399 -7.61493 -0.943092 -0.0345805 0.331392 -23.9641 0 0 0 1.00053 
0.336975 -0.0453454 0.94064 218.93 -0.0188034 0.998567 0.0548784 -7.59073 -0.941558 -0.0361742 0.33556 -23.6952 0 0 0 1.00053 
