1 -0 0 -0 -0 1 -0 0 0 -0 1 -0 -0 0 -0 1 
0.999987 0.00273325 0.00032228 -0.00880321 -0.00273386 0.999995 0.00164604 -0.0174989 -0.000317938 -0.00164691 0.999999 0.773131 0 0 0 1 
0.999977 0.00544692 0.000491133 -0.0166678 -0.00544803 0.999985 0.0020472 -0.0340103 -0.000480134 -0.00204984 1 1.53142 0 0 0 1 
0.999967 0.00685007 0.000831796 -0.0205685 -0.00685157 0.999976 0.0016627 -0.048819 -0.000820547 -0.00166835 1 2.28014 0 0 0 1 
0.999953 0.00885865 0.000961513 -0.0275506 -0.00886001 0.999962 0.00127508 -0.0623241 -0.000950343 -0.00128354 1 3.01787 0 0 0 1 
0.999955 0.00896325 0.00130905 -0.0310808 -0.00896471 0.999966 0.00100866 -0.0758816 -0.00130013 -0.00102035 1.00001 3.73727 0 0 0 1 
0.999952 0.00911531 0.00161899 -0.0351659 -0.00911864 0.999962 0.0019778 -0.0908388 -0.00160106 -0.00199248 1 4.43751 0 0 0 1 
0.999943 0.00995317 0.00218434 -0.038185 -0.00996353 0.999944 0.00471586 -0.102755 -0.00213744 -0.00473738 0.999992 5.12359 0 0 0 1 
0.999942 0.00968667 0.00361556 -0.0396901 -0.00971793 0.999921 0.00868915 -0.112681 -0.00353128 -0.00872383 0.999962 5.78873 0 0 0 1 
0.999942 0.0090104 0.00483184 -0.0358318 -0.00906887 0.99989 0.0121877 -0.12181 -0.00472167 -0.0122309 0.999919 6.43156 0 0 0 1 
0.999946 0.00822685 0.0058222 -0.0329142 -0.0083099 0.99987 0.0143628 -0.130295 -0.00570345 -0.0144104 0.999887 7.04786 0 0 0 1.00001 
0.999929 0.00872428 0.00697816 -0.0314873 -0.00882282 0.999863 0.0141974 -0.139133 -0.00685355 -0.0142581 0.999877 7.63512 0 0 0 1.00001 
0.999912 0.00972241 0.00807419 -0.0298494 -0.00981537 0.999888 0.0115362 -0.146901 -0.00796135 -0.0116145 0.999903 8.19417 0 0 0 1.00001 
0.999906 0.00978842 0.00894502 -0.0256793 -0.00986618 0.999918 0.00867465 -0.151688 -0.00885958 -0.00876217 0.999926 8.72564 0 0 0 1.00001 
0.999903 0.00813478 0.0105422 -0.018372 -0.00821038 0.999943 0.00713541 -0.156457 -0.0104838 -0.00722136 0.99992 9.23048 0 0 0 1.00001 
0.999904 0.00438532 0.012332 -0.00742548 -0.00444394 0.99998 0.00472261 -0.163844 -0.0123113 -0.00477704 0.999912 9.70408 0 0 0 1.00001 
0.99989 0.00257341 0.0141138 0.00169786 -0.00262418 0.999994 0.00357481 -0.172682 -0.0141047 -0.00361151 0.999896 10.1493 0 0 0 1.00001 
0.99984 0.00681233 0.0162424 0.00155775 -0.00684016 0.999982 0.00165223 -0.184126 -0.016231 -0.00176311 0.999872 10.5591 0 0 0 1.00001 
0.999747 0.0112551 0.0193018 0.00190494 -0.0112736 0.999943 0.000842975 -0.192725 -0.0192914 -0.00106041 0.999819 10.944 0 0 0 1.00001 
0.999669 0.0117701 0.0226802 0.00949867 -0.0118145 0.999936 0.00181838 -0.19908 -0.0226576 -0.00208579 0.999746 11.2989 0 0 0 1.00001 
0.999637 0.00759267 0.0257337 0.0253165 -0.0076527 0.999977 0.00223048 -0.204063 -0.0257164 -0.00242665 0.999673 11.6225 0 0 0 1.00001 
0.999598 0.00275482 0.0281892 0.0444999 -0.00281157 1 0.00197191 -0.207277 -0.028184 -0.00205041 0.999609 11.9127 0 0 0 1.00001 
0.999531 -0.000766368 0.0305533 0.0595639 0.000666294 1 0.00328506 -0.213417 -0.0305561 -0.0032632 0.999535 12.1779 0 0 0 1.00001 
0.999447 -0.00101859 0.0331719 0.0687149 0.000873935 0.999999 0.00437471 -0.219577 -0.0331765 -0.00434334 0.999447 12.4111 0 0 0 1.00001 
0.999377 -0.000281584 0.0352875 0.0755814 0.000160965 1.00001 0.0034205 -0.224102 -0.0352888 -0.00341273 0.999381 12.6186 0 0 0 1.00001 
0.999299 0.000717009 0.0374501 0.082545 -0.000791263 1.00001 0.00196721 -0.228442 -0.0374491 -0.0019955 0.999306 12.8066 0 0 0 1.00001 
0.999195 0.00290675 0.040014 0.0866391 -0.00295601 1.00001 0.00117062 -0.233577 -0.0400109 -0.001288 0.999208 12.9804 0 0 0 1.00001 
0.999114 0.0057359 0.0417055 0.0899302 -0.0057655 0.999995 0.000587456 -0.241365 -0.0417019 -0.00082743 0.999139 13.1444 0 0 0 1.00002 
0.999049 0.00705445 0.0430692 0.0958081 -0.00702708 0.999988 -0.000791157 -0.247587 -0.0430745 0.000487508 0.999075 13.3051 0 0 0 1.00002 
0.998968 0.00618748 0.0450204 0.105269 -0.00607745 0.99999 -0.00258415 -0.251022 -0.0450362 0.00230761 0.998985 13.458 0 0 0 1.00002 
0.998902 0.00485937 0.0464969 0.115965 -0.00467363 0.999988 -0.00410588 -0.253098 -0.0465168 0.00388381 0.998907 13.6047 0 0 0 1.00002 
0.998851 0.00407965 0.0476582 0.125902 -0.00383869 0.999987 -0.00514935 -0.256045 -0.047679 0.00496022 0.998848 13.7447 0 0 0 1.00002 
0.998776 0.00476496 0.0492096 0.132133 -0.00445176 0.999979 -0.00647527 -0.259647 -0.0492397 0.00624798 0.998768 13.8773 0 0 0 1.00002 
0.998709 0.00566872 0.0504351 0.140111 -0.00524056 0.999959 -0.00862062 -0.262766 -0.0504823 0.00834488 0.998689 14.0064 0 0 0 1.00002 
0.998613 0.00572428 0.0512767 0.146235 -0.00517844 0.999891 -0.0107762 -0.266283 -0.0513356 0.010496 0.998572 14.1294 0 0 0 1.00002 
0.998583 0.00481164 0.0519691 0.155315 -0.0041383 0.999869 -0.0130607 -0.269838 -0.052028 0.0128275 0.998509 14.2548 0 0 0 1.00002 
0.99862 0.00386544 0.0514493 0.16333 -0.00310014 0.999852 -0.0149504 -0.273233 -0.0515021 0.0147706 0.998515 14.381 0 0 0 1.00002 
0.998731 0.00339599 0.049358 0.168704 -0.00260368 0.999839 -0.0161118 -0.276671 -0.0494072 0.0159632 0.998606 14.5079 0 0 0 1.00002 
0.998869 0.00351617 0.0464118 0.171311 -0.00272852 0.999821 -0.0170276 -0.280493 -0.0464658 0.0168821 0.998729 14.6346 0 0 0 1.00002 
0.999035 0.00403796 0.0423516 0.17168 -0.00326961 0.999797 -0.0181999 -0.28418 -0.0424185 0.0180446 0.998883 14.7616 0 0 0 1.00002 
0.999266 0.00417946 0.0366518 0.169605 -0.00347999 0.999784 -0.0191323 -0.290447 -0.0367255 0.0189913 0.999097 14.8848 0 0 0 1.00002 
0.99949 0.00407821 0.0299719 0.167303 -0.00348251 0.999771 -0.0199071 -0.292424 -0.0300475 0.0197932 0.999306 15.0104 0 0 0 1.00002 
0.999703 0.00408577 0.0228032 0.16357 -0.0036146 0.999779 -0.0206743 -0.295364 -0.0228832 0.020586 0.999504 15.1389 0 0 0 1.00002 
0.999853 0.00403799 0.0147025 0.157221 -0.00371959 0.999757 -0.0216328 -0.298144 -0.0147868 0.0215752 0.999634 15.2699 0 0 0 1.00002 
0.99995 0.00287511 0.00458594 0.149169 -0.0027694 0.999727 -0.0229303 -0.30029 -0.00465106 0.0229168 0.999697 15.4066 0 0 0 1.00002 
0.999917 0.00142374 -0.0083627 0.137448 -0.00162947 0.999687 -0.024632 -0.30316 0.00832484 0.0246443 0.999629 15.5524 0 0 0 1.00002 
0.999651 0.000856649 -0.024556 0.118206 -0.00150824 0.999639 -0.026524 -0.307104 0.0245246 0.0265525 0.999314 15.7093 0 0 0 1.00002 
0.998993 0.00123161 -0.0438189 0.0908282 -0.00243483 0.999615 -0.0274128 -0.31257 0.0437688 0.0274926 0.998632 15.88 0 0 0 1.00002 
0.997798 0.00209159 -0.0656101 0.0559318 -0.00386868 0.999623 -0.026967 -0.318292 0.0655299 0.0271622 0.99745 16.0659 0 0 0 1.00002 
0.99597 0.00273889 -0.0891695 0.0123886 -0.00502876 0.99966 -0.0254625 -0.325774 0.0890707 0.0258089 0.995663 16.2679 0 0 0 1.00003 
0.993197 0.00375651 -0.11604 -0.0397715 -0.00657918 0.999691 -0.0239489 -0.33188 0.115916 0.02455 0.99293 16.4873 0 0 0 1.00003 
0.989203 0.00488839 -0.14629 -0.0996301 -0.00815687 0.999749 -0.0217494 -0.340965 0.146145 0.022708 0.988999 16.7142 0 0 0 1.00005 
0.983705 0.00502319 -0.179511 -0.168186 -0.00840681 0.99981 -0.0180919 -0.351135 0.179386 0.0193065 0.983579 16.951 0 0 0 1.00005 
0.976243 0.00613598 -0.216412 -0.255328 -0.00941966 0.999864 -0.0141436 -0.356152 0.216296 0.0158463 0.976187 17.2034 0 0 0 1.00005 
0.966523 0.00793486 -0.256285 -0.355888 -0.0105029 0.99991 -0.00865156 -0.363046 0.256196 0.0110538 0.966544 17.4601 0 0 0 1.00005 
0.954505 0.0119861 -0.297797 -0.473231 -0.0136876 0.999901 -0.00362706 -0.370479 0.297729 0.00753824 0.954601 17.7196 0 0 0 1.00006 
0.940251 0.0157217 -0.339975 -0.608908 -0.0164002 0.999864 0.000879969 -0.375816 0.339949 0.00474823 0.940409 17.9897 0 0 0 1.00006 
0.923404 0.0183502 -0.383265 -0.751594 -0.0170439 0.999831 0.00680624 -0.385067 0.383333 0.000247296 0.923587 18.2571 0 0 0 1.00006 
0.903983 0.0217313 -0.426907 -0.92072 -0.0171812 0.999749 0.0145096 -0.389238 0.427123 -0.00578197 0.904154 18.5398 0 0 0 1.00006 
0.882036 0.0261059 -0.470458 -1.10708 -0.0182156 0.999659 0.0213193 -0.393734 0.470835 -0.0102347 0.8822 18.8157 0 0 0 1.00008 
0.856966 0.0311901 -0.514432 -1.31704 -0.0207641 0.9995 0.0260093 -0.394539 0.514966 -0.0116073 0.857174 19.0939 0 0 0 1.00008 
0.828759 0.0342928 -0.558558 -1.54332 -0.0215472 0.999391 0.0293865 -0.392458 0.559204 -0.012319 0.828983 19.367 0 0 0 1.00009 
0.79762 0.0378781 -0.601974 -1.79629 -0.0239726 0.999283 0.0311135 -0.386227 0.602699 -0.010386 0.797947 19.6403 0 0 0 1.00009 
0.763558 0.0403793 -0.64449 -2.06762 -0.0242444 0.999196 0.0338783 -0.377522 0.645316 -0.0102428 0.763901 19.9061 0 0 0 1.00009 
0.726145 0.0442124 -0.68613 -2.37053 -0.0252106 0.999035 0.0376933 -0.363574 0.68711 -0.0100731 0.726538 20.1782 0 0 0 1.00009 
0.687023 0.045415 -0.725225 -2.6933 -0.022986 0.998967 0.040781 -0.350811 0.726303 -0.0113474 0.687339 20.4359 0 0 0 1.00009 
0.645747 0.0452538 -0.762215 -3.04775 -0.0201661 0.998965 0.0422243 -0.338212 0.763313 -0.0118953 0.645976 20.6981 0 0 0 1.00009 
0.602907 0.0440301 -0.796603 -3.42581 -0.0147562 0.998983 0.0440469 -0.323298 0.797706 -0.0148013 0.602929 20.9457 0 0 0 1.00009 
0.557646 0.0440027 -0.828916 -3.83421 -0.00995172 0.998936 0.0463323 -0.305704 0.830048 -0.0175878 0.557478 21.1905 0 0 0 1.00009 
0.510471 0.045351 -0.858702 -4.27161 -0.00802809 0.998876 0.0479807 -0.283751 0.859887 -0.0175989 0.51025 21.4138 0 0 0 1.00009 
0.460281 0.0448777 -0.886642 -4.73546 -0.00673377 0.998929 0.0470646 -0.25936 0.887779 -0.0156925 0.460081 21.6172 0 0 0 1.00009 
0.407502 0.0436914 -0.912164 -5.22219 -0.00148132 0.998947 0.0471855 -0.236825 0.913236 -0.0178769 0.407129 21.8044 0 0 0 1.00009 
0.353506 0.0427801 -0.934461 -5.73368 0.00393834 0.998941 0.0472211 -0.214968 0.93546 -0.0203729 0.352956 21.9706 0 0 0 1.00009 
0.299206 0.0416911 -0.953273 -6.27058 0.00654263 0.998984 0.045743 -0.18846 0.954191 -0.0199235 0.298626 22.1078 0 0 0 1.00009 
0.245584 0.0474661 -0.968205 -6.83832 0.00744484 0.998727 0.05085 -0.158866 0.969369 -0.0196962 0.244918 22.2179 0 0 0 1.00009 
0.193902 0.0525159 -0.979607 -7.42705 0.0102615 0.998452 0.0555565 -0.131817 0.980991 -0.0208248 0.193064 22.3045 0 0 0 1.00009 
0.14526 0.0538277 -0.987924 -8.03612 0.0159936 0.998312 0.0567445 -0.105811 0.989291 -0.0240431 0.144155 22.3728 0 0 0 1.00009 
0.10068 0.0552738 -0.993379 -8.66383 0.0187142 0.998227 0.0574394 -0.0835747 0.994771 -0.0243732 0.0994688 22.4135 0 0 0 1.00009 
0.0601115 0.0534953 -0.996753 -9.30609 0.0186052 0.998381 0.054704 -0.0547468 0.998045 -0.0218331 0.0590216 22.4261 0 0 0 1.00009 
0.0244382 0.0490798 -0.998493 -9.96465 0.0161282 0.998698 0.0494838 -0.0183187 0.9996 -0.0173132 0.0236183 22.4162 0 0 0 1.0001 
-0.00421374 0.0490133 -0.998786 -10.6483 0.0139141 0.998758 0.0489524 0.0170275 0.999922 -0.0136911 -0.00488643 22.3899 0 0 0 1.0001 
-0.025319 0.0531193 -0.998262 -11.3544 0.0126268 0.998578 0.0528149 0.0491804 0.999627 -0.0112679 -0.0259493 22.3544 0 0 0 1.0001 
-0.0382851 0.0590989 -0.997514 -12.0817 0.0141181 0.998236 0.0585989 0.0823315 0.999195 -0.0118398 -0.0390471 22.3159 0 0 0 1.0001 
-0.0463169 0.0617296 -0.997015 -12.8245 0.0138265 0.998087 0.0611528 0.116084 0.99886 -0.0109531 -0.0470768 22.2734 0 0 0 1.0001 
-0.0502166 0.058966 -0.996996 -13.5865 0.0149864 0.998245 0.0582841 0.150371 0.998658 -0.0120148 -0.0510069 22.2299 0 0 0 1.0001 
-0.0495521 0.0551277 -0.99725 -14.3658 0.0224902 0.998343 0.0540697 0.188687 0.998551 -0.019749 -0.0507045 22.1959 0 0 0 1.0001 
-0.0453532 0.0535202 -0.99756 -15.1652 0.0342607 0.998141 0.0519928 0.232917 0.998439 -0.0318179 -0.0470963 22.1748 0 0 0 1.0001 
-0.0398141 0.0536852 -0.997789 -15.9872 0.0346537 0.998112 0.0523189 0.270216 0.998662 -0.0324929 -0.0415934 22.1435 0 0 0 1.0001 
-0.034667 0.0523257 -0.998056 -16.8326 0.0327629 0.998236 0.0511963 0.300931 0.998921 -0.0309232 -0.0363144 22.108 0 0 0 1.0001 
-0.0316945 0.0459228 -0.998466 -17.6963 0.0364037 0.998416 0.044764 0.338015 0.998889 -0.0349278 -0.0333105 22.0867 0 0 0 1.0001 
-0.0296364 0.0351662 -0.998966 -18.5621 0.034275 0.998915 0.0341463 0.368339 0.999031 -0.0332264 -0.030804 22.0567 0 0 0 1.0001 
-0.0289595 0.0268384 -0.999247 -19.4481 0.0266551 0.999394 0.0260686 0.391694 0.999286 -0.0258792 -0.0296516 22.0139 0 0 0 1.0001 
-0.0305218 0.0238602 -0.999276 -20.3703 0.0210536 0.999597 0.0232236 0.416627 0.999373 -0.0203289 -0.0310061 21.9726 0 0 0 1.0001 
-0.033986 0.0299619 -0.998987 -21.3075 0.011776 0.999569 0.0295775 0.43494 0.999401 -0.0107589 -0.0343187 21.9199 0 0 0 1.0001 
-0.038802 0.0379865 -0.99854 -22.2697 0.00687707 0.999341 0.0377485 0.459285 0.999272 -0.00540259 -0.0390319 21.8655 0 0 0 1.0001 
-0.0434075 0.0475093 -0.997944 -23.2687 0.00533668 0.998944 0.0473235 0.495384 0.999094 -0.00327192 -0.0436092 21.8135 0 0 0 1.0001 
-0.0450463 0.0573746 -0.997347 -24.2895 0.0040508 0.998433 0.0572521 0.538612 0.999045 -0.00146153 -0.0452009 21.759 0 0 0 1.00011 
-0.0460986 0.0650885 -0.996824 -25.31 0.00594302 0.997954 0.0648855 0.584343 0.998985 -0.0029335 -0.046384 21.7083 0 0 0 1.00011 
-0.0476301 0.0659146 -0.996695 -26.3281 0.00692643 0.997895 0.0656609 0.636475 0.998905 -0.00377659 -0.0479793 21.6569 0 0 0 1.00011 
-0.0494921 0.0631819 -0.996782 -27.3475 0.00581438 0.998076 0.0629732 0.687627 0.998822 -0.00267948 -0.0497571 21.601 0 0 0 1.00011 
-0.0523837 0.0582425 -0.996935 -28.3647 0.0055992 0.998376 0.0580305 0.734852 0.998675 -0.00254264 -0.0526176 21.5407 0 0 0 1.00011 
-0.0569912 0.0531085 -0.99697 -29.3779 0.00578073 0.998663 0.0528662 0.776447 0.998423 -0.00275072 -0.0572147 21.4758 0 0 0 1.00011 
-0.0627497 0.0484895 -0.996859 -30.4017 0.00606815 0.998897 0.0482047 0.815699 0.998075 -0.00302465 -0.0629672 21.4054 0 0 0 1.00011 
-0.0695588 0.0465574 -0.996498 -31.421 0.00520959 0.998992 0.0463081 0.853558 0.997628 -0.00197062 -0.0697236 21.3261 0 0 0 1.00011 
-0.0761016 0.049038 -0.995906 -32.4682 0.00553262 0.998878 0.0487595 0.891547 0.997153 -0.00179971 -0.0762794 21.2399 0 0 0 1.00011 
-0.0825401 0.0539435 -0.995138 -33.5313 0.00423449 0.998626 0.0537792 0.930295 0.996646 0.000224542 -0.0826469 21.1445 0 0 0 1.00011 
-0.0886934 0.0568595 -0.994445 -34.5967 0.00154563 0.998458 0.0569489 0.972804 0.996125 0.00351333 -0.0886361 21.0394 0 0 0 1.00011 
-0.0934259 0.059069 -0.993883 -35.667 -0.00152001 0.998311 0.0594728 1.01988 0.995692 0.0070663 -0.0931698 20.9282 0 0 0 1.00011 
-0.0961285 0.0602995 -0.9936 -36.7372 -0.00596137 0.998241 0.0611557 1.06724 0.995466 0.0118006 -0.0955868 20.8114 0 0 0 1.00011 
-0.0978172 0.0615848 -0.993357 -37.8117 -0.00981303 0.998106 0.0628433 1.11598 0.995272 0.0158932 -0.0970144 20.6937 0 0 0 1.00011 
-0.0994534 0.061107 -0.993224 -38.8955 -0.0111683 0.998112 0.0625238 1.16593 0.995096 0.0173089 -0.0985697 20.5777 0 0 0 1.00011 
-0.100913 0.0603209 -0.993126 -39.972 -0.0114551 0.998156 0.0617882 1.21577 0.994947 0.0176096 -0.100022 20.4627 0 0 0 1.00011 
-0.10207 0.0595992 -0.993055 -41.0534 -0.0125766 0.998182 0.0611973 1.26521 0.994819 0.0187336 -0.101121 20.3451 0 0 0 1.00011 
-0.103107 0.0587467 -0.992997 -42.1388 -0.0146683 0.998191 0.0605748 1.31348 0.994683 0.0208091 -0.102045 20.2249 0 0 0 1.00012 
-0.104006 0.0562533 -0.99305 -43.2286 -0.0190797 0.998239 0.0585433 1.36121 0.994516 0.0250334 -0.102736 20.0998 0 0 0 1.00012 
-0.104373 0.0513559 -0.993277 -44.3149 -0.0242662 0.998374 0.0541672 1.40504 0.994365 0.0297537 -0.102942 19.9723 0 0 0 1.00012 
-0.103617 0.0506872 -0.993393 -45.4129 -0.0257006 0.99837 0.0536197 1.45212 0.99441 0.0310836 -0.102131 19.8491 0 0 0 1.00012 
-0.102034 0.0548594 -0.993336 -46.5223 -0.0264572 0.998115 0.0578388 1.49882 0.994555 0.0321792 -0.100376 19.7288 0 0 0 1.00012 
-0.100272 0.0580472 -0.993335 -47.6411 -0.0264679 0.997929 0.0609852 1.5468 0.994735 0.0324033 -0.0985135 19.6097 0 0 0 1.00012 
-0.0988472 0.0576906 -0.993499 -48.7491 -0.0244269 0.998018 0.0603811 1.59945 0.99493 0.0302335 -0.0972276 19.4975 0 0 0 1.00012 
-0.0964088 0.0569233 -0.993781 -49.8589 -0.0240216 0.998079 0.0594977 1.64923 0.995177 0.0296053 -0.0948421 19.3866 0 0 0 1.00012 
-0.0924097 0.0574531 -0.994133 -50.9822 -0.0283295 0.997919 0.0603032 1.69894 0.995445 0.0337324 -0.090576 19.2709 0 0 0 1.00012 
-0.0868296 0.0583532 -0.994586 -52.1181 -0.0332554 0.9977 0.0614371 1.74947 0.995798 0.0384059 -0.0846758 19.1581 0 0 0 1.00012 
-0.0810187 0.0579409 -0.9951 -53.241 -0.0369732 0.99759 0.0610941 1.80083 0.996156 0.0417375 -0.0786682 19.0544 0 0 0 1.00012 
-0.0752663 0.0571272 -0.9956 -54.3707 -0.0383987 0.997595 0.0601426 1.85297 0.996555 0.0427521 -0.0728791 18.9597 0 0 0 1.00012 
-0.0695466 0.0564178 -0.996057 -55.5092 -0.0379031 0.997674 0.0591539 1.90369 0.99699 0.0418633 -0.0672342 18.8737 0 0 0 1.00012 
-0.0643063 0.0562141 -0.996391 -56.6477 -0.0360532 0.997771 0.0586138 1.95278 0.997379 0.0396906 -0.0621247 18.7982 0 0 0 1.00012 
-0.0589426 0.0569403 -0.996683 -57.7969 -0.0350757 0.99778 0.0590723 2.00299 0.997746 0.0384396 -0.0568034 18.727 0 0 0 1.00013 
-0.0532775 0.0586165 -0.996905 -58.9401 -0.0340365 0.997732 0.0604792 2.05276 0.998101 0.0371518 -0.0511509 18.6621 0 0 0 1.00013 
-0.0478534 0.0598684 -0.997102 -60.0983 -0.034759 0.997637 0.0615637 2.10604 0.998347 0.0376028 -0.0456494 18.6006 0 0 0 1.00013 
-0.0425739 0.0591148 -0.997388 -61.2462 -0.0342342 0.997716 0.0605905 2.15638 0.998606 0.0367229 -0.0404433 18.547 0 0 0 1.00013 
-0.0377927 0.0545516 -0.997842 -62.399 -0.0343586 0.99799 0.055856 2.20737 0.998796 0.0363939 -0.0358332 18.4998 0 0 0 1.00013 
-0.0335293 0.0492182 -0.998272 -63.5571 -0.0340674 0.998293 0.0503585 2.25374 0.998959 0.0356956 -0.0317864 18.4573 0 0 0 1.00013 
-0.0299176 0.0485856 -0.998422 -64.7161 -0.033946 0.998339 0.0495938 2.29878 0.999082 0.0353746 -0.0282098 18.4182 0 0 0 1.00013 
-0.0266976 0.0510199 -0.998392 -65.885 -0.0331485 0.99825 0.051894 2.33919 0.9992 0.0344792 -0.0249511 18.3817 0 0 0 1.00013 
-0.0245928 0.050534 -0.998471 -67.0551 -0.0333451 0.998271 0.0513402 2.38457 0.999247 0.0345553 -0.022857 18.3465 0 0 0 1.00013 
-0.0235707 0.0501814 -0.998514 -68.2286 -0.0351451 0.998228 0.0509917 2.43125 0.999211 0.0362932 -0.0217571 18.3094 0 0 0 1.00013 
-0.0227812 0.0510284 -0.998489 -69.4035 -0.0362638 0.998145 0.0518332 2.47446 0.99919 0.0373881 -0.0208803 18.2763 0 0 0 1.00013 
-0.0216672 0.0506713 -0.998533 -70.5792 -0.0368662 0.998143 0.0514465 2.51559 0.999193 0.037925 -0.0197509 18.2433 0 0 0 1.00013 
-0.0204995 0.0485819 -0.998662 -71.7562 -0.0372537 0.998236 0.049321 2.55672 0.999203 0.038213 -0.0186456 18.2108 0 0 0 1.00013 
-0.0197663 0.0472752 -0.998738 -72.9351 -0.0355503 0.998364 0.0479561 2.59767 0.999279 0.0364518 -0.0180455 18.1828 0 0 0 1.00013 
-0.0193973 0.0471754 -0.998752 -74.1252 -0.0321895 0.998488 0.0477832 2.63667 0.999402 0.0330748 -0.0178416 18.1585 0 0 0 1.00013 
-0.0192089 0.0479214 -0.99872 -75.3117 -0.0298204 0.998528 0.0484808 2.67496 0.999479 0.0307123 -0.0177438 18.1341 0 0 0 1.00013 
-0.0191219 0.0506387 -0.998585 -76.4952 -0.0295334 0.998399 0.0511898 2.71497 0.999488 0.0304693 -0.017588 18.106 0 0 0 1.00013 
-0.0188479 0.0541706 -0.998406 -77.6859 -0.0318527 0.998139 0.0547525 2.75704 0.999422 0.0328325 -0.0170796 18.0754 0 0 0 1.00013 
-0.0182482 0.0540319 -0.998425 -78.8665 -0.0341165 0.998071 0.0546314 2.80068 0.999359 0.0350581 -0.0163619 18.0437 0 0 0 1.00013 
-0.0179192 0.0519145 -0.998543 -80.0421 -0.0352912 0.998144 0.0525221 2.84473 0.999325 0.0361792 -0.0160462 18.0144 0 0 0 1.00014 
-0.0176643 0.0495128 -0.99867 -81.2257 -0.035057 0.998277 0.0501084 2.8858 0.999338 0.0358939 -0.0158904 17.9872 0 0 0 1.00014 
-0.0177623 0.0487933 -0.998705 -82.4058 -0.0329063 0.998389 0.0493581 2.92503 0.99941 0.0337389 -0.0161204 17.9642 0 0 0 1.00014 
-0.0177887 0.0502985 -0.998632 -83.5824 -0.0314671 0.998362 0.0508404 2.96361 0.999458 0.032327 -0.0161691 17.9415 0 0 0 1.00014 
-0.0174624 0.0531052 -0.998493 -84.7562 -0.0308886 0.998236 0.0536267 3.00291 0.999483 0.0317771 -0.0157836 17.9166 0 0 0 1.00014 
-0.0170393 0.0553638 -0.998378 -85.9365 -0.0314124 0.998096 0.0558793 3.04602 0.999475 0.032312 -0.0152601 17.8921 0 0 0 1.00014 
-0.0169074 0.0555824 -0.998367 -87.1061 -0.0327242 0.99804 0.0561134 3.08881 0.999434 0.0336179 -0.0150477 17.8648 0 0 0 1.00014 
-0.0166676 0.0534385 -0.998489 -88.2794 -0.0321407 0.998179 0.0539535 3.1326 0.999457 0.0329898 -0.0149121 17.8418 0 0 0 1.00014 
-0.0164866 0.0520813 -0.998565 -89.4492 -0.0304951 0.998305 0.0525662 3.1754 0.999512 0.0313165 -0.0148628 17.8203 0 0 0 1.00014 
-0.016439 0.0530767 -0.998514 -90.6154 -0.0288546 0.998304 0.0535355 3.21689 0.999563 0.0296905 -0.014872 17.7984 0 0 0 1.00014 
-0.0163033 0.0559917 -0.998358 -91.7892 -0.0263729 0.998215 0.0564093 3.26077 0.999634 0.0272482 -0.0147899 17.7787 0 0 0 1.00014 
-0.016201 0.0585121 -0.998211 -92.9644 -0.0250162 0.998101 0.0589067 3.30603 0.999667 0.0259249 -0.0146989 17.7559 0 0 0 1.00014 
-0.0157964 0.0602432 -0.998118 -94.1409 -0.0254359 0.99799 0.0606331 3.35491 0.999666 0.0263448 -0.0142247 17.7309 0 0 0 1.00014 
-0.0155028 0.0620913 -0.998007 -95.3059 -0.0277723 0.997809 0.0625055 3.40512 0.999605 0.0286847 -0.0137369 17.7032 0 0 0 1.00014 
-0.0151506 0.0613078 -0.998061 -96.4645 -0.0297957 0.997799 0.0617392 3.4537 0.999553 0.030672 -0.0132831 17.6747 0 0 0 1.00014 
-0.0150398 0.0573299 -0.998324 -97.6184 -0.0321168 0.997989 0.0577896 3.50111 0.999508 0.0329297 -0.0131605 17.647 0 0 0 1.00017 
-0.0148799 0.0554835 -0.998434 -98.7854 -0.0331367 0.998063 0.0559519 3.54936 0.99948 0.0339147 -0.0130048 17.6239 0 0 0 1.00017 
-0.0149088 0.0537562 -0.998527 -99.9464 -0.0330026 0.998162 0.0542244 3.59479 0.999483 0.0337599 -0.0130995 17.6025 0 0 0 1.00017 
-0.0149288 0.0540931 -0.99851 -101.103 -0.03162 0.998191 0.0545437 3.64114 0.999529 0.0323847 -0.0131836 17.5835 0 0 0 1.00017 
-0.0150652 0.0561308 -0.998394 -102.258 -0.031591 0.998077 0.0565848 3.68779 0.999527 0.0323904 -0.0132552 17.5614 0 0 0 1.00017 
-0.0150014 0.0582547 -0.998273 -103.419 -0.0303053 0.997995 0.058689 3.73409 0.999568 0.0311312 -0.0131981 17.5402 0 0 0 1.00017 
-0.0156305 0.0571705 -0.998327 -104.585 -0.0340004 0.997936 0.0576756 3.78532 0.99944 0.0348423 -0.0136466 17.5121 0 0 0 1.00017 
-0.0160524 0.0583001 -0.998254 -105.757 -0.0379839 0.997721 0.0588749 3.83634 0.999288 0.0388595 -0.0137935 17.4818 0 0 0 1.00017 
-0.0161564 0.0574764 -0.998302 -106.92 -0.041193 0.99764 0.0581001 3.88631 0.999161 0.042058 -0.0137428 17.4501 0 0 0 1.00017 
-0.0164473 0.0536442 -0.998512 -108.095 -0.0419002 0.997827 0.0542928 3.93422 0.999128 0.0427271 -0.014156 17.4223 0 0 0 1.00018 
-0.0172418 0.0496812 -0.998704 -109.276 -0.0418603 0.99803 0.050366 3.98194 0.999115 0.0426706 -0.0151202 17.3959 0 0 0 1.00018 
-0.0180814 0.0487102 -0.998734 -110.462 -0.0381394 0.998227 0.0493716 4.02555 0.999246 0.0389806 -0.0161835 17.3734 0 0 0 1.00018 
-0.0186203 0.0480388 -0.998769 -111.674 -0.0333837 0.998445 0.0486412 4.0683 0.999395 0.0342465 -0.0169793 17.3501 0 0 0 1.00018 
-0.0191391 0.0498407 -0.998672 -112.895 -0.0325842 0.998383 0.0504463 4.11523 0.999412 0.0335047 -0.0174758 17.3214 0 0 0 1.00018 
-0.0199187 0.0538603 -0.998447 -114.121 -0.031602 0.998172 0.0544743 4.161 0.999412 0.0326361 -0.0181727 17.2906 0 0 0 1.00018 
-0.020351 0.0539212 -0.998441 -115.353 -0.0299572 0.998217 0.0545191 4.2112 0.999454 0.0310181 -0.0186919 17.2576 0 0 0 1.00018 
-0.0208444 0.0494673 -0.998663 -116.592 -0.02997 0.998451 0.0500817 4.26204 0.999445 0.0309719 -0.019322 17.2208 0 0 0 1.00018 
-0.0216109 0.0457069 -0.998781 -117.834 -0.0301452 0.998581 0.0463493 4.30915 0.999378 0.0311095 -0.0201955 17.1844 0 0 0 1.00018 
-0.0224799 0.0442657 -0.998826 -119.083 -0.0292125 0.998673 0.0449157 4.35137 0.999386 0.0301874 -0.0211501 17.1509 0 0 0 1.00018 
-0.0230421 0.0454245 -0.998761 -120.334 -0.0310751 0.998562 0.0461316 4.3937 0.999318 0.032099 -0.0215904 17.1129 0 0 0 1.00018 
-0.0234533 0.0500476 -0.998531 -121.595 -0.0358126 0.998174 0.0508701 4.43849 0.99915 0.0369519 -0.0216112 17.0689 0 0 0 1.00018 
-0.023712 0.053215 -0.998362 -122.861 -0.0412386 0.997791 0.0541633 4.48496 0.998935 0.0424535 -0.0214581 17.0225 0 0 0 1.00018 
-0.0237409 0.052981 -0.998374 -124.123 -0.0485493 0.997467 0.0540866 4.53523 0.998606 0.0497519 -0.0211016 16.9716 0 0 0 1.00018 
-0.0235749 0.0509191 -0.998486 -125.39 -0.0517037 0.997416 0.0520845 4.58331 0.998452 0.0528504 -0.0208743 16.9267 0 0 0 1.00018 
-0.0240787 0.0496524 -0.998538 -126.657 -0.0537752 0.997368 0.0508903 4.62861 0.998331 0.0549188 -0.0213383 16.8846 0 0 0 1.00018 
-0.0247916 0.0491058 -0.998549 -127.92 -0.053762 0.997396 0.0503832 4.66975 0.998315 0.0549299 -0.0220799 16.8457 0 0 0 1.00018 
-0.025345 0.048237 -0.998602 -129.188 -0.0514074 0.997589 0.0494921 4.7101 0.99845 0.0525857 -0.0227964 16.8093 0 0 0 1.00021 
-0.0257934 0.0488217 -0.998572 -130.453 -0.0514047 0.997569 0.0500999 4.75291 0.998418 0.05262 -0.0232139 16.7689 0 0 0 1.00023 
-0.0264119 0.0539201 -0.998294 -131.718 -0.0512194 0.997308 0.0552214 4.79847 0.998412 0.052587 -0.0235718 16.7269 0 0 0 1.00023 
-0.0269563 0.0580617 -0.998073 -132.986 -0.0500551 0.997156 0.0593596 4.84665 0.998482 0.0515541 -0.0239654 16.6847 0 0 0 1.00023 
-0.0269182 0.0566647 -0.998154 -134.248 -0.0505348 0.997214 0.0579734 4.90081 0.99846 0.0519973 -0.0239717 16.642 0 0 0 1.00023 
-0.0261348 0.0552621 -0.998254 -135.509 -0.0503456 0.997306 0.0565271 4.9542 0.998491 0.0517303 -0.0232743 16.6003 0 0 0 1.00023 
-0.0249909 0.0546429 -0.998318 -136.765 -0.0494431 0.997391 0.0558293 5.00252 0.998566 0.0507506 -0.0222164 16.5611 0 0 0 1.00023 
-0.0240121 0.0539575 -0.998381 -138.015 -0.0496791 0.997421 0.0550999 5.04998 0.998579 0.050917 -0.0212621 16.5223 0 0 0 1.00023 
-0.0232253 0.0560358 -0.998308 -139.269 -0.0496891 0.99733 0.0571363 5.09868 0.998621 0.0509262 -0.0203712 16.4862 0 0 0 1.00023 
-0.0223424 0.0597207 -0.998116 -140.523 -0.0506578 0.997058 0.0607917 5.14902 0.998591 0.0519142 -0.019244 16.4517 0 0 0 1.00023 
-0.0210018 0.0606841 -0.998087 -141.78 -0.0522533 0.99692 0.0617128 5.20315 0.998539 0.0534426 -0.0177591 16.4159 0 0 0 1.00023 
-0.0202206 0.0579309 -0.998266 -143.035 -0.054337 0.996974 0.0589568 5.25654 0.998442 0.0554277 -0.0170047 16.3797 0 0 0 1.00023 
-0.0200083 0.0548202 -0.998445 -144.277 -0.0529504 0.997229 0.0558147 5.30675 0.998521 0.053978 -0.0170432 16.3484 0 0 0 1.00023 
-0.020046 0.0532339 -0.998527 -145.536 -0.0499943 0.997468 0.0541814 5.35458 0.998669 0.0510007 -0.017327 16.3215 0 0 0 1.00024 
-0.0202399 0.0527051 -0.998553 -146.775 -0.0485039 0.997574 0.0536367 5.39892 0.998741 0.0495136 -0.0176274 16.2917 0 0 0 1.00024 
-0.0203763 0.0530494 -0.998556 -148.023 -0.0458628 0.997695 0.0539409 5.44356 0.998887 0.0468888 -0.0178891 16.2636 0 0 0 1.00026 
-0.0205988 0.0516359 -0.998624 -149.267 -0.0438164 0.997863 0.0525018 5.4862 0.998973 0.0448312 -0.018285 16.2346 0 0 0 1.00026 
-0.0205811 0.0518196 -0.998616 -150.508 -0.042997 0.99789 0.0526695 5.53085 0.99901 0.0440152 -0.0183022 16.2029 0 0 0 1.00026 
-0.0207295 0.0544905 -0.998474 -151.758 -0.0405329 0.997855 0.0552996 5.57731 0.999113 0.0416115 -0.0184689 16.1732 0 0 0 1.00027 
-0.0209392 0.0558888 -0.998394 -153.004 -0.0380285 0.997879 0.0566589 5.6249 0.999209 0.0391485 -0.0187618 16.1427 0 0 0 1.00027 
-0.0210197 0.0544053 -0.998473 -154.233 -0.0358327 0.998044 0.0551376 5.67267 0.999287 0.0369322 -0.0190215 16.1118 0 0 0 1.00027 
-0.0217315 0.0546629 -0.998445 -155.462 -0.0369489 0.997988 0.0554435 5.71995 0.999232 0.0380912 -0.0196603 16.0779 0 0 0 1.00027 
-0.021619 0.0593599 -0.998181 -156.698 -0.0377107 0.997688 0.0601487 5.77002 0.999208 0.0389371 -0.0193228 16.0437 0 0 0 1.00027 
-0.0213056 0.0659097 -0.997774 -157.941 -0.0427499 0.99706 0.0667767 5.82526 0.999008 0.044071 -0.0184178 16.005 0 0 0 1.00027 
-0.0200396 0.0658127 -0.997807 -159.156 -0.0473765 0.996857 0.0667028 5.88431 0.998827 0.0486018 -0.0168515 15.9666 0 0 0 1.00027 
-0.0187088 0.0619851 -0.998079 -160.39 -0.0511299 0.996921 0.062873 5.9439 0.998668 0.0521995 -0.015475 15.9287 0 0 0 1.00027 
-0.0171144 0.0564502 -0.998456 -161.617 -0.0529458 0.997183 0.0572871 5.9979 0.998622 0.0538346 -0.0140706 15.8962 0 0 0 1.00027 
-0.016376 0.0548254 -0.99858 -162.847 -0.0554027 0.997163 0.0556576 6.04712 0.998522 0.0562238 -0.0132852 15.8662 0 0 0 1.00029 
-0.0151308 0.0517523 -0.998767 -164.068 -0.0500952 0.997621 0.0524532 6.08959 0.998825 0.0508168 -0.0124956 15.8453 0 0 0 1.0003 
-0.015059 0.0473457 -0.998984 -165.284 -0.0467506 0.997993 0.0480059 6.13291 0.998974 0.0474168 -0.012809 15.8245 0 0 0 1.0003 
-0.0153336 0.0441566 -0.999128 -166.502 -0.0404683 0.99842 0.0447489 6.16894 0.999247 0.0411116 -0.0135159 15.8081 0 0 0 1.0003 
-0.0163592 0.0471791 -0.998975 -167.734 -0.0380787 0.998376 0.047777 6.20978 0.999327 0.0388142 -0.0145292 15.7868 0 0 0 1.0003 
-0.0156735 0.0535932 -0.998662 -168.976 -0.0385336 0.998032 0.0541667 6.25011 0.99932 0.0393238 -0.0135709 15.76 0 0 0 1.0003 
-0.0141047 0.056775 -0.998511 -170.208 -0.0401638 0.997794 0.057304 6.2971 0.99928 0.0409046 -0.0117871 15.7331 0 0 0 1.0003 
-0.0122415 0.0534093 -0.998721 -171.424 -0.0411666 0.997944 0.0538748 6.34495 0.999264 0.0417655 -0.010012 15.7085 0 0 0 1.0003 
-0.0115336 0.0534495 -0.998732 -172.647 -0.0433917 0.997852 0.0539061 6.39335 0.999182 0.0439496 -0.00918408 15.6848 0 0 0 1.0003 
-0.0106885 0.0546006 -0.998682 -173.87 -0.0413464 0.997882 0.0550019 6.43504 0.999282 0.0418715 -0.00840302 15.668 0 0 0 1.0003 
-0.0101131 0.0526155 -0.998796 -175.073 -0.0413505 0.997991 0.0529944 6.47862 0.999288 0.0418283 -0.00791194 15.6513 0 0 0 1.0003 
-0.00856099 0.0511794 -0.998886 -176.261 -0.0414687 0.998066 0.0514954 6.5196 0.9993 0.041855 -0.00641739 15.6348 0 0 0 1.0003 
-0.0069033 0.0530336 -0.998801 -177.423 -0.0428939 0.997911 0.0532853 6.55589 0.999251 0.0432016 -0.00460988 15.619 0 0 0 1.0003 
-0.00570853 0.0550072 -0.998702 -178.565 -0.0426719 0.997817 0.0552049 6.58833 0.999269 0.042923 -0.00334499 15.6066 0 0 0 1.0003 
-0.00534749 0.0564535 -0.998626 -179.672 -0.0435294 0.997701 0.0566369 6.62185 0.999235 0.0437635 -0.00287411 15.5944 0 0 0 1.0003 
-0.00516698 0.0576525 -0.998559 -180.754 -0.0437928 0.997622 0.0578276 6.6567 0.999225 0.0440194 -0.0026263 15.5823 0 0 0 1.0003 
-0.00530967 0.0586365 -0.998498 -181.814 -0.0429926 0.997611 0.0588139 6.69051 0.999283 0.0432311 -0.00277239 15.5711 0 0 0 1.0003 
-0.00492273 0.0577468 -0.998553 -182.851 -0.0431083 0.99766 0.0579085 6.72644 0.999281 0.0433216 -0.00241827 15.5593 0 0 0 1.0003 
-0.00351019 0.0576091 -0.998567 -183.847 -0.0440497 0.997631 0.0577108 6.76101 0.999246 0.0441795 -0.000961061 15.5486 0 0 0 1.0003 
-0.00219971 0.0583978 -0.998524 -184.813 -0.0447714 0.997556 0.0584406 6.79432 0.999217 0.0448242 0.000422986 15.5415 0 0 0 1.00031 
-0.00293486 0.0567914 -0.998615 -185.759 -0.0431983 0.997715 0.056868 6.82437 0.999285 0.043296 -0.000471848 15.5355 0 0 0 1.00031 
-0.00615672 0.0537975 -0.998764 -186.703 -0.0409487 0.997967 0.0540079 6.85433 0.999363 0.0412219 -0.0039373 15.5275 0 0 0 1.00031 
-0.0111883 0.05026 -0.998903 -187.636 -0.0406542 0.998152 0.0506785 6.88318 0.99933 0.0411681 -0.009119 15.5117 0 0 0 1.00031 
-0.0163933 0.0471501 -0.998983 -188.565 -0.0421108 0.998234 0.0478066 6.91291 0.999199 0.0428427 -0.014372 15.4917 0 0 0 1.00031 
-0.0203214 0.0462961 -0.998953 -189.495 -0.044025 0.998184 0.0471569 6.94349 0.999046 0.0449276 -0.0182384 15.4624 0 0 0 1.00031 
-0.0232002 0.0469761 -0.99886 -190.419 -0.045707 0.998071 0.0480014 6.97066 0.99891 0.0467583 -0.0209996 15.4309 0 0 0 1.00031 
-0.025169 0.0487169 -0.998729 -191.345 -0.0443943 0.998042 0.0498029 6.9989 0.998921 0.0455814 -0.0229477 15.4026 0 0 0 1.00031 
-0.0268415 0.0502477 -0.998612 -192.268 -0.0413524 0.998097 0.0513341 7.02801 0.999011 0.0426636 -0.0247027 15.3774 0 0 0 1.00031 
-0.0284151 0.050722 -0.998546 -193.187 -0.0397207 0.998139 0.0518325 7.05672 0.999035 0.0411269 -0.0263372 15.3497 0 0 0 1.00031 
-0.0295286 0.0495953 -0.998571 -194.098 -0.0400141 0.998183 0.0507601 7.08568 0.998992 0.0414468 -0.0274798 15.3177 0 0 0 1.00031 
-0.0303462 0.0483771 -0.998629 -195.009 -0.041737 0.998194 0.049625 7.11614 0.998922 0.0431752 -0.0282606 15.2836 0 0 0 1.00034 
-0.0303072 0.0476641 -0.998664 -195.916 -0.0453006 0.998068 0.0490111 7.1456 0.998767 0.0467139 -0.0280779 15.2459 0 0 0 1.00034 
-0.029598 0.0458925 -0.998767 -196.826 -0.0478877 0.99803 0.0472785 7.17399 0.998667 0.0492158 -0.0273307 15.2102 0 0 0 1.00034 
-0.0287302 0.0432254 -0.998912 -197.737 -0.0480308 0.998148 0.0445745 7.2012 0.998685 0.0492469 -0.0265898 15.1771 0 0 0 1.00034 
-0.0282556 0.0406708 -0.999034 -198.648 -0.0477486 0.998274 0.0419911 7.22761 0.998713 0.0488767 -0.0262539 15.1458 0 0 0 1.00034 
-0.0275795 0.0403011 -0.999068 -199.57 -0.0477411 0.998291 0.0415885 7.25344 0.998733 0.0488313 -0.0255975 15.1132 0 0 0 1.00034 
-0.0270307 0.0430083 -0.998971 -200.503 -0.0451049 0.998302 0.0442008 7.28046 0.998871 0.0462417 -0.0250343 15.0844 0 0 0 1.00034 
-0.0269785 0.0443733 -0.998912 -201.435 -0.0445409 0.998266 0.0455484 7.30523 0.998898 0.0457099 -0.0249448 15.0548 0 0 0 1.00034 
-0.0260178 0.0407349 -0.999092 -202.375 -0.0395224 0.998643 0.0417466 7.3305 0.999133 0.040563 -0.0243621 15.0284 0 0 0 1.00034 
-0.0260432 0.0373989 -0.999222 -203.32 -0.0379758 0.998839 0.0383752 7.36026 0.999194 0.0389364 -0.0245822 15.0018 0 0 0 1.00034 
-0.0254925 0.037758 -0.999222 -204.261 -0.0423841 0.998643 0.0388183 7.38911 0.999029 0.0433302 -0.0238474 14.9663 0 0 0 1.00034 
-0.0239751 0.0418032 -0.999099 -205.219 -0.0436839 0.998424 0.042824 7.4138 0.999012 0.0446602 -0.0221014 14.9348 0 0 0 1.00034 
-0.0219982 0.041164 -0.999171 -206.185 -0.0412761 0.99856 0.0420483 7.44272 0.99916 0.0421566 -0.0202582 14.9093 0 0 0 1.00034 
-0.0198819 0.0423201 -0.999175 -207.153 -0.0399196 0.998578 0.0430899 7.47711 0.999267 0.0407332 -0.0181558 14.8866 0 0 0 1.00034 
-0.0182166 0.0470703 -0.999049 -208.14 -0.0405993 0.998375 0.0477813 7.51022 0.999325 0.041418 -0.0162673 14.8629 0 0 0 1.00036 
-0.0165961 0.0510891 -0.998857 -209.141 -0.0375274 0.998264 0.0516867 7.54627 0.999444 0.0383306 -0.0146441 14.8442 0 0 0 1.00039 
-0.0153519 0.0516458 -0.998853 -210.137 -0.0371059 0.998258 0.0521897 7.58368 0.999484 0.0378528 -0.0134032 14.8267 0 0 0 1.00039 
-0.0131373 0.0522005 -0.998858 -211.145 -0.0403773 0.998106 0.0526967 7.62644 0.999391 0.0410106 -0.0109998 14.8031 0 0 0 1.00039 
-0.010221 0.0538257 -0.998806 -212.162 -0.0431023 0.99791 0.054223 7.66809 0.999311 0.0435912 -0.00787583 14.7829 0 0 0 1.00039 
-0.00671135 0.0539851 -0.998818 -213.186 -0.0441132 0.997863 0.0542336 7.70882 0.999282 0.0444117 -0.004313 14.7684 0 0 0 1.00039 
-0.00374183 0.0514558 -0.998968 -214.211 -0.0469539 0.997875 0.0515791 7.74853 0.99917 0.0470842 -0.00131626 14.7555 0 0 0 1.0004 
-0.000992319 0.0482104 -0.999137 -215.244 -0.0466355 0.99806 0.0482084 7.7873 0.999192 0.046629 0.00125864 14.7503 0 0 0 1.0004 
0.000701692 0.047241 -0.999187 -216.282 -0.0457154 0.998156 0.0471638 7.82493 0.999238 0.0456313 0.00286021 14.7478 0 0 0 1.0004 
0.00220441 0.0493684 -0.999082 -217.333 -0.0462584 0.998032 0.049218 7.86222 0.999211 0.0460933 0.0044834 14.7445 0 0 0 1.0004 
0.00359876 0.0526615 -0.998915 -218.406 -0.0480113 0.997782 0.0524333 7.90092 0.99913 0.0477552 0.00611823 14.7392 0 0 0 1.00042 
0.00497151 0.0523327 -0.998927 -219.471 -0.0479301 0.997807 0.05204 7.9397 0.999129 0.0476047 0.00746758 14.7382 0 0 0 1.00042 
0.00577924 0.0495623 -0.999067 -220.54 -0.0467236 0.998008 0.049244 7.97967 0.999184 0.0463804 0.00808188 14.7403 0 0 0 1.00043 
0.00587374 0.0465132 -0.999213 -221.614 -0.0438944 0.998282 0.0462163 8.01807 0.999312 0.0435743 0.0079038 14.7449 0 0 0 1.00043 
0.00575719 0.0454416 -0.999264 -222.702 -0.0421598 0.998406 0.0451642 8.054 0.999388 0.0418552 0.00766238 14.7496 0 0 0 1.00043 
0.00583291 0.044515 -0.999326 -223.803 -0.0423257 0.998465 0.0442338 8.08894 0.999405 0.0420248 0.00770641 14.7516 0 0 0 1.00045 
0.0061831 0.0445 -0.999319 -224.904 -0.0422825 0.998465 0.0442044 8.12356 0.999404 0.0419661 0.00805329 14.7529 0 0 0 1.00045 
0.00602568 0.0453038 -0.999282 -226.014 -0.0443315 0.998338 0.0449977 8.15966 0.999314 0.0440136 0.00802219 14.7499 0 0 0 1.00045 
0.00560624 0.0476018 -0.999179 -227.136 -0.0450157 0.998203 0.0473068 8.19695 0.999287 0.0446984 0.00773722 14.7488 0 0 0 1.00045 
0.00475545 0.0492115 -0.999107 -228.259 -0.04527 0.998113 0.0489512 8.2358 0.999281 0.0449815 0.00697277 14.7481 0 0 0 1.00045 
0.00405838 0.0509626 -0.999024 -229.401 -0.04634 0.997977 0.050725 8.27921 0.999237 0.0460731 0.00641045 14.7449 0 0 0 1.00045 
0.0032212 0.0519577 -0.998978 -230.542 -0.0486785 0.997816 0.0517444 8.32203 0.999131 0.0484453 0.00574228 14.7377 0 0 0 1.00045 
0.002052 0.0506778 -0.999046 -231.689 -0.0507794 0.997774 0.050513 8.36433 0.999029 0.0506098 0.00462011 14.7287 0 0 0 1.00046 
0.001003 0.0461252 -0.99927 -232.842 -0.0491231 0.998075 0.0460248 8.40405 0.999115 0.049024 0.00326665 14.7215 0 0 0 1.00046 
-0.000301112 0.0399194 -0.999537 -234.002 -0.0459596 0.998489 0.0398955 8.44028 0.999265 0.0459344 0.0015344 14.7154 0 0 0 1.00046 
-0.00223375 0.0354402 -0.999701 -235.17 -0.0411586 0.998863 0.0355064 8.4707 0.999471 0.0412115 -0.000771357 14.7094 0 0 0 1.00046 
-0.00443527 0.0355646 -0.99969 -236.359 -0.0349255 0.999093 0.0357023 8.49924 0.999701 0.035061 -0.00318711 14.7031 0 0 0 1.00046 
-0.0066568 0.0395108 -0.999544 -237.544 -0.0303118 0.999084 0.0397003 8.5271 0.999834 0.0305513 -0.00545051 14.6937 0 0 0 1.00046 
-0.00866862 0.0419928 -0.999428 -238.743 -0.02823 0.999042 0.0422272 8.55902 0.99988 0.0285696 -0.00747158 14.6771 0 0 0 1.00046 
-0.0107615 0.0413209 -0.999437 -239.948 -0.0265036 0.999117 0.0415988 8.59357 0.999908 0.0269266 -0.00965272 14.6577 0 0 0 1.00046 
-0.0128765 0.0420663 -0.999382 -241.158 -0.0266722 0.999079 0.042403 8.62907 0.999879 0.0271918 -0.0117378 14.6316 0 0 0 1.00046 
-0.0149047 0.0435138 -0.999257 -242.372 -0.0257258 0.998981 0.0438934 8.66455 0.999795 0.0263528 -0.0137661 14.606 0 0 0 1.00046 
-0.0171468 0.0432043 -0.999235 -243.594 -0.0248621 0.999015 0.0436294 8.69939 0.999781 0.0255834 -0.016051 14.5779 0 0 0 1.00046 
-0.0193113 0.0417433 -0.999279 -244.823 -0.0246926 0.999101 0.0422211 8.73512 0.999767 0.0254818 -0.0182572 14.5471 0 0 0 1.00046 
-0.021638 0.0414012 -0.999245 -246.054 -0.0246231 0.999104 0.0419375 8.77167 0.99972 0.0255038 -0.0205924 14.5126 0 0 0 1.00046 
-0.0238724 0.0424126 -0.999154 -247.297 -0.0250882 0.999049 0.0430165 8.80722 0.99966 0.0260854 -0.0227781 14.4742 0 0 0 1.00046 
-0.0260573 0.0427022 -0.999089 -248.546 -0.025404 0.999027 0.0433711 8.8425 0.999599 0.0265023 -0.0249386 14.4334 0 0 0 1.00046 
-0.0285135 0.0437578 -0.998976 -249.799 -0.0266144 0.998945 0.044525 8.87936 0.999501 0.0278475 -0.0273095 14.3897 0 0 0 1.00046 
-0.0308532 0.0454994 -0.998851 -251.058 -0.028348 0.998835 0.0463832 8.9167 0.999406 0.029736 -0.0295166 14.3416 0 0 0 1.00046 
-0.0323196 0.046353 -0.998765 -252.314 -0.0299021 0.998745 0.0473286 8.95475 0.999313 0.0313837 -0.0308816 14.2911 0 0 0 1.00046 
-0.0331644 0.046631 -0.998725 -253.571 -0.0324459 0.998648 0.0477138 8.99334 0.999207 0.0339747 -0.0315949 14.2373 0 0 0 1.00046 
-0.0331575 0.0467129 -0.998723 -254.834 -0.0329329 0.998629 0.0478108 9.03147 0.999193 0.0344637 -0.031562 14.1864 0 0 0 1.00047 
-0.0331903 0.0456748 -0.998746 -256.09 -0.0319681 0.998682 0.0467437 9.06765 0.99919 0.0334684 -0.0316759 14.1376 0 0 0 1.00047 
-0.0330746 0.044631 -0.998797 -257.35 -0.029135 0.998821 0.0456063 9.10423 0.999281 0.0305983 -0.0317247 14.0918 0 0 0 1.00047 
-0.0333001 0.044398 -0.998798 -258.61 -0.0279466 0.998865 0.0453422 9.13887 0.999305 0.0294134 -0.0320109 14.0429 0 0 0 1.00047 
-0.0333769 0.0448699 -0.998775 -259.872 -0.0277811 0.99885 0.0458111 9.17414 0.999308 0.0292666 -0.0320813 13.9932 0 0 0 1.00047 
-0.0329467 0.04487 -0.99879 -261.122 -0.0270258 0.998873 0.0457746 9.20829 0.999343 0.028492 -0.0316864 13.9427 0 0 0 1.00047 
-0.032605 0.0456636 -0.998766 -262.382 -0.0266062 0.998849 0.0465453 9.24338 0.999366 0.028082 -0.0313421 13.8922 0 0 0 1.00047 
-0.032548 0.0466292 -0.998724 -263.64 -0.0239756 0.998874 0.047427 9.27868 0.999435 0.0254806 -0.031383 13.8463 0 0 0 1.00047 
