1 -0 0 -0 -0 1 -0 0 0 -0 1 -0 -0 0 -0 1 
0.999934 -0.00281349 0.0112458 0.0162812 0.00280091 0.999997 0.00113487 -0.00594933 -0.0112489 -0.0011033 0.999937 0.289351 0 0 0 1 
0.999827 -0.00497168 0.0177248 0.0298992 0.00495113 0.999984 0.00120254 -0.010643 -0.0177305 -0.00111458 0.999839 0.580843 0 0 0 1 
0.999773 -0.00782368 0.0194248 0.0422136 0.00782881 0.999946 -0.000182428 -0.0128513 -0.0194227 0.000334547 0.999808 0.877594 0 0 0 1 
0.999802 -0.00945316 0.0169751 0.0506419 0.00948512 0.999928 -0.00179737 -0.0141975 -0.0169572 0.00195816 0.99985 1.181 0 0 0 1 
0.999869 -0.0121089 0.00987925 0.0549866 0.0121422 0.999896 -0.00330627 -0.0158802 -0.0098383 0.00342597 0.999941 1.49367 0 0 0 1 
0.999889 -0.0139976 -0.00286045 0.0534694 0.0139819 0.999862 -0.00542561 -0.0182916 0.00293625 0.00538525 0.999977 1.81341 0 0 0 1 
0.999702 -0.0135002 -0.0198687 0.03926 0.0133868 0.999868 -0.005829 -0.022236 0.0199455 0.00556153 0.999781 2.14482 0 0 0 1 
0.999166 -0.00918904 -0.0396871 0.0113289 0.00895946 0.999908 -0.00596378 -0.0266156 0.03974 0.00560337 0.999187 2.48294 0 0 0 1 
0.998177 -0.00592132 -0.0600334 -0.0224872 0.00548164 0.999925 -0.00749076 -0.0290124 0.0600756 0.00714821 0.998163 2.83297 0 0 0 1 
0.996689 -0.00582899 -0.0806452 -0.0621697 0.00518137 0.999887 -0.00824127 -0.0308336 0.0806895 0.00779669 0.996678 3.19304 0 0 0 1 
0.994698 -0.00742609 -0.102178 -0.107148 0.00664351 0.999878 -0.00799959 -0.0321187 0.102232 0.00727891 0.9947 3.56533 0 0 0 1 
0.992406 -0.00899099 -0.122376 -0.162993 0.00813404 0.999874 -0.00750211 -0.0354901 0.122437 0.00645019 0.992424 3.95115 0 0 0 1.00001 
0.990002 -0.00807957 -0.140558 -0.232806 0.0071613 0.999862 -0.00704079 -0.0412778 0.140611 0.00596407 0.989993 4.3468 0 0 0 1.00001 
0.987636 -0.00698108 -0.156379 -0.312374 0.00603598 0.999874 -0.00652087 -0.0474248 0.156421 0.00549656 0.987622 4.75752 0 0 0 1.00001 
0.985366 -0.00649142 -0.170129 -0.396469 0.00541425 0.999878 -0.00679772 -0.0541368 0.17017 0.00577734 0.985347 5.17749 0 0 0 1.00001 
0.983153 -0.00807332 -0.182422 -0.484608 0.00677472 0.999864 -0.00774304 -0.0623208 0.182477 0.00637699 0.983139 5.60853 0 0 0 1.00001 
0.981236 -0.011911 -0.192282 -0.574542 0.0101318 0.999815 -0.0102346 -0.069659 0.192387 0.00809469 0.981237 6.05239 0 0 0 1.00001 
0.979658 -0.0111765 -0.20021 -0.676378 0.00890367 0.999805 -0.0122505 -0.0772405 0.200326 0.0102192 0.979628 6.50974 0 0 0 1.00001 
0.978061 -0.0110335 -0.207925 -0.785179 0.0082895 0.999802 -0.0140679 -0.0843283 0.208053 0.0120362 0.978012 6.98338 0 0 0 1.00004 
0.976295 -0.011775 -0.216037 -0.900321 0.00833469 0.999762 -0.0168323 -0.0966645 0.216198 0.0146334 0.976211 7.46591 0 0 0 1.00004 
0.974454 -0.0158651 -0.223946 -1.01586 0.0120293 0.999696 -0.0184849 -0.110456 0.224186 0.0153195 0.974399 7.96207 0 0 0 1.00004 
0.972502 -0.0223855 -0.231733 -1.13526 0.0182857 0.999574 -0.0198263 -0.124735 0.232093 0.0150444 0.972548 8.4712 0 0 0 1.00004 
0.970384 -0.0230752 -0.240382 -1.27135 0.0182367 0.999522 -0.0223353 -0.141149 0.240797 0.0172909 0.970393 8.99068 0 0 0 1.00004 
0.968302 -0.0190824 -0.248972 -1.4267 0.0128496 0.999499 -0.0266374 -0.156299 0.249372 0.0225949 0.968115 9.51635 0 0 0 1.00004 
0.966043 -0.016251 -0.25778 -1.58597 0.00890972 0.999454 -0.0296236 -0.176216 0.258138 0.0263223 0.965717 10.0557 0 0 0 1.00004 
0.963756 -0.0187555 -0.266151 -1.74658 0.0107903 0.999415 -0.0313586 -0.199787 0.266601 0.027352 0.963385 10.6119 0 0 0 1.00004 
0.96128 -0.0217416 -0.274741 -1.90998 0.0129436 0.99931 -0.0337952 -0.221736 0.275304 0.0289322 0.960888 11.176 0 0 0 1.00004 
0.958969 -0.0214486 -0.282724 -2.0888 0.0116469 0.999239 -0.036304 -0.247609 0.283305 0.0315232 0.958478 11.7492 0 0 0 1.00004 
0.956573 -0.020782 -0.290776 -2.2789 0.00959719 0.999127 -0.0398389 -0.276306 0.291367 0.0353199 0.955927 12.3333 0 0 0 1.00004 
0.954227 -0.0220235 -0.298378 -2.47373 0.00897438 0.998934 -0.0450344 -0.307735 0.299062 0.0402958 0.953377 12.9292 0 0 0 1.00004 
0.952435 -0.0236887 -0.303978 -2.67487 0.0080569 0.998568 -0.0525782 -0.344237 0.304804 0.0476273 0.951222 13.5331 0 0 0 1.00004 
0.951102 -0.0246156 -0.308049 -2.88366 0.00619879 0.998124 -0.0606243 -0.38453 0.308979 0.0557493 0.949431 14.1473 0 0 0 1.00004 
0.949841 -0.0247392 -0.311908 -3.10131 0.0032285 0.997575 -0.0692966 -0.429302 0.312881 0.0648122 0.947577 14.7723 0 0 0 1.00004 
0.948492 -0.0243187 -0.316027 -3.3265 -0.00048636 0.996925 -0.0781793 -0.47967 0.316971 0.0743041 0.945522 15.4097 0 0 0 1.00005 
0.947139 -0.0239267 -0.320084 -3.55949 -0.00358063 0.996353 -0.0850785 -0.538493 0.320967 0.0817252 0.943559 16.0628 0 0 0 1.00005 
0.945529 -0.0221243 -0.324942 -3.79997 -0.00820481 0.995742 -0.0916761 -0.60351 0.325601 0.089346 0.94128 16.718 0 0 0 1.00005 
0.943905 -0.0212271 -0.329707 -4.0457 -0.011639 0.99517 -0.0973962 -0.674214 0.330193 0.095767 0.939051 17.3833 0 0 0 1.00005 
0.942252 -0.019241 -0.334539 -4.30089 -0.0161706 0.994574 -0.102753 -0.748971 0.33471 0.102225 0.936775 18.0564 0 0 0 1.00006 
0.94055 -0.016723 -0.339434 -4.56583 -0.0205389 0.994165 -0.105896 -0.82594 0.339233 0.106568 0.934663 18.7414 0 0 0 1.00006 
0.938756 -0.0157172 -0.344408 -4.83737 -0.0226998 0.993974 -0.107238 -0.90784 0.344027 0.108484 0.932687 19.4393 0 0 0 1.00006 
0.936511 -0.0153926 -0.350483 -5.11238 -0.0234601 0.994051 -0.106348 -0.993729 0.350044 0.107814 0.930523 20.146 0 0 0 1.00006 
0.934215 -0.0150413 -0.356643 -5.3994 -0.0240306 0.994219 -0.104882 -1.0793 0.356158 0.106546 0.928374 20.8656 0 0 0 1.00006 
0.931581 -0.0152722 -0.363458 -5.69228 -0.023912 0.994411 -0.103078 -1.16513 0.362999 0.104709 0.925931 21.5911 0 0 0 1.00006 
0.928337 -0.0144656 -0.371704 -5.99623 -0.0245474 0.99471 -0.100023 -1.24923 0.371181 0.101972 0.922991 22.322 0 0 0 1.00006 
0.924984 -0.0125785 -0.380025 -6.31007 -0.0252176 0.995242 -0.0943258 -1.33199 0.379401 0.0968269 0.920195 23.059 0 0 0 1.00006 
0.92144 -0.00909883 -0.388634 -6.63932 -0.0277723 0.995649 -0.0891622 -1.41393 0.387751 0.0929451 0.917108 23.8061 0 0 0 1.00006 
0.917795 -0.00534171 -0.397235 -6.97925 -0.0310442 0.995906 -0.0851228 -1.49415 0.39606 0.0904516 0.913801 24.5557 0 0 0 1.00006 
0.913905 -0.00446296 -0.406116 -7.3276 -0.0321914 0.996017 -0.0833919 -1.57061 0.404866 0.0892802 0.91005 25.3116 0 0 0 1.00006 
0.909831 -0.00459647 -0.415152 -7.68538 -0.0327654 0.99604 -0.0828395 -1.6452 0.413885 0.0889675 0.90601 26.0719 0 0 0 1.00006 
0.905872 -0.00465452 -0.42372 -8.05325 -0.033066 0.996129 -0.0816385 -1.71862 0.422456 0.0879597 0.902145 26.8401 0 0 0 1.00006 
0.901886 -0.00366975 -0.432149 -8.43342 -0.0342705 0.996223 -0.0799858 -1.79223 0.430805 0.0869431 0.898287 27.6123 0 0 0 1.00007 
0.897982 -0.00449624 -0.440188 -8.82211 -0.0331259 0.996434 -0.0777585 -1.86556 0.438965 0.0844029 0.894567 28.3921 0 0 0 1.00007 
0.894012 -0.00393443 -0.448206 -9.22251 -0.032546 0.996766 -0.0736715 -1.9373 0.447041 0.0804461 0.890926 29.1804 0 0 0 1.00007 
0.890208 -0.00168948 -0.455727 -9.63931 -0.0329252 0.997154 -0.0680161 -2.00632 0.454539 0.0755493 0.887554 29.9781 0 0 0 1.00007 
0.886269 -0.00152683 -0.463348 -10.0665 -0.0317058 0.997467 -0.0639359 -2.07411 0.462264 0.0713512 0.883908 30.7836 0 0 0 1.00007 
0.882489 -0.00245404 -0.470503 -10.5036 -0.0303725 0.997619 -0.0621746 -2.13938 0.469528 0.0691548 0.880246 31.5934 0 0 0 1.00007 
0.879149 -0.00319462 -0.476725 -10.9532 -0.0295741 0.997708 -0.0612285 -2.20055 0.475816 0.0679234 0.876967 32.4099 0 0 0 1.00007 
0.875881 -0.00283439 -0.482706 -11.416 -0.0295307 0.997818 -0.059447 -2.26008 0.481809 0.0663189 0.873813 33.2351 0 0 0 1.00007 
0.8728 -0.00427253 -0.488246 -11.8883 -0.0277339 0.997937 -0.0583142 -2.32201 0.487475 0.0644334 0.870808 34.0685 0 0 0 1.00007 
0.87007 -0.00568593 -0.493079 -12.377 -0.0265388 0.997968 -0.0583411 -2.38463 0.492395 0.0638424 0.868078 34.9181 0 0 0 1.00007 
0.867925 -0.00672971 -0.496836 -12.8811 -0.0260052 0.997948 -0.0589496 -2.44687 0.496198 0.0640799 0.865894 35.7806 0 0 0 1.00008 
0.86653 -0.00649214 -0.499269 -13.387 -0.0267404 0.997905 -0.0593903 -2.51084 0.498592 0.0648098 0.864465 36.6408 0 0 0 1.00008 
0.866039 -0.00652238 -0.500217 -13.8993 -0.0262693 0.998019 -0.0584976 -2.57474 0.499567 0.0637942 0.864034 37.5102 0 0 0 1.00008 
0.865881 -0.00604265 -0.5005 -14.4194 -0.0258966 0.998125 -0.0568561 -2.64099 0.499862 0.0621846 0.863982 38.3923 0 0 0 1.00008 
0.865524 -0.00739006 -0.5011 -14.9426 -0.0241054 0.998199 -0.0563607 -2.70755 0.500572 0.0608536 0.863667 39.2836 0 0 0 1.00008 
0.864848 -0.00946626 -0.502235 -15.4711 -0.0222895 0.998195 -0.0572003 -2.77399 0.501827 0.0606568 0.862954 40.1857 0 0 0 1.00008 
0.863654 -0.0118175 -0.504233 -16.0092 -0.0199731 0.99822 -0.0576086 -2.84212 0.503973 0.0598178 0.86176 41.0992 0 0 0 1.00008 
0.861989 -0.0122866 -0.507057 -16.5537 -0.0184838 0.998358 -0.0556171 -2.91124 0.506866 0.057307 0.860228 42.0184 0 0 0 1.00008 
0.859822 -0.011562 -0.510742 -17.1068 -0.0173287 0.998586 -0.0517815 -2.98014 0.510575 0.0533672 0.858287 42.9374 0 0 0 1.00008 
0.856903 -0.0119565 -0.515622 -17.6614 -0.0148203 0.998829 -0.0477944 -3.04761 0.515544 0.048591 0.855601 43.8497 0 0 0 1.00009 
0.852795 -0.0123062 -0.522386 -18.2231 -0.01365 0.998942 -0.0458198 -3.11346 0.522349 0.0461998 0.851601 44.7563 0 0 0 1.00009 
0.847402 -0.0160502 -0.530986 -18.7909 -0.0112549 0.998859 -0.0481578 -3.17852 0.531105 0.0467795 0.846133 45.6544 0 0 0 1.00009 
0.841235 -0.0198355 -0.540579 -19.3687 -0.00952691 0.998713 -0.0514746 -3.24338 0.540854 0.0484462 0.839841 46.5426 0 0 0 1.00009 
0.834962 -0.0202812 -0.5502 -19.9608 -0.00930501 0.99874 -0.0509393 -3.3069 0.550489 0.0476461 0.833602 47.4277 0 0 0 1.00009 
0.82907 -0.0170117 -0.559149 -20.5672 -0.0103469 0.998982 -0.0457383 -3.37192 0.559306 0.0437003 0.827931 48.3093 0 0 0 1.00009 
0.823874 -0.0124549 -0.566892 -21.186 -0.0133534 0.999135 -0.0413616 -3.43437 0.566865 0.0416417 0.822878 49.1872 0 0 0 1.00009 
0.819823 -0.0127275 -0.572732 -21.8114 -0.0144823 0.999054 -0.042935 -3.49371 0.572683 0.0434883 0.818745 50.0625 0 0 0 1.00009 
0.816347 -0.0150838 -0.577618 -22.4421 -0.0148583 0.998861 -0.0470864 -3.55731 0.577617 0.0470155 0.815076 50.9375 0 0 0 1.00009 
0.813315 -0.017403 -0.581818 -23.0731 -0.0173764 0.998463 -0.0541588 -3.62247 0.581811 0.0541513 0.811645 51.7972 0 0 0 1.00009 
0.809998 -0.0187702 -0.586387 -23.7111 -0.0171339 0.998388 -0.0556292 -3.69149 0.586429 0.0550996 0.808252 52.6653 0 0 0 1.0001 
0.806578 -0.0173282 -0.591125 -24.348 -0.0164326 0.99861 -0.0516983 -3.76041 0.591143 0.0514059 0.805055 53.5232 0 0 0 1.0001 
0.803321 -0.0148407 -0.595612 -24.9963 -0.015979 0.998877 -0.0464433 -3.82769 0.595574 0.0468203 0.802064 54.3849 0 0 0 1.0001 
0.800236 -0.0131043 -0.599795 -25.6462 -0.0162406 0.999008 -0.0434972 -3.88893 0.59971 0.0445435 0.799109 55.2375 0 0 0 1.0001 
0.797098 -0.0129502 -0.603959 -26.3017 -0.0171106 0.998969 -0.0440055 -3.94916 0.603847 0.0454052 0.795936 56.0841 0 0 0 1.0001 
0.793515 -0.0142068 -0.608626 -26.9643 -0.0171478 0.998891 -0.0456764 -4.0117 0.608541 0.0466759 0.792275 56.9318 0 0 0 1.0001 
0.789453 -0.0170323 -0.613816 -27.6269 -0.0159769 0.99879 -0.0482661 -4.07497 0.613835 0.0479048 0.788109 57.7735 0 0 0 1.0001 
0.785117 -0.0182928 -0.61932 -28.3 -0.0150479 0.998792 -0.0485803 -4.13933 0.619398 0.0474547 0.783774 58.6151 0 0 0 1.0001 
0.780525 -0.0185729 -0.625084 -28.9833 -0.0144207 0.998842 -0.0476876 -4.20468 0.625184 0.0462298 0.779237 59.4555 0 0 0 1.0001 
0.775563 -0.0182299 -0.631242 -29.6756 -0.0147407 0.998873 -0.0469605 -4.2707 0.631322 0.0457202 0.774304 60.2915 0 0 0 1.0001 
0.770157 -0.0196171 -0.63779 -30.3708 -0.0143923 0.998826 -0.048104 -4.33555 0.637917 0.046221 0.768853 61.1197 0 0 0 1.0001 
0.764658 -0.0210454 -0.644322 -31.0774 -0.0138597 0.998784 -0.0490741 -4.39926 0.644505 0.0464492 0.763321 61.9484 0 0 0 1.0001 
0.758981 -0.0223672 -0.650964 -31.7941 -0.0134294 0.998762 -0.0499766 -4.46518 0.651203 0.0466679 0.757608 62.7752 0 0 0 1.00013 
0.753243 -0.0237739 -0.65755 -32.5147 -0.0130894 0.998712 -0.0511044 -4.5322 0.657843 0.0470952 0.751827 63.5908 0 0 0 1.00013 
0.747144 -0.025524 -0.664403 -33.247 -0.0123808 0.998657 -0.0522888 -4.59987 0.66477 0.0472873 0.745693 64.4038 0 0 0 1.00013 
0.740989 -0.0266831 -0.671212 -33.9981 -0.0114639 0.998657 -0.0523594 -4.67117 0.67163 0.0464857 0.73957 65.2192 0 0 0 1.00013 
0.734543 -0.0265209 -0.678263 -34.7614 -0.0108023 0.998745 -0.0507543 -4.73978 0.67868 0.0446016 0.733218 66.0385 0 0 0 1.00013 
0.727953 -0.0269591 -0.685314 -35.5324 -0.0102075 0.998783 -0.0501364 -4.80886 0.685753 0.0434861 0.726676 66.8488 0 0 0 1.00013 
0.721344 -0.0290309 -0.692183 -36.3114 -0.00880152 0.99875 -0.0510641 -4.87759 0.692719 0.0429209 0.720071 67.6554 0 0 0 1.00013 
0.714642 -0.0307893 -0.699031 -37.1084 -0.00875535 0.998657 -0.0529406 -4.94673 0.699638 0.0439473 0.713295 68.4649 0 0 0 1.00013 
0.708553 -0.0301055 -0.705233 -37.9131 -0.0102756 0.998643 -0.0529579 -5.01638 0.705783 0.0447635 0.707165 69.2595 0 0 0 1.00015 
0.703006 -0.029617 -0.710785 -38.7363 -0.0106063 0.998685 -0.0521067 -5.08832 0.711305 0.0441635 0.70165 70.0625 0 0 0 1.00016 
0.698076 -0.0290713 -0.715649 -39.561 -0.0118148 0.998671 -0.0520961 -5.1602 0.716124 0.0448156 0.696689 70.8504 0 0 0 1.00016 
0.693142 -0.0301143 -0.720325 -40.3914 -0.0118971 0.998568 -0.053198 -5.23238 0.720838 0.0454386 0.691706 71.6377 0 0 0 1.00016 
0.687881 -0.0319008 -0.725274 -41.2288 -0.0127361 0.998403 -0.0559969 -5.30609 0.725845 0.0477512 0.686293 72.4184 0 0 0 1.00016 
0.682775 -0.0344417 -0.729958 -42.0809 -0.0123685 0.998248 -0.0586726 -5.38208 0.730646 0.0490837 0.681074 73.2052 0 0 0 1.00016 
0.677611 -0.0350226 -0.734728 -42.9393 -0.0127553 0.998204 -0.0593486 -5.46057 0.735433 0.0495819 0.675868 73.9871 0 0 0 1.00016 
0.672654 -0.0347291 -0.739283 -43.814 -0.0122101 0.99829 -0.0580092 -5.53994 0.739978 0.0480419 0.671001 74.7725 0 0 0 1.00016 
0.667447 -0.0347988 -0.743987 -44.6888 -0.0116007 0.998351 -0.0571065 -5.62032 0.744691 0.0467414 0.665862 75.5489 0 0 0 1.00016 
0.662208 -0.036098 -0.748594 -45.5749 -0.010725 0.998331 -0.057631 -5.69984 0.749368 0.0461874 0.660635 76.326 0 0 0 1.00016 
0.657346 -0.0372056 -0.752839 -46.4693 -0.00971129 0.998351 -0.0578213 -5.78 0.753676 0.0453139 0.655807 77.1004 0 0 0 1.00016 
0.652868 -0.0378819 -0.756694 -47.3725 -0.00886453 0.998371 -0.0576322 -5.86026 0.75757 0.0443282 0.651376 77.8705 0 0 0 1.00016 
0.64865 -0.0388943 -0.760257 -48.2862 -0.00751894 0.998387 -0.057495 -5.94258 0.761194 0.0430049 0.64722 78.6468 0 0 0 1.00016 
0.644646 -0.0418041 -0.763509 -49.2036 -0.00481503 0.998338 -0.05873 -6.02568 0.764617 0.0415308 0.643279 79.4121 0 0 0 1.00017 
0.640319 -0.0466492 -0.766862 -50.1226 -0.0015009 0.998151 -0.061975 -6.10942 0.768258 0.0408291 0.638971 80.176 0 0 0 1.00017 
0.635351 -0.050895 -0.770711 -51.0506 0.00293214 0.998055 -0.0634923 -6.19448 0.772375 0.0380747 0.634159 80.9407 0 0 0 1.00019 
0.628496 -0.0544657 -0.776072 -51.9789 0.00790849 0.99802 -0.0636391 -6.28248 0.777931 0.0338543 0.627576 81.6952 0 0 0 1.00019 
0.619967 -0.0583555 -0.78263 -52.9248 0.0128039 0.997933 -0.0642666 -6.37127 0.784716 0.0298168 0.619302 82.4472 0 0 0 1.00019 
0.610745 -0.0593323 -0.789777 -53.8847 0.0154805 0.997977 -0.0630022 -6.45865 0.791868 0.0262468 0.610297 83.1918 0 0 0 1.0002 
0.601797 -0.0577746 -0.796731 -54.8623 0.0156392 0.998126 -0.060566 -6.54599 0.798686 0.0239833 0.601442 83.926 0 0 0 1.0002 
0.592577 -0.0575734 -0.803626 -55.8513 0.0149232 0.99814 -0.0605047 -6.63262 0.805563 0.0238561 0.592204 84.6539 0 0 0 1.0002 
0.582895 -0.0589665 -0.810579 -56.85 0.0138956 0.998028 -0.0626102 -6.71602 0.812617 0.0252265 0.582434 85.3684 0 0 0 1.0002 
0.572687 -0.0611661 -0.817668 -57.8605 0.0142098 0.997886 -0.0646971 -6.80542 0.819824 0.0254266 0.572232 86.077 0 0 0 1.0002 
0.562637 -0.0629079 -0.824488 -58.8897 0.0146247 0.997786 -0.0661527 -6.89635 0.826748 0.0251562 0.562198 86.7787 0 0 0 1.0002 
0.552296 -0.0636701 -0.831395 -59.9406 0.0173604 0.997828 -0.0648856 -6.99114 0.833641 0.0213972 0.552088 87.4788 0 0 0 1.0002 
0.541708 -0.0637447 -0.838328 -60.9909 0.0185039 0.99787 -0.0639216 -7.0856 0.840535 0.0191094 0.541622 88.1623 0 0 0 1.0002 
0.531125 -0.0644947 -0.845015 -62.0536 0.0186911 0.997835 -0.0644127 -7.17825 0.847256 0.0184118 0.531069 88.8318 0 0 0 1.0002 
0.520702 -0.0655965 -0.851397 -63.1221 0.01802 0.997756 -0.0658544 -7.27115 0.853719 0.0189431 0.520604 89.4818 0 0 0 1.0002 
0.510473 -0.0660517 -0.857537 -64.203 0.0164075 0.997704 -0.0670834 -7.36569 0.859908 0.0201686 0.510273 90.1199 0 0 0 1.0002 
0.500428 -0.0672481 -0.863344 -65.2963 0.0153856 0.997603 -0.0687901 -7.46312 0.86581 0.0211357 0.500153 90.7484 0 0 0 1.0002 
0.490657 -0.0671364 -0.868945 -66.3999 0.0142415 0.997605 -0.0690376 -7.56052 0.871405 0.0214929 0.490327 91.3673 0 0 0 1.0002 
0.481769 -0.0650181 -0.874066 -67.5153 0.0134093 0.997768 -0.0668311 -7.66015 0.876365 0.0204709 0.481455 91.9765 0 0 0 1.00021 
0.473607 -0.0634612 -0.878628 -68.6353 0.0139019 0.997909 -0.0645852 -7.75863 0.880793 0.0183681 0.47339 92.5763 0 0 0 1.00021 
0.465844 -0.0637212 -0.882751 -69.7577 0.0139254 0.997903 -0.064687 -7.85675 0.884923 0.0178362 0.465646 93.1628 0 0 0 1.00021 
0.458077 -0.0668383 -0.886579 -70.894 0.0155946 0.997716 -0.0671617 -7.95467 0.888942 0.016934 0.457965 93.7495 0 0 0 1.00021 
0.451058 -0.0703783 -0.889897 -72.0347 0.0181891 0.9975 -0.069671 -8.0541 0.892474 0.0152339 0.451103 94.3269 0 0 0 1.00021 
0.444776 -0.0731231 -0.892834 -73.178 0.0191497 0.997307 -0.0721421 -8.1583 0.895602 0.0149842 0.444872 94.8959 0 0 0 1.00021 
0.43915 -0.0767512 -0.895314 -74.3241 0.0211045 0.997051 -0.0751231 -8.26592 0.898332 0.0140897 0.439367 95.4597 0 0 0 1.00021 
0.434147 -0.0777701 -0.897664 -75.4741 0.023777 0.997011 -0.0748797 -8.37512 0.900695 0.0111599 0.434591 96.021 0 0 0 1.00021 
0.42973 -0.0752233 -0.900003 -76.6223 0.0255417 0.997239 -0.0711569 -8.48555 0.902762 0.00758616 0.430358 96.5721 0 0 0 1.00021 
0.425772 -0.0733069 -0.902039 -77.769 0.0286388 0.997406 -0.0675413 -8.59269 0.904541 0.0029202 0.426661 97.1153 0 0 0 1.00021 
0.422172 -0.0727823 -0.903696 -78.9221 0.0302209 0.997373 -0.066212 -8.69587 0.906099 0.000639082 0.423189 97.6541 0 0 0 1.00021 
0.419075 -0.0726542 -0.905145 -80.0621 0.031841 0.99738 -0.0653187 -8.79794 0.907479 -0.00145033 0.420217 98.183 0 0 0 1.00021 
0.416475 -0.0719859 -0.906391 -81.2007 0.0337172 0.997423 -0.0637251 -8.89465 0.908611 -0.00402415 0.41775 98.706 0 0 0 1.00021 
0.414054 -0.0710841 -0.907568 -82.3399 0.0352869 0.99747 -0.0620293 -8.99265 0.909662 -0.00634471 0.415435 99.2248 0 0 0 1.00022 
0.411846 -0.0723267 -0.908477 -83.4715 0.0377401 0.997366 -0.0622969 -9.08698 0.910568 -0.00863211 0.41341 99.7336 0 0 0 1.00022 
0.409779 -0.0731453 -0.909345 -84.6167 0.0403234 0.99728 -0.0620501 -9.17628 0.911388 -0.0112439 0.411533 100.236 0 0 0 1.00022 
0.407536 -0.0727031 -0.910383 -85.7435 0.043744 0.997248 -0.0600612 -9.26488 0.912218 -0.0153491 0.409524 100.735 0 0 0 1.00022 
0.405443 -0.0720509 -0.911416 -86.8494 0.0455057 0.997286 -0.0586011 -9.35638 0.913099 -0.0177165 0.407544 101.23 0 0 0 1.00027 
0.40393 -0.0734125 -0.911982 -87.946 0.0478448 0.99715 -0.0590823 -9.44749 0.913652 -0.0197695 0.406213 101.713 0 0 0 1.00027 
0.402749 -0.0746509 -0.912407 -89.0339 0.0492351 0.997039 -0.0598475 -9.53823 0.914103 -0.0208199 0.405152 102.19 0 0 0 1.00027 
0.402279 -0.0759445 -0.912509 -90.1026 0.0492439 0.996955 -0.0612685 -9.63015 0.914312 -0.0202894 0.404714 102.659 0 0 0 1.00027 
0.402561 -0.0766095 -0.912302 -91.1591 0.0484466 0.996915 -0.0623402 -9.72296 0.914208 -0.0191042 0.404953 103.125 0 0 0 1.00027 
0.404848 -0.0764106 -0.911305 -92.2063 0.0463123 0.996972 -0.0630223 -9.81422 0.913307 -0.0166923 0.407084 103.585 0 0 0 1.00027 
0.408951 -0.0766508 -0.909455 -93.2451 0.0444627 0.996995 -0.0640386 -9.90676 0.911573 -0.0142505 0.411052 104.051 0 0 0 1.00028 
0.414045 -0.0771236 -0.907107 -94.269 0.0432115 0.996985 -0.0650444 -9.99839 0.909331 -0.0122687 0.416051 104.513 0 0 0 1.00028 
0.419967 -0.0772047 -0.904376 -95.2885 0.0426775 0.996993 -0.0652961 -10.0879 0.906639 -0.0111768 0.42192 104.981 0 0 0 1.00028 
0.426867 -0.0760097 -0.901236 -96.3022 0.0416515 0.997093 -0.0643691 -10.1766 0.903454 -0.0100634 0.428714 105.456 0 0 0 1.00028 
0.434903 -0.074819 -0.897487 -97.3058 0.0405123 0.997197 -0.0635029 -10.2644 0.899667 -0.00874433 0.436636 105.938 0 0 0 1.00028 
0.443637 -0.074486 -0.893225 -98.3044 0.0403762 0.997224 -0.0631077 -10.35 0.895395 -0.00807089 0.445335 106.43 0 0 0 1.00028 
0.452969 -0.074149 -0.888559 -99.2936 0.0397964 0.997259 -0.0629355 -10.4344 0.890738 -0.0068565 0.454599 106.929 0 0 0 1.00028 
0.462622 -0.0749783 -0.883504 -100.27 0.0390598 0.997212 -0.0641785 -10.5215 0.8858 -0.00482216 0.46418 107.439 0 0 0 1.00028 
0.472839 -0.076456 -0.87795 -101.239 0.0373724 0.997109 -0.0667081 -10.608 0.880461 -0.00127234 0.474248 107.958 0 0 0 1.00028 
0.484193 -0.0773892 -0.871661 -102.196 0.0359009 0.997039 -0.0685814 -10.6974 0.874334 0.00190945 0.485455 108.488 0 0 0 1.00028 
0.49638 -0.0755911 -0.864944 -103.141 0.0339319 0.997175 -0.0676773 -10.7874 0.86756 0.00424055 0.497456 109.026 0 0 0 1.00028 
0.509138 -0.0731252 -0.857712 -104.082 0.0327638 0.997356 -0.0655851 -10.8755 0.860183 0.00528609 0.5101 109.579 0 0 0 1.00028 
0.52137 -0.0708216 -0.85053 -105.007 0.0323123 0.997524 -0.0632572 -10.9626 0.852845 0.00549399 0.522277 110.142 0 0 0 1.00028 
0.533095 -0.0703298 -0.843298 -105.921 0.0326109 0.99758 -0.0625843 -11.0484 0.845582 0.00585873 0.533995 110.718 0 0 0 1.00028 
0.544479 -0.0707638 -0.835956 -106.822 0.0329309 0.997543 -0.0629963 -11.1336 0.838285 0.00676731 0.545367 111.304 0 0 0 1.00028 
0.555376 -0.0718868 -0.82866 -107.702 0.0333627 0.997453 -0.0641727 -11.2179 0.831089 0.00798939 0.556255 111.895 0 0 0 1.00028 
0.566148 -0.0736355 -0.821182 -108.568 0.0356867 0.99733 -0.0648301 -11.3021 0.823692 0.00739379 0.567158 112.496 0 0 0 1.00028 
0.576776 -0.073549 -0.813759 -109.419 0.0362353 0.997334 -0.0644609 -11.3856 0.816261 0.00768842 0.577797 113.102 0 0 0 1.00029 
0.587372 -0.0711926 -0.806354 -110.258 0.0354458 0.997498 -0.0622524 -11.4681 0.808694 0.00797912 0.588327 113.714 0 0 0 1.00029 
0.597104 -0.068334 -0.799423 -111.084 0.0358142 0.99771 -0.0585366 -11.5513 0.801519 0.00631766 0.598085 114.341 0 0 0 1.00029 
0.607027 -0.0665208 -0.792053 -111.889 0.0345771 0.997833 -0.0573032 -11.6293 0.794035 0.00739314 0.607932 114.961 0 0 0 1.00029 
0.617092 -0.0662785 -0.784263 -112.677 0.0331032 0.997828 -0.0582803 -11.7041 0.786311 0.00999769 0.617862 115.577 0 0 0 1.00029 
0.626588 -0.0659669 -0.776752 -113.451 0.0314899 0.99784 -0.0593412 -11.7796 0.778861 0.012717 0.627214 116.202 0 0 0 1.00029 
0.635785 -0.0655773 -0.769308 -114.214 0.0317138 0.997887 -0.0588526 -11.8544 0.771396 0.0130139 0.636406 116.835 0 0 0 1.00029 
0.644956 -0.0636053 -0.76183 -114.973 0.0315965 0.998042 -0.0565779 -11.9289 0.763776 0.0124129 0.645574 117.477 0 0 0 1.00031 
0.6537 -0.0618209 -0.754523 -115.716 0.0319094 0.998193 -0.0541408 -12.0016 0.756314 0.011309 0.654355 118.12 0 0 0 1.00034 
0.661888 -0.0613686 -0.747389 -116.441 0.0325205 0.998227 -0.0531655 -12.0715 0.749134 0.0108778 0.662571 118.763 0 0 0 1.00034 
0.66973 -0.0606964 -0.740426 -117.154 0.0316398 0.998253 -0.0532135 -12.1385 0.742171 0.0122051 0.670339 119.406 0 0 0 1.00034 
0.677247 -0.0598571 -0.733626 -117.854 0.0312496 0.998298 -0.0526044 -12.2026 0.735336 0.0126938 0.677821 120.051 0 0 0 1.00034 
0.684578 -0.0572155 -0.727034 -118.542 0.030628 0.998487 -0.0497391 -12.2657 0.728575 0.0117758 0.685134 120.699 0 0 0 1.00034 
0.692122 -0.0544153 -0.720073 -119.219 0.0297501 0.998652 -0.0468725 -12.329 0.721449 0.0110125 0.692645 121.347 0 0 0 1.00034 
0.699534 -0.0529513 -0.712988 -119.878 0.028961 0.99873 -0.0457583 -12.3897 0.714301 0.0113537 0.700012 121.993 0 0 0 1.00034 
0.707206 -0.052153 -0.705437 -120.522 0.0284266 0.998762 -0.0453413 -12.4464 0.706727 0.0120054 0.707645 122.636 0 0 0 1.00034 
0.715291 -0.0494309 -0.697435 -121.15 0.0261301 0.998885 -0.0439976 -12.5018 0.698633 0.0132396 0.715614 123.278 0 0 0 1.00034 
0.724423 -0.0467458 -0.688134 -121.765 0.0256317 0.999032 -0.0408825 -12.5558 0.689181 0.0119709 0.724745 123.923 0 0 0 1.00034 
0.734062 -0.0429535 -0.678094 -122.364 0.0240017 0.999212 -0.0373123 -12.6075 0.678966 0.011107 0.734338 124.57 0 0 0 1.00034 
0.744399 -0.04101 -0.666853 -122.946 0.0225387 0.999284 -0.0362947 -12.6566 0.667671 0.0119804 0.74461 125.215 0 0 0 1.00034 
0.754546 -0.0403065 -0.655394 -123.513 0.0212859 0.999287 -0.0369502 -12.7041 0.656226 0.013922 0.754683 125.866 0 0 0 1.00034 
0.764602 -0.0415375 -0.643558 -124.063 0.0216937 0.999213 -0.0387195 -12.7494 0.644471 0.0156356 0.764715 126.522 0 0 0 1.00034 
0.774799 -0.0406163 -0.6313 -124.605 0.0214059 0.999243 -0.0380181 -12.7936 0.632183 0.0159344 0.774895 127.188 0 0 0 1.00034 
0.785197 -0.0390156 -0.618428 -125.139 0.0211629 0.99932 -0.0361764 -12.8389 0.619236 0.0153095 0.785296 127.867 0 0 0 1.00034 
0.795545 -0.0366428 -0.605205 -125.661 0.0209455 0.999433 -0.0329799 -12.8818 0.605891 0.0135527 0.795669 128.555 0 0 0 1.00034 
0.805398 -0.0353218 -0.592114 -126.169 0.0214745 0.999506 -0.0304154 -12.923 0.592717 0.0117736 0.805562 129.25 0 0 0 1.00034 
0.814678 -0.0338238 -0.57937 -126.662 0.0220876 0.999583 -0.0272985 -12.9613 0.579876 0.00943561 0.814885 129.948 0 0 0 1.00034 
0.823028 -0.0330018 -0.567493 -127.143 0.0228309 0.999625 -0.0250215 -12.9975 0.567934 0.00763051 0.82327 130.646 0 0 0 1.00034 
0.830434 -0.0333853 -0.556576 -127.613 0.0245638 0.999625 -0.0233117 -13.0324 0.556976 0.00568116 0.830738 131.352 0 0 0 1.00034 
0.837262 -0.0331883 -0.546259 -128.074 0.0248282 0.999633 -0.0226796 -13.0657 0.546645 0.00542015 0.837572 132.061 0 0 0 1.00035 
0.844232 -0.0322621 -0.535485 -128.531 0.0239757 0.999661 -0.0224295 -13.0967 0.535862 0.00609094 0.844509 132.777 0 0 0 1.00035 
0.851118 -0.0303743 -0.524585 -128.981 0.0225392 0.99972 -0.0213173 -13.1268 0.524923 0.00631351 0.851351 133.503 0 0 0 1.00035 
0.857577 -0.0293942 -0.514017 -129.42 0.0219039 0.999749 -0.0206278 -13.1576 0.514334 0.00642468 0.85779 134.235 0 0 0 1.00035 
0.863588 -0.0300058 -0.503811 -129.851 0.0228073 0.99973 -0.0204484 -13.1872 0.504133 0.00616219 0.863824 134.976 0 0 0 1.00035 
0.868819 -0.0314123 -0.494653 -130.275 0.0240213 0.999686 -0.0212932 -13.2157 0.495011 0.00661141 0.869082 135.727 0 0 0 1.00035 
0.873284 -0.0319411 -0.486693 -130.697 0.0245084 0.999668 -0.021632 -13.2439 0.487069 0.00695646 0.873556 136.487 0 0 0 1.00035 
0.876863 -0.0311709 -0.480265 -131.117 0.0241564 0.999694 -0.0207801 -13.2712 0.480614 0.00661349 0.877125 137.257 0 0 0 1.00035 
0.880107 -0.02947 -0.474403 -131.536 0.0241511 0.999761 -0.0173014 -13.2966 0.474649 0.00376412 0.880385 138.037 0 0 0 1.00035 
0.883404 -0.025302 -0.468527 -131.963 0.0217975 0.999919 -0.0128987 -13.3206 0.468655 0.00117706 0.883616 138.837 0 0 0 1.00037 
0.886865 -0.0226278 -0.462086 -132.388 0.0202975 0.999985 -0.0100105 -13.3418 0.462146 -0.000505653 0.88704 139.65 0 0 0 1.00037 
0.890248 -0.0199304 -0.45566 -132.811 0.0184267 1.00004 -0.00773893 -13.3583 0.455675 -0.00151093 0.89038 140.47 0 0 0 1.00037 
0.89364 -0.0182897 -0.449037 -133.233 0.0177342 1.00007 -0.00543922 -13.3732 0.449011 -0.00310632 0.893753 141.305 0 0 0 1.00037 
0.897055 -0.016874 -0.442232 -133.653 0.0176179 1.00008 -0.00242091 -13.3864 0.442156 -0.00562247 0.897152 142.155 0 0 0 1.00037 
0.900593 -0.0169469 -0.435035 -134.07 0.0186419 1.00009 -0.000365784 -13.398 0.434919 -0.00778252 0.900694 143.02 0 0 0 1.00037 
0.90424 -0.017188 -0.427393 -134.487 0.0193561 1.00008 0.000734189 -13.4075 0.427254 -0.00893823 0.904344 143.902 0 0 0 1.00037 
0.908037 -0.0178938 -0.419234 -134.899 0.0201364 1.00006 0.000930989 -13.4164 0.419087 -0.00928882 0.908153 144.795 0 0 0 1.00037 
0.912027 -0.0205002 -0.410358 -135.306 0.0226957 1 0.000485842 -13.4245 0.410197 -0.00975784 0.912197 145.705 0 0 0 1.00037 
0.916217 -0.0220686 -0.400826 -135.709 0.0238349 0.999975 -0.000572877 -13.4341 0.400681 -0.0090304 0.916422 146.627 0 0 0 1.00037 
0.920889 -0.02318 -0.389904 -136.108 0.0241313 0.999964 -0.00245278 -13.4453 0.389803 -0.0071524 0.921117 147.569 0 0 0 1.00038 
0.926338 -0.0214054 -0.376763 -136.501 0.0219045 0.99997 -0.00295471 -13.4568 0.376692 -0.0055188 0.926519 148.526 0 0 0 1.00038 
0.932765 -0.0176958 -0.360759 -136.886 0.0184115 1.00004 -0.00144829 -13.4683 0.360681 -0.00529435 0.932869 149.501 0 0 0 1.00038 
0.939694 -0.0139248 -0.342481 -137.258 0.0154976 1.00009 0.00186143 -13.4799 0.342373 -0.00705955 0.939732 150.501 0 0 0 1.00038 
0.94668 -0.0105899 -0.322799 -137.611 0.0125058 1.00013 0.00386709 -13.4891 0.322692 -0.00770035 0.946668 151.517 0 0 0 1.00038 
0.953569 -0.00895785 -0.301898 -137.945 0.01099 1.00014 0.00503844 -13.4959 0.301794 -0.00812483 0.953533 152.553 0 0 0 1.00038 
0.960019 -0.00756077 -0.280762 -138.259 0.00989297 1.00015 0.00689595 -13.5004 0.280654 -0.00939992 0.959959 153.61 0 0 0 1.00038 
0.966006 -0.00663382 -0.259438 -138.551 0.0095333 1.00012 0.00992587 -13.5027 0.259313 -0.0120631 0.965911 154.685 0 0 0 1.00038 
0.971618 -0.00445032 -0.237622 -138.823 0.00795029 1.0001 0.0137801 -13.5026 0.237498 -0.0152786 0.971463 155.771 0 0 0 1.00038 
0.976751 -0.0022779 -0.215585 -139.073 0.00638112 1.00003 0.018347 -13.4978 0.215472 -0.0192954 0.976513 156.879 0 0 0 1.00039 
0.98138 -0.000348224 -0.193418 -139.305 0.00467754 0.999972 0.0219362 -13.49 0.193331 -0.0224309 0.981071 158.013 0 0 0 1.00041 
0.98546 0.00129078 -0.171416 -139.512 0.00255049 0.999973 0.0221961 -13.4789 0.171373 -0.0223091 0.985146 159.16 0 0 0 1.00041 
0.989006 0.000437484 -0.149619 -139.693 0.00265086 1.00001 0.0204509 -13.4658 0.149568 -0.0206216 0.98873 160.318 0 0 0 1.00041 
0.991931 0.00043573 -0.128781 -139.85 0.00212904 1.00002 0.0197873 -13.4524 0.128737 -0.0199011 0.991668 161.486 0 0 0 1.00041 
0.994337 -0.000912212 -0.108614 -139.983 0.00331852 0.999976 0.0219876 -13.4386 0.108542 -0.0222223 0.994026 162.675 0 0 0 1.00041 
0.996311 -0.000357512 -0.088733 -140.096 0.00249514 0.999934 0.0239941 -13.4258 0.0886749 -0.0241252 0.995953 163.883 0 0 0 1.00041 
0.997909 6.68513e-05 -0.0684678 -140.187 0.00166375 0.999907 0.0252344 -13.4093 0.0684254 -0.0252934 0.99752 165.11 0 0 0 1.00041 
0.999096 0.00166173 -0.0481396 -140.256 -0.000403923 0.999886 0.0261449 -13.3906 0.0481458 -0.0260994 0.998685 166.355 0 0 0 1.00041 
0.999868 0.00200002 -0.0276045 -140.298 -0.00125335 0.999855 0.027067 -13.3719 0.0276292 -0.0270263 0.999433 167.614 0 0 0 1.00041 
1.00022 0.00424641 -0.00719574 -140.318 -0.00405193 0.999855 0.026904 -13.3519 0.00728944 -0.0268782 0.999795 168.879 0 0 0 1.00042 
1.00016 0.00532039 0.0128826 -140.312 -0.00565485 0.999871 0.0260368 -13.3323 -0.0127559 -0.0261114 0.999761 170.157 0 0 0 1.00042 
0.999714 0.00531105 0.0324434 -140.28 -0.0060919 0.99992 0.0240088 -13.3143 -0.032321 -0.0241978 0.999368 171.454 0 0 0 1.00042 
0.998906 0.00731936 0.0514303 -140.225 -0.00844634 0.999956 0.0217273 -13.2976 -0.051271 -0.0221368 0.998624 172.754 0 0 0 1.00042 
0.997737 0.0073579 0.0705573 -140.143 -0.00880703 0.999984 0.020249 -13.2837 -0.0704034 -0.0208239 0.997486 174.064 0 0 0 1.00042 
0.996222 0.00740419 0.089422 -140.034 -0.00900562 1.00003 0.0175187 -13.2734 -0.0892859 -0.018258 0.996023 175.383 0 0 0 1.00042 
0.99437 0.00821808 0.108051 -139.9 -0.00962097 1.00011 0.0124686 -13.2676 -0.107945 -0.0134395 0.994253 176.71 0 0 0 1.00042 
0.99224 0.00981932 0.126016 -139.744 -0.0106774 1.00015 0.00613459 -13.2685 -0.125954 -0.00743587 0.992195 178.043 0 0 0 1.00042 
0.989834 0.0115765 0.143598 -139.562 -0.0119004 1.00016 0.00139521 -13.276 -0.143578 -0.0030946 0.989826 179.383 0 0 0 1.00042 
0.987075 0.0137556 0.161182 -139.355 -0.0135416 1.00014 -0.00242685 -13.2915 -0.161205 0.000206912 0.987099 180.737 0 0 0 1.00042 
0.983998 0.0156991 0.178855 -139.12 -0.0150595 1.00011 -0.00493415 -13.3108 -0.178914 0.0021552 0.984042 182.104 0 0 0 1.00043 
0.980683 0.0149962 0.196281 -138.857 -0.0144099 1.00012 -0.00441594 -13.3324 -0.196328 0.00149593 0.980719 183.475 0 0 0 1.00043 
0.977106 0.0141414 0.213459 -138.567 -0.0134396 1.00016 -0.00473792 -13.3566 -0.213505 0.00175416 0.977133 184.848 0 0 0 1.00043 
0.973297 0.013889 0.23022 -138.251 -0.0120093 1.00015 -0.00956502 -13.3826 -0.230325 0.00653678 0.973285 186.224 0 0 0 1.00043 
0.969238 0.0149518 0.246688 -137.914 -0.0119695 1.0001 -0.0135862 -13.411 -0.246849 0.0102062 0.969193 187.597 0 0 0 1.00043 
0.964773 0.0171132 0.263477 -137.552 -0.014086 1.00007 -0.0133757 -13.4456 -0.263653 0.00918418 0.964768 188.986 0 0 0 1.00043 
0.959782 0.0193545 0.280959 -137.159 -0.0161557 1.00004 -0.0136988 -13.4821 -0.281157 0.0086 0.959816 190.384 0 0 0 1.00043 
0.954303 0.0228941 0.298638 -136.738 -0.0188486 0.999903 -0.0164216 -13.519 -0.298916 0.0100334 0.954372 191.788 0 0 0 1.00043 
0.948689 0.0233019 0.315992 -136.29 -0.0178598 0.999854 -0.0201102 -13.5612 -0.31634 0.013425 0.948698 193.175 0 0 0 1.00043 
0.942758 0.0241306 0.333212 -135.815 -0.0177767 0.999814 -0.0221077 -13.608 -0.333604 0.0149086 0.942744 194.563 0 0 0 1.00043 
0.936363 0.0243724 0.35076 -135.314 -0.0158971 0.999723 -0.0270263 -13.662 -0.351237 0.0197189 0.936226 195.941 0 0 0 1.00043 
0.928985 0.0274473 0.36974 -134.78 -0.0165097 0.99957 -0.0327195 -13.7218 -0.370388 0.0242782 0.928728 197.337 0 0 0 1.00046 
0.920046 0.0307687 0.391182 -134.212 -0.0181992 0.99943 -0.0358054 -13.7888 -0.391964 0.0258097 0.919777 198.726 0 0 0 1.00046 
0.909459 0.0337947 0.41496 -133.611 -0.0203665 0.999351 -0.0367495 -13.8604 -0.415829 0.0249574 0.909258 200.103 0 0 0 1.00046 
0.897374 0.0385519 0.440101 -132.967 -0.0238339 0.999194 -0.038928 -13.9369 -0.441133 0.0244301 0.897272 201.478 0 0 0 1.00046 
0.884382 0.0426096 0.465311 -132.287 -0.0260883 0.99902 -0.0418971 -14.0164 -0.466517 0.0249 0.88433 202.836 0 0 0 1.00046 
0.870788 0.0464106 0.489936 -131.561 -0.0280908 0.998847 -0.0446901 -14.0996 -0.491313 0.0251388 0.870793 204.184 0 0 0 1.00046 
0.856829 0.0476782 0.513849 -130.798 -0.0276209 0.998775 -0.0466143 -14.187 -0.5153 0.025733 0.856803 205.509 0 0 0 1.00046 
0.842151 0.0494653 0.537406 -129.993 -0.0276175 0.998678 -0.0486432 -14.2791 -0.538952 0.0261085 0.842114 206.82 0 0 0 1.00047 
0.826879 0.0513863 0.560453 -129.158 -0.0259608 0.998491 -0.0532458 -14.3756 -0.562184 0.0294622 0.826678 208.101 0 0 0 1.00047 
0.811504 0.0535135 0.582303 -128.274 -0.024099 0.998265 -0.0581548 -14.4798 -0.584237 0.0331427 0.811102 209.374 0 0 0 1.00047 
0.79615 0.0555408 0.602947 -127.364 -0.0233378 0.998107 -0.0611244 -14.5895 -0.605024 0.0345749 0.795658 210.616 0 0 0 1.00047 
0.780953 0.0569584 0.6224 -126.412 -0.0217161 0.997973 -0.0640798 -14.7061 -0.624596 0.0365082 0.78032 211.845 0 0 0 1.00048 
0.76598 0.0573271 0.640713 -125.428 -0.0199118 0.997924 -0.0654827 -14.825 -0.642935 0.0373811 0.765245 213.054 0 0 0 1.00048 
0.751582 0.0580613 0.657487 -124.394 -0.0185067 0.997859 -0.066963 -14.9476 -0.659755 0.0381401 0.750761 214.253 0 0 0 1.00048 
0.737448 0.0583706 0.673273 -123.343 -0.0156837 0.997744 -0.0693221 -15.0717 -0.675583 0.0405412 0.73642 215.422 0 0 0 1.00048 
0.723504 0.0596538 0.688123 -122.264 -0.0133559 0.997555 -0.0724357 -15.1998 -0.69054 0.0431952 0.722258 216.569 0 0 0 1.00048 
0.709401 0.0617508 0.702466 -121.154 -0.0109042 0.997265 -0.0766532 -15.3347 -0.705054 0.0466951 0.707868 217.704 0 0 0 1.00048 
0.695248 0.0634166 0.716334 -120.03 -0.00939604 0.997087 -0.0791517 -15.4713 -0.719035 0.0482758 0.693556 218.807 0 0 0 1.00048 
0.680713 0.0642784 0.730086 -118.881 -0.00856761 0.997045 -0.0797934 -15.6128 -0.73282 0.0480378 0.678994 219.894 0 0 0 1.00049 
0.665236 0.0654908 0.744107 -117.711 -0.00907594 0.997052 -0.0796386 -15.7564 -0.746887 0.0462022 0.663617 220.958 0 0 0 1.00049 
0.648768 0.0667015 0.758404 -116.528 -0.011378 0.997162 -0.0779665 -15.9009 -0.761203 0.0419316 0.647438 221.994 0 0 0 1.00049 
0.631907 0.0678172 0.772416 -115.331 -0.0139071 0.997272 -0.0761813 -16.0452 -0.775217 0.0373775 0.630881 222.998 0 0 0 1.00049 
0.614942 0.0697837 0.785818 -114.124 -0.0167633 0.997285 -0.075444 -16.1891 -0.788685 0.0332023 0.614202 223.968 0 0 0 1.00049 
0.59808 0.0728859 0.798449 -112.9 -0.0177901 0.997095 -0.0776926 -16.3359 -0.801523 0.0322437 0.597405 224.905 0 0 0 1.00049 
0.580937 0.0764778 0.810679 -111.679 -0.0201722 0.996902 -0.0795893 -16.4818 -0.813979 0.0298657 0.58045 225.8 0 0 0 1.00049 
0.562629 0.0766679 0.823472 -110.437 -0.0203629 0.996952 -0.0789058 -16.6297 -0.826731 0.0276097 0.562252 226.668 0 0 0 1.00049 
0.542921 0.0757766 0.836671 -109.183 -0.02141 0.997115 -0.0764149 -16.7746 -0.839758 0.0235591 0.542772 227.499 0 0 0 1.00049 
0.522615 0.0740575 0.849653 -107.919 -0.021566 0.997317 -0.0736632 -16.9157 -0.852535 0.0201601 0.522613 228.297 0 0 0 1.00049 
0.502205 0.0728396 0.861981 -106.645 -0.0222777 0.997476 -0.07131 -17.0535 -0.864699 0.0165968 0.502368 229.058 0 0 0 1.00049 
0.481818 0.0718763 0.87362 -105.375 -0.0215835 0.997572 -0.0701707 -17.1863 -0.876237 0.0149419 0.482015 229.775 0 0 0 1.0005 
0.461602 0.0714976 0.884492 -104.097 -0.0209793 0.997601 -0.0696937 -17.3169 -0.887069 0.0136033 0.461819 230.454 0 0 0 1.0005 
0.441745 0.0706469 0.894642 -102.83 -0.0187103 0.997657 -0.0695447 -17.4442 -0.897171 0.0139705 0.441862 231.089 0 0 0 1.0005 
0.421904 0.0709905 0.904142 -101.545 -0.0163888 0.997618 -0.0706841 -17.5716 -0.906714 0.0149922 0.421899 231.696 0 0 0 1.0005 
0.402038 0.0702816 0.913207 -100.262 -0.0125919 0.997637 -0.0712375 -17.6981 -0.915758 0.0171286 0.401815 232.266 0 0 0 1.0005 
0.382135 0.0683376 0.921857 -98.977 -0.010774 0.997778 -0.0695012 -17.823 -0.924259 0.0166144 0.381871 232.803 0 0 0 1.0005 
0.36234 0.0682146 0.929823 -97.7062 -0.00981632 0.997797 -0.0693776 -17.9458 -0.932205 0.0159987 0.362067 233.306 0 0 0 1.0005 
0.343257 0.0729098 0.936647 -96.4374 -0.0100979 0.997466 -0.0739402 -18.0704 -0.93937 0.0159112 0.342981 233.779 0 0 0 1.0005 
0.324771 0.0820527 0.94247 -95.1725 -0.0110064 0.99675 -0.0829825 -18.2005 -0.945914 0.0165653 0.32448 234.223 0 0 0 1.0005 
0.306316 0.0897378 0.947931 -93.9007 -0.0128857 0.996105 -0.0901313 -18.3378 -0.952024 0.0153823 0.306148 234.64 0 0 0 1.0005 
0.287481 0.0937625 0.953428 -92.6288 -0.0152179 0.99578 -0.0933358 -18.4823 -0.957848 0.0123124 0.287568 235.033 0 0 0 1.0005 
0.268288 0.0951362 0.958872 -91.3566 -0.0177596 0.995695 -0.0938174 -18.6293 -0.963357 0.00813148 0.268701 235.4 0 0 0 1.0005 
0.249225 0.095476 0.963969 -90.0757 -0.0214045 0.995692 -0.0930809 -18.7759 -0.968389 0.00255721 0.250079 235.743 0 0 0 1.0005 
0.230459 0.095938 0.968579 -88.8205 -0.0230307 0.995648 -0.0931363 -18.9184 -0.972985 -0.000849375 0.231557 236.055 0 0 0 1.00051 
0.212035 0.0945336 0.972917 -87.5713 -0.0231488 0.995778 -0.091707 -19.0579 -0.977163 -0.00308247 0.213225 236.338 0 0 0 1.00051 
0.19392 0.0946661 0.976676 -86.3354 -0.0231704 0.995759 -0.0919124 -19.1953 -0.980917 -0.00481134 0.195194 236.594 0 0 0 1.00051 
0.175957 0.0953929 0.98 -85.1023 -0.0223831 0.995684 -0.0928979 -19.3312 -0.984313 -0.00559423 0.177242 236.823 0 0 0 1.00051 
0.157357 0.0989717 0.982806 -83.8797 -0.0261135 0.995296 -0.0960457 -19.468 -0.987366 -0.0105543 0.159116 237.035 0 0 0 1.00051 
0.13909 0.100864 0.985366 -82.6545 -0.0261952 0.995089 -0.0981588 -19.6061 -0.990102 -0.0121618 0.140969 237.227 0 0 0 1.00053 
0.122559 0.0980928 0.987838 -81.4179 -0.0263883 0.995337 -0.0955608 -19.7479 -0.992278 -0.0143576 0.124502 237.387 0 0 0 1.00053 
0.107822 0.0936285 0.98999 -80.1998 -0.023786 0.995778 -0.0915827 -19.8857 -0.994055 -0.0136754 0.109524 237.523 0 0 0 1.00054 
0.0941406 0.0896476 0.991754 -79.0065 -0.023272 0.99613 -0.0878315 -20.0154 -0.995457 -0.0148131 0.0957974 237.643 0 0 0 1.00054 
0.0819506 0.0863618 0.993129 -77.8296 -0.0210495 0.996434 -0.0849097 -20.1408 -0.996586 -0.0139482 0.083415 237.744 0 0 0 1.00054 
