1 -0 0 -0 -0 1 -0 0 0 -0 1 -0 -0 0 -0 1 
0.999996 -0.00173589 -0.00150286 -0.00291959 0.00173461 0.999997 -0.000858671 -0.0110265 0.00150435 0.000856061 0.999997 0.565866 0 0 0 1 
0.999994 -0.00230909 -0.00264586 -0.00855363 0.00230291 0.999995 -0.00233818 -0.0236034 0.00265124 0.00233207 0.999994 1.12952 0 0 0 1 
0.999988 -0.00266858 -0.00453553 -0.0156599 0.00265203 0.999992 -0.00365102 -0.036957 0.00454523 0.00363893 0.999985 1.69215 0 0 0 1 
0.999973 -0.00482165 -0.00649737 -0.0202133 0.00478627 0.99998 -0.00545063 -0.0478934 0.00652348 0.00541934 0.99997 2.25434 0 0 0 1 
0.999949 -0.00723813 -0.0080965 -0.0254922 0.00717772 0.999955 -0.00746619 -0.0585552 0.00815011 0.00740763 0.999948 2.82204 0 0 0 1 
0.999928 -0.00851601 -0.00952601 -0.0332016 0.00843789 0.999941 -0.00821189 -0.0694024 0.00959528 0.00813083 0.999931 3.39717 0 0 0 1 
0.999913 -0.0087023 -0.0109458 -0.0430963 0.0086196 0.999945 -0.00758143 -0.082168 0.0110111 0.00748633 0.999922 3.98315 0 0 0 1.00001 
0.999892 -0.00910448 -0.0121298 -0.0530417 0.00900844 0.999936 -0.00794971 -0.0977227 0.0122013 0.00783952 0.999902 4.57252 0 0 0 1.00001 
0.999885 -0.00848816 -0.0132746 -0.0649014 0.00834667 0.999917 -0.0106796 -0.11414 0.013364 0.0105674 0.999863 5.16665 0 0 0 1.00001 
0.999879 -0.00678981 -0.014545 -0.0803285 0.00657841 0.999882 -0.0145334 -0.129827 0.0146418 0.0144359 0.999796 5.77063 0 0 0 1.00001 
0.999872 -0.00538341 -0.0158448 -0.095625 0.00509386 0.999834 -0.0182578 -0.143934 0.0159403 0.0181745 0.99972 6.38455 0 0 0 1.00001 
0.99986 -0.00367117 -0.0170639 -0.112599 0.00335905 0.999842 -0.0182836 -0.156122 0.0171281 0.0182235 0.9997 7.01431 0 0 0 1.00001 
0.999847 -0.0011722 -0.0182282 -0.132579 0.000963593 0.99995 -0.0114477 -0.167915 0.0182405 0.0114283 0.999782 7.66501 0 0 0 1.00001 
0.999835 -0.000300314 -0.018985 -0.151677 0.000281252 1.00002 -0.00100557 -0.179918 0.0189853 0.00100009 0.999834 8.33444 0 0 0 1.00001 
0.999819 0.000850965 -0.0197228 -0.172086 -0.000738126 0.999998 0.00572864 -0.195055 0.0197274 -0.00571289 0.999802 9.01176 0 0 0 1.00001 
0.999792 0.00296945 -0.0209489 -0.1941 -0.00286956 1 0.00479776 -0.209727 0.0209628 -0.00473649 0.999784 9.6955 0 0 0 1.00001 
0.999761 0.00516161 -0.0217144 -0.218773 -0.00521894 0.999995 -0.00258348 -0.214976 0.0217008 0.00269621 0.99977 10.3909 0 0 0 1.00001 
0.999735 0.00476747 -0.0228824 -0.239652 -0.0049668 0.99996 -0.0086615 -0.215253 0.02284 0.00877283 0.999708 11.1036 0 0 0 1.00001 
0.999717 0.00265515 -0.0240572 -0.258106 -0.00282638 0.999982 -0.00708569 -0.218951 0.0240377 0.00715166 0.999694 11.8401 0 0 0 1.00002 
0.999711 0.00179108 -0.0244792 -0.279945 -0.00173942 1.00001 0.00213231 -0.227829 0.0244829 -0.00208901 0.999709 12.6047 0 0 0 1.00002 
0.999701 0.00144328 -0.0249068 -0.304215 -0.00120489 0.999968 0.0095844 -0.234958 0.0249195 -0.00955131 0.999655 13.3848 0 0 0 1.00002 
0.999686 0.000550074 -0.0254655 -0.328217 -0.000243834 0.99994 0.0120279 -0.238202 0.0254703 -0.0120177 0.999613 14.1764 0 0 0 1.00002 
0.999683 -0.00141084 -0.0256398 -0.350477 0.00169196 0.999954 0.0109464 -0.238427 0.0256228 -0.0109861 0.999623 14.9842 0 0 0 1.00002 
0.999693 -0.00188354 -0.0252393 -0.374015 0.00209734 0.999978 0.00844734 -0.237638 0.0252224 -0.00849747 0.999658 15.8087 0 0 0 1.00002 
0.999709 0.000616468 -0.0247182 -0.401879 -0.000492593 1 0.00501791 -0.238796 0.024721 -0.00500412 0.999695 16.6455 0 0 0 1.00002 
0.99973 -0.00261873 -0.0238041 -0.422785 0.00260848 1.00001 -0.000461397 -0.246414 0.0238053 0.000399247 0.999732 17.4982 0 0 0 1.00003 
0.999731 -0.00553701 -0.0231745 -0.441992 0.00538149 0.99998 -0.00676781 -0.257762 0.0232111 0.00664124 0.999723 18.3689 0 0 0 1.00003 
0.999761 -0.00451982 -0.0220795 -0.466966 0.00425221 0.999934 -0.0121522 -0.269882 0.0221326 0.0120552 0.999697 19.2571 0 0 0 1.00003 
0.999769 -0.00331182 -0.0220174 -0.493404 0.00302759 0.999931 -0.0129302 -0.287153 0.0220583 0.0128604 0.999691 20.1645 0 0 0 1.00003 
0.999765 -0.00316296 -0.0222957 -0.518137 0.00288996 0.999941 -0.0122657 -0.3096 0.0223328 0.0121982 0.999694 21.089 0 0 0 1.00003 
0.999766 -0.00169996 -0.0224376 -0.544786 0.00139535 0.999928 -0.0135845 -0.333429 0.0224586 0.0135498 0.999674 22.0288 0 0 0 1.00003 
0.999759 0.00103655 -0.022395 -0.573473 -0.00138684 0.999896 -0.0156319 -0.356296 0.0223761 0.0156592 0.999637 22.9805 0 0 0 1.00003 
0.999744 0.00452554 -0.0226327 -0.60435 -0.00489711 0.999873 -0.0163876 -0.380973 0.0225553 0.0164943 0.99962 23.9451 0 0 0 1.00003 
0.999734 0.00611958 -0.0227113 -0.633439 -0.00648958 0.999866 -0.0162522 -0.409767 0.0226084 0.0163952 0.999621 24.9229 0 0 0 1.00003 
0.999722 0.006835 -0.0230404 -0.661139 -0.0072136 0.99986 -0.0163871 -0.438931 0.0229248 0.0165487 0.999611 25.9113 0 0 0 1.00003 
0.999719 0.00689815 -0.0232063 -0.689662 -0.00727607 0.999862 -0.0162385 -0.467885 0.0230907 0.0164027 0.999611 26.9026 0 0 0 1.00003 
0.999703 0.00778439 -0.0236725 -0.718863 -0.00814298 0.999876 -0.0150873 -0.497603 0.0235516 0.0152756 0.999619 27.9038 0 0 0 1.00003 
0.999688 0.00842222 -0.0240856 -0.747744 -0.00874013 0.999898 -0.0131217 -0.525943 0.0239722 0.0133281 0.999637 28.9184 0 0 0 1.00003 
0.999674 0.00903306 -0.0244495 -0.778323 -0.00932605 0.999909 -0.0118932 -0.554935 0.0243393 0.0121174 0.999644 29.9385 0 0 0 1.00003 
0.999679 0.00883863 -0.0246345 -0.808582 -0.00915839 0.999904 -0.0128949 -0.583924 0.0245175 0.0131162 0.999634 30.9659 0 0 0 1.00004 
0.999664 0.0100502 -0.0249221 -0.840972 -0.010397 0.999884 -0.0138192 -0.611037 0.0247795 0.0140735 0.999619 31.9979 0 0 0 1.00004 
0.999656 0.00969554 -0.0254006 -0.872107 -0.0100269 0.999899 -0.0129461 -0.638058 0.0252717 0.0131962 0.999618 33.0381 0 0 0 1.00004 
0.999647 0.00902612 -0.0260211 -0.902526 -0.00929576 0.999938 -0.0102574 -0.664783 0.0259261 0.0104956 0.999634 34.0913 0 0 0 1.00004 
0.999631 0.00937453 -0.0265041 -0.936261 -0.00955228 0.999967 -0.00658471 -0.689677 0.0264406 0.0068355 0.999652 35.1504 0 0 0 1.00004 
0.999615 0.00942167 -0.0271429 -0.970188 -0.00954153 0.999981 -0.00428641 -0.712853 0.027101 0.00454385 0.99965 36.2156 0 0 0 1.00004 
0.999603 0.00931635 -0.0277228 -1.00451 -0.00942652 0.999986 -0.00384293 -0.734072 0.0276856 0.00410285 0.999638 37.2885 0 0 0 1.00004 
0.99959 0.00884925 -0.0283419 -1.03917 -0.00900519 0.999983 -0.00537617 -0.754087 0.0282928 0.00562925 0.999613 38.3678 0 0 0 1.00004 
0.999565 0.00935769 -0.0291059 -1.07659 -0.00953405 0.999977 -0.00592368 -0.775243 0.0290487 0.00619862 0.99959 39.4529 0 0 0 1.00004 
0.999549 0.00905507 -0.0298294 -1.11383 -0.00919938 0.99999 -0.00470146 -0.797734 0.0297853 0.00497382 0.999578 40.5407 0 0 0 1.00005 
0.999523 0.0091132 -0.0306991 -1.15231 -0.00920039 0.999997 -0.00269729 -0.820876 0.0306731 0.00297857 0.99956 41.6309 0 0 0 1.00005 
0.999502 0.00920947 -0.0313582 -1.1915 -0.00922027 1 -0.000196915 -0.842598 0.0313551 0.000486184 0.999543 42.7211 0 0 0 1.00005 
0.999472 0.0104837 -0.0319208 -1.23306 -0.0105009 0.999989 -0.000370098 -0.86513 0.0319152 0.000705326 0.999527 43.8036 0 0 0 1.00005 
0.999445 0.0116506 -0.0323579 -1.27482 -0.0117909 0.999967 -0.00414487 -0.888043 0.0323071 0.00452416 0.999504 44.8814 0 0 0 1.00005 
0.999427 0.0128683 -0.0324261 -1.31813 -0.0131394 0.999923 -0.00815651 -0.911492 0.0323173 0.00857778 0.999476 45.9608 0 0 0 1.00005 
0.999424 0.0131932 -0.0323821 -1.3605 -0.0134728 0.999917 -0.00842874 -0.93722 0.0322668 0.00886003 0.999476 47.0437 0 0 0 1.00005 
0.999423 0.0136587 -0.0323025 -1.40198 -0.0138489 0.999933 -0.00566929 -0.963778 0.0322214 0.00611334 0.9995 48.129 0 0 0 1.00005 
0.999422 0.0143005 -0.0320807 -1.4437 -0.0144224 0.999936 -0.00356711 -0.98897 0.0320261 0.00402779 0.999518 49.2152 0 0 0 1.00005 
0.999439 0.0127412 -0.0321247 -1.48204 -0.012824 0.999959 -0.00236863 -1.01068 0.0320918 0.00277939 0.999517 50.3036 0 0 0 1.00005 
0.999452 0.0126164 -0.0317939 -1.52218 -0.0127263 0.999958 -0.00325059 -1.03481 0.0317502 0.00365351 0.999526 51.3953 0 0 0 1.00005 
0.999473 0.0117663 -0.031464 -1.56109 -0.0119304 0.999961 -0.00502666 -1.05713 0.0314022 0.00539939 0.99953 52.4818 0 0 0 1.00005 
0.999483 0.0118077 -0.031212 -1.60179 -0.0120381 0.999949 -0.00719897 -1.08214 0.031124 0.00757086 0.999527 53.5815 0 0 0 1.00005 
0.999499 0.0106302 -0.0311266 -1.64038 -0.0109348 0.99994 -0.00963033 -1.11174 0.031021 0.00996564 0.999508 54.6758 0 0 0 1.00005 
0.999516 0.00906754 -0.0311007 -1.67731 -0.00947557 0.999918 -0.0129945 -1.14291 0.0309789 0.0132825 0.999472 55.7631 0 0 0 1.00005 
0.999536 0.0073841 -0.0309679 -1.71354 -0.00784157 0.999911 -0.0146744 -1.17534 0.0308553 0.01491 0.999454 56.8529 0 0 0 1.00006 
0.999549 0.00577156 -0.030877 -1.7491 -0.00615611 0.999953 -0.0123711 -1.20797 0.0308027 0.0125552 0.999488 57.9419 0 0 0 1.00006 
0.999562 0.00452976 -0.0306932 -1.78541 -0.00473059 1.00002 -0.00647136 -1.23785 0.030663 0.00661363 0.999549 59.0366 0 0 0 1.00006 
0.999573 0.00334672 -0.0305123 -1.82149 -0.00336203 1.00004 -0.000447632 -1.26311 0.0305107 0.000550232 0.999576 60.13 0 0 0 1.00006 
0.999604 0.00158644 -0.0304787 -1.85706 -0.00157876 1.00007 0.000278602 -1.28549 0.0304791 -0.000230117 0.999603 61.2245 0 0 0 1.00006 
0.99961 -0.00168006 -0.0303364 -1.89003 0.00159963 1.00007 -0.00267354 -1.30637 0.0303408 0.00262401 0.999606 62.3162 0 0 0 1.00006 
0.999603 -0.00309456 -0.0304169 -1.92464 0.00291658 1.00005 -0.00589265 -1.32777 0.0304345 0.00580139 0.999589 63.4024 0 0 0 1.00006 
0.9996 -0.00120284 -0.0305878 -1.9645 0.000901206 1.00002 -0.00987212 -1.35659 0.0305982 0.0098401 0.99955 64.4949 0 0 0 1.00006 
0.999627 -0.00104559 -0.0305163 -2.00231 0.000612505 0.999996 -0.0141974 -1.38473 0.0305281 0.0141722 0.999524 65.584 0 0 0 1.00006 
0.999645 0.00199415 -0.0299259 -2.04382 -0.00243935 0.999985 -0.0148467 -1.41497 0.029893 0.0149131 0.999534 66.6795 0 0 0 1.00006 
0.999654 0.00586972 -0.0291551 -2.08784 -0.00619607 1.00002 -0.0111143 -1.44842 0.0290876 0.0112902 0.999607 67.7872 0 0 0 1.00006 
0.999644 0.00737685 -0.0291353 -2.12764 -0.00764241 1.00003 -0.00901153 -1.47882 0.0290669 0.00923028 0.999628 68.8882 0 0 0 1.00006 
0.999645 0.006796 -0.0292769 -2.16335 -0.00704022 1.00004 -0.00824489 -1.50618 0.0292192 0.00844744 0.999632 69.9934 0 0 0 1.00006 
0.999651 0.00520492 -0.0293881 -2.19819 -0.00542506 1.00006 -0.00741395 -1.5348 0.0293483 0.00757025 0.999636 71.0946 0 0 0 1.00006 
0.999647 0.00413935 -0.0297633 -2.23391 -0.00431914 1.00008 -0.0059769 -1.56264 0.0297378 0.00610293 0.999636 72.1929 0 0 0 1.00006 
0.999642 0.00259692 -0.0301694 -2.26947 -0.00271425 1.00009 -0.00384678 -1.589 0.0301592 0.0039271 0.999637 73.2894 0 0 0 1.00006 
0.999624 0.00148266 -0.0308572 -2.30675 -0.00154994 1.0001 -0.00215487 -1.61487 0.030854 0.00220187 0.999621 74.3801 0 0 0 1.00006 
0.999607 0.000736331 -0.0314981 -2.3447 -0.000842694 1.0001 -0.00336212 -1.64147 0.0314955 0.0033872 0.9996 75.4684 0 0 0 1.00006 
0.999587 0.000993798 -0.0321199 -2.38544 -0.00122376 1.00008 -0.00713933 -1.66757 0.032112 0.00717513 0.99956 76.5514 0 0 0 1.00006 
0.999563 0.00151476 -0.0328562 -2.42633 -0.00181677 1.00006 -0.00916312 -1.69447 0.0328409 0.00921801 0.999519 77.6304 0 0 0 1.00006 
0.999533 0.0034777 -0.0335964 -2.46902 -0.00372969 1.00007 -0.00743955 -1.72293 0.0335695 0.00756078 0.999508 78.7105 0 0 0 1.00007 
0.999513 0.00447497 -0.0341879 -2.51294 -0.00458524 1.00009 -0.0031457 -1.74923 0.0341734 0.00330079 0.999515 79.7945 0 0 0 1.00007 
0.999481 0.00600265 -0.0347657 -2.55763 -0.00597605 1.00009 0.000871491 -1.7739 0.0347704 -0.000662978 0.999495 80.8766 0 0 0 1.00007 
0.999454 0.00697299 -0.0353802 -2.60246 -0.00692295 1.00008 0.00153936 -1.79589 0.0353901 -0.00129322 0.999473 81.9509 0 0 0 1.00007 
0.999433 0.00677685 -0.0360661 -2.64647 -0.00680232 1.00008 -0.000581077 -1.81571 0.0360614 0.000826215 0.999451 83.0215 0 0 0 1.00007 
0.999411 0.00666434 -0.0366789 -2.69044 -0.00671933 1.00008 -0.00137376 -1.83607 0.0366689 0.00161946 0.999428 84.0864 0 0 0 1.00007 
0.999395 0.00594395 -0.0372962 -2.73457 -0.00600508 1.00009 -0.0015251 -1.86003 0.0372865 0.00174818 0.999407 85.1427 0 0 0 1.00007 
0.99937 0.00484833 -0.0381254 -2.77775 -0.00489716 1.0001 -0.00118529 -1.88403 0.0381193 0.00137132 0.999377 86.1842 0 0 0 1.00007 
0.999352 0.00359852 -0.0387845 -2.82043 -0.0035908 1.00011 0.00027106 -1.90651 0.0387853 -0.000131374 0.999354 87.2109 0 0 0 1.00007 
0.999326 0.00368384 -0.0394754 -2.86454 -0.0035665 1.0001 0.00304517 -1.92953 0.0394863 -0.00290177 0.999323 88.2171 0 0 0 1.00007 
0.999293 0.00274742 -0.0404238 -2.90856 -0.00259112 1.0001 0.00392112 -1.9508 0.0404342 -0.00381293 0.999284 89.2009 0 0 0 1.00007 
0.999198 0.00182264 -0.0426382 -2.95327 -0.00164564 1.0001 0.00418837 -1.97026 0.0426455 -0.00411415 0.999186 90.1653 0 0 0 1.00007 
0.999054 0.000974665 -0.0459732 -3.00019 -0.000823714 1.00011 0.00330453 -1.99012 0.0459763 -0.00326293 0.999044 91.1077 0 0 0 1.00008 
0.998894 0.000856537 -0.0493561 -3.05109 -0.000736231 1.00011 0.00245767 -2.00971 0.0493581 -0.00241811 0.998886 92.0241 0 0 0 1.00008 
0.998732 0.000635116 -0.0525394 -3.10256 -0.00049231 1.00011 0.00273292 -2.02805 0.052541 -0.00270304 0.998723 92.9207 0 0 0 1.00008 
0.998563 0.00176787 -0.0557098 -3.15745 -0.00155545 1.00011 0.00385814 -2.04686 0.0557162 -0.00376525 0.998551 93.7899 0 0 0 1.00008 
0.998387 0.00267782 -0.0587532 -3.21334 -0.00238738 1.0001 0.00501518 -2.06597 0.0587658 -0.004866 0.998372 94.6335 0 0 0 1.00008 
0.998201 0.00365029 -0.0617877 -3.27025 -0.00325244 1.00009 0.00654038 -2.08162 0.0618099 -0.00632665 0.998181 95.4537 0 0 0 1.00008 
0.998047 0.00517451 -0.0645149 -3.32882 -0.00471237 1.00011 0.00731587 -2.09581 0.0645503 -0.0069963 0.998028 96.2478 0 0 0 1.00008 
0.997863 0.00719287 -0.0671109 -3.38872 -0.0066832 1.00009 0.00781827 -2.11139 0.0671636 -0.00735173 0.997853 97.013 0 0 0 1.00008 
0.997663 0.00901083 -0.0698113 -3.44868 -0.0085666 1.00008 0.00666228 -2.12742 0.0698672 -0.00604755 0.997676 97.7451 0 0 0 1.00008 
0.997463 0.0102145 -0.0724547 -3.50718 -0.0100272 1.00009 0.00294913 -2.14345 0.0724808 -0.00221458 0.997505 98.4457 0 0 0 1.00008 
0.997249 0.0125932 -0.0749859 -3.56776 -0.0126835 1.00006 -0.000727954 -2.15833 0.0749706 0.00167701 0.997323 99.1166 0 0 0 1.00008 
0.997072 0.014266 -0.0770421 -3.62664 -0.0145708 1.00003 -0.00339435 -2.17239 0.0769851 0.00450652 0.997163 99.7601 0 0 0 1.00008 
0.996975 0.0162527 -0.0779005 -3.68354 -0.0166455 0.999997 -0.00439491 -2.18727 0.0778175 0.00567767 0.997092 100.376 0 0 0 1.00008 
0.997 0.0185753 -0.0770328 -3.73748 -0.018935 0.999957 -0.00394167 -2.20398 0.076945 0.00538788 0.997161 100.966 0 0 0 1.00009 
0.997148 0.022413 -0.0740737 -3.78876 -0.0226507 0.999887 -0.00236837 -2.22083 0.0740012 0.00403904 0.997392 101.534 0 0 0 1.00009 
0.997484 0.0250267 -0.0685117 -3.83267 -0.0251457 0.999831 -0.000873181 -2.23628 0.068468 0.00259358 0.997793 102.079 0 0 0 1.00009 
0.997948 0.0258845 -0.0611019 -3.86535 -0.0258692 0.999817 0.00104205 -2.24879 0.0611083 0.000540877 0.998279 102.603 0 0 0 1.00009 
0.998496 0.0257996 -0.0514144 -3.88848 -0.0256545 0.999816 0.00348238 -2.25923 0.0514869 -0.00215758 0.998819 103.107 0 0 0 1.00009 
0.999041 0.0254082 -0.0396021 -3.90309 -0.0252446 0.999819 0.00462975 -2.27005 0.0397067 -0.00362481 0.999349 103.588 0 0 0 1.00009 
0.999504 0.0245919 -0.0261779 -3.90893 -0.0244756 0.999838 0.0047586 -2.28142 0.0262868 -0.00411468 0.999792 104.045 0 0 0 1.00009 
0.999793 0.0243824 -0.0110165 -3.90612 -0.0243406 0.999847 0.00392221 -2.29267 0.0111089 -0.00365247 1.00008 104.484 0 0 0 1.00009 
0.999861 0.0230136 0.00699624 -3.89148 -0.0230206 0.999884 0.00090607 -2.30476 -0.00697339 -0.00106662 1.00012 104.912 0 0 0 1.00009 
0.999499 0.0224445 0.0282533 -3.86605 -0.0223491 0.999893 -0.00369034 -2.31582 -0.0283286 0.0030568 0.999739 105.332 0 0 0 1.00009 
0.998557 0.0203601 0.0526525 -3.82618 -0.0199429 0.999915 -0.00844122 -2.32638 -0.0528116 0.00737807 0.998724 105.741 0 0 0 1.00009 
0.996793 0.0180717 0.0798936 -3.77215 -0.017235 0.999941 -0.0111528 -2.33772 -0.0800778 0.00973874 0.996889 106.142 0 0 0 1.00009 
0.993978 0.0153959 0.109893 -3.70448 -0.0141222 0.999975 -0.012363 -2.34931 -0.110063 0.0107351 0.994015 106.536 0 0 0 1.00009 
0.989866 0.0131157 0.142467 -3.62378 -0.0112004 0.999987 -0.0142403 -2.36176 -0.142629 0.0124986 0.989846 106.918 0 0 0 1.00009 
0.984074 0.0106518 0.178307 -3.52963 -0.0079669 0.999997 -0.0157698 -2.37503 -0.178446 0.0140961 0.984001 107.289 0 0 0 1.00009 
0.976325 0.00734201 0.216958 -3.41903 -0.00394181 1.00003 -0.0161039 -2.38978 -0.217044 0.0148651 0.976222 107.652 0 0 0 1.00009 
0.966513 0.00516809 0.257217 -3.29532 -0.000853509 1.00003 -0.0168862 -2.40496 -0.257265 0.0160986 0.966381 108.004 0 0 0 1.00009 
0.954349 0.00607516 0.29919 -3.16299 -0.000777617 1.00001 -0.0178255 -2.42035 -0.299248 0.0167764 0.954204 108.346 0 0 0 1.00009 
0.939137 0.00811002 0.343941 -3.01949 -0.00196786 1.00001 -0.0182068 -2.43482 -0.344029 0.0164192 0.938998 108.677 0 0 0 1.00009 
0.921335 0.00818118 0.389121 -2.85811 -0.00173196 1.00003 -0.0169248 -2.44619 -0.389201 0.0149171 0.921218 108.999 0 0 0 1.0001 
0.900979 0.00746203 0.434197 -2.68037 -0.000743039 1.00005 -0.0156451 -2.45779 -0.434258 0.0137711 0.900876 109.31 0 0 0 1.0001 
0.877676 0.00619613 0.479576 -2.48858 0.00169506 1.00005 -0.016023 -2.47174 -0.479611 0.0148735 0.877554 109.606 0 0 0 1.0001 
0.852337 0.00656482 0.523281 -2.28273 0.00331104 1.00001 -0.0179389 -2.48749 -0.52331 0.0170198 0.852176 109.887 0 0 0 1.0001 
0.824509 0.00868339 0.566089 -2.0639 0.00405635 0.999943 -0.0212466 -2.50257 -0.56614 0.019811 0.824283 110.158 0 0 0 1.0001 
0.79369 0.013369 0.608463 -1.8307 0.0027856 0.999848 -0.0256022 -2.51582 -0.608602 0.0220114 0.793393 110.422 0 0 0 1.00011 
0.759622 0.0194998 0.650359 -1.58193 -0.000459844 0.999756 -0.0294388 -2.52659 -0.65065 0.0220594 0.759304 110.678 0 0 0 1.00011 
0.722237 0.0240586 0.691502 -1.31318 -0.00257556 0.999675 -0.0320907 -2.53673 -0.691915 0.0213922 0.721927 110.922 0 0 0 1.00011 
0.682778 0.0243038 0.730483 -1.02095 -0.000165496 0.999646 -0.0331046 -2.54828 -0.730887 0.0224781 0.68241 111.149 0 0 0 1.00011 
0.64151 0.0216841 0.767054 -0.707454 0.00407375 0.999682 -0.0316675 -2.5599 -0.767349 0.0234356 0.641097 111.36 0 0 0 1.00011 
0.597272 0.0196619 0.802031 -0.378384 0.00582052 0.999757 -0.0288439 -2.5689 -0.80225 0.021892 0.596901 111.564 0 0 0 1.00011 
0.550768 0.0181686 0.834682 -0.0347663 0.0070016 0.999815 -0.0263832 -2.57705 -0.83485 0.0203715 0.550437 111.753 0 0 0 1.00011 
0.502691 0.0155421 0.864539 0.324401 0.0090343 0.999878 -0.0232283 -2.58832 -0.864632 0.0194837 0.502396 111.922 0 0 0 1.00011 
0.451791 0.011713 0.892251 0.695141 0.0116985 0.999936 -0.0190503 -2.6022 -0.892252 0.0190415 0.451543 112.071 0 0 0 1.00011 
0.400016 0.0118146 0.916634 1.07352 0.00927986 1 -0.016939 -2.61676 -0.916664 0.0152794 0.399833 112.206 0 0 0 1.00011 
0.348813 0.0167151 0.937243 1.46081 0.00591359 0.999973 -0.0200348 -2.62925 -0.937374 0.0125287 0.34864 112.325 0 0 0 1.00011 
0.298304 0.0218394 0.954419 1.85804 0.00547521 0.999876 -0.024591 -2.63933 -0.954654 0.0125591 0.298092 112.42 0 0 0 1.00011 
0.251497 0.0238858 0.967761 2.27222 0.00681147 0.999823 -0.0264474 -2.65345 -0.968033 0.013241 0.251242 112.498 0 0 0 1.00011 
0.210216 0.0234975 0.977569 2.70152 0.0139981 0.999733 -0.0270405 -2.66904 -0.977753 0.0193649 0.209791 112.554 0 0 0 1.00011 
0.175135 0.023373 0.984461 3.14285 0.0217254 0.999578 -0.0275969 -2.68239 -0.9845 0.0262161 0.174521 112.596 0 0 0 1.00011 
0.14479 0.0246839 0.989349 3.59967 0.0259771 0.999446 -0.0287377 -2.69427 -0.989317 0.0298558 0.144042 112.636 0 0 0 1.00011 
0.116822 0.0231939 0.993077 4.07778 0.0238498 0.999572 -0.0261512 -2.71024 -0.993063 0.0267348 0.116197 112.679 0 0 0 1.00012 
0.0913342 0.0196625 0.995822 4.56999 0.0175358 0.999817 -0.0213498 -2.72492 -0.995862 0.0194089 0.0909561 112.722 0 0 0 1.00012 
0.0673897 0.015673 0.997811 5.08325 0.0128394 0.999992 -0.0165745 -2.73899 -0.997852 0.0139256 0.0671752 112.755 0 0 0 1.00012 
0.0448315 0.0132374 0.999116 5.61335 0.0170197 0.999971 -0.0140125 -2.75629 -0.999059 0.0176294 0.0445968 112.764 0 0 0 1.00012 
0.0247055 0.0139546 0.999807 6.16087 0.0249645 0.999796 -0.0145715 -2.77233 -0.999592 0.0253146 0.0243484 112.758 0 0 0 1.00012 
0.00737466 0.0164751 1.00005 6.72269 0.0301613 0.99962 -0.0166906 -2.78614 -0.999727 0.0302796 0.00687496 112.746 0 0 0 1.00012 
-0.00697079 0.0219419 0.999947 7.30026 0.0307153 0.999509 -0.0217183 -2.79584 -0.999716 0.0305559 -0.00763816 112.737 0 0 0 1.00012 
-0.0178938 0.02661 0.999699 7.89904 0.0280707 0.999482 -0.026102 -2.80714 -0.999659 0.0275895 -0.018626 112.729 0 0 0 1.00012 
-0.0242162 0.0263454 0.999574 8.52014 0.0304134 0.999427 -0.0256049 -2.82386 -0.999458 0.0297741 -0.0249966 112.71 0 0 0 1.00012 
-0.0267488 0.0231912 0.999586 9.1656 0.0364634 0.999305 -0.022209 -2.8448 -0.999189 0.0358467 -0.0275683 112.683 0 0 0 1.00012 
-0.0262524 0.0215573 0.999636 9.82643 0.0381657 0.999277 -0.0205474 -2.86353 -0.999139 0.0376045 -0.0270488 112.666 0 0 0 1.00012 
-0.0243112 0.0212011 0.999692 10.5029 0.0371097 0.999321 -0.0202909 -2.88434 -0.999228 0.0365973 -0.0250745 112.655 0 0 0 1.00012 
-0.0228836 0.0215304 0.999721 11.1972 0.0334948 0.999441 -0.0207579 -2.90592 -0.999391 0.0330035 -0.0235854 112.65 0 0 0 1.00012 
-0.0217002 0.0228008 0.999721 11.9092 0.0326553 0.999442 -0.0220858 -2.92506 -0.999446 0.0321601 -0.0224262 112.641 0 0 0 1.00012 
-0.0207124 0.023644 0.999723 12.6397 0.0323511 0.999433 -0.0229671 -2.9474 -0.999478 0.0318597 -0.0214594 112.631 0 0 0 1.00012 
-0.0199301 0.0231761 0.99975 13.3854 0.0318861 0.999457 -0.0225338 -2.97158 -0.999508 0.0314224 -0.0206523 112.622 0 0 0 1.00012 
-0.0193005 0.0218222 0.999793 14.1487 0.030801 0.99952 -0.0212219 -2.9959 -0.999555 0.0303786 -0.0199575 112.614 0 0 0 1.00012 
-0.0189593 0.0205694 0.999828 14.9205 0.0315105 0.999526 -0.0199658 -3.02061 -0.999541 0.0311199 -0.0195926 112.604 0 0 0 1.00012 
-0.0196102 0.0183608 0.999858 15.7053 0.0320239 0.999552 -0.0177272 -3.04541 -0.999513 0.0316649 -0.0201834 112.594 0 0 0 1.00012 
-0.0208133 0.0166694 0.999862 16.5006 0.0294979 0.999656 -0.0160522 -3.07027 -0.999565 0.0291535 -0.0212917 112.586 0 0 0 1.00012 
-0.0219804 0.0156343 0.999855 17.3004 0.0285595 0.9997 -0.0150043 -3.09374 -0.999567 0.0282196 -0.0224139 112.575 0 0 0 1.00012 
-0.0231156 0.0131279 0.999865 18.1067 0.0309893 0.999664 -0.012409 -3.1144 -0.99947 0.0306917 -0.0235079 112.556 0 0 0 1.00012 
-0.0242987 0.0115592 0.999857 18.9236 0.0323169 0.999641 -0.0107716 -3.13572 -0.999399 0.0320436 -0.0246566 112.536 0 0 0 1.00012 
-0.0260672 0.0106049 0.999824 19.7488 0.0294996 0.999738 -0.00983509 -3.16105 -0.999443 0.0292318 -0.0263659 112.523 0 0 0 1.00012 
-0.0269814 0.0154203 0.999735 20.5752 0.0267645 0.999754 -0.0146985 -3.18117 -0.999494 0.0263552 -0.0273799 112.51 0 0 0 1.00012 
-0.0277215 0.0201017 0.99963 21.4051 0.0281183 0.999637 -0.0193222 -3.20373 -0.999435 0.0275664 -0.028269 112.489 0 0 0 1.00012 
-0.0287733 0.0217236 0.999567 22.2432 0.0283946 0.999598 -0.0209071 -3.22992 -0.999399 0.0277749 -0.0293706 112.468 0 0 0 1.00012 
-0.0302332 0.0195375 0.99957 23.0914 0.0250054 0.999731 -0.0187845 -3.25765 -0.999446 0.0244216 -0.0307054 112.453 0 0 0 1.00013 
-0.0313633 0.0153138 0.999611 23.9406 0.0220954 0.999871 -0.0146247 -3.28601 -0.999483 0.0216235 -0.0316891 112.437 0 0 0 1.00013 
-0.0316288 0.01008 0.999671 24.7952 0.0206165 0.999967 -0.00943086 -3.31148 -0.999507 0.0203071 -0.0318269 112.418 0 0 0 1.00013 
-0.0320455 0.00447368 0.999699 25.6502 0.0170735 1.00007 -0.00392824 -3.33151 -0.999561 0.0169389 -0.0321154 112.401 0 0 0 1.00013 
-0.0319954 0.00318432 0.999706 26.4965 0.0144887 1.00012 -0.00272211 -3.35494 -0.999604 0.0143943 -0.0320365 112.385 0 0 0 1.00013 
-0.0310854 0.00999043 0.99969 27.3334 0.0174978 1.00003 -0.0094499 -3.3824 -0.999585 0.0171949 -0.0312525 112.362 0 0 0 1.00013 
-0.0299876 0.0212407 0.999549 28.1649 0.0198514 0.999816 -0.020651 -3.40478 -0.999576 0.0192191 -0.0303953 112.339 0 0 0 1.00013 
-0.0293449 0.0264979 0.999442 28.9978 0.0219092 0.999652 -0.0258603 -3.42759 -0.999552 0.0211335 -0.029907 112.316 0 0 0 1.00013 
-0.0280032 0.0209386 0.999566 29.838 0.0235647 0.999696 -0.0202812 -3.45906 -0.999506 0.0229827 -0.0284815 112.295 0 0 0 1.00013 
-0.0269649 0.013209 0.999725 30.6786 0.0266625 0.999744 -0.0124901 -3.48932 -0.999455 0.0263139 -0.0273038 112.271 0 0 0 1.00013 
-0.0265375 0.0102525 0.999772 31.5076 0.0279229 0.999744 -0.00951111 -3.51589 -0.999433 0.0276594 -0.0268107 112.251 0 0 0 1.00013 
-0.0266273 0.0108666 0.99976 32.3295 0.0267892 0.999766 -0.0101532 -3.54096 -0.999458 0.0265079 -0.026906 112.235 0 0 0 1.00013 
-0.0275625 0.0118094 0.999724 33.1464 0.0240151 0.999826 -0.0111485 -3.56512 -0.999503 0.0236973 -0.0278349 112.22 0 0 0 1.00013 
-0.0294371 0.0119496 0.999668 33.9635 0.0220319 0.999869 -0.0113033 -3.58936 -0.999496 0.0216883 -0.0296898 112.203 0 0 0 1.00013 
-0.031525 0.0118112 0.999605 34.7772 0.0216821 0.999877 -0.0111306 -3.61573 -0.999439 0.0213192 -0.0317701 112.182 0 0 0 1.00013 
-0.0336599 0.012139 0.999532 35.5866 0.0207921 0.999893 -0.0114433 -3.64099 -0.999388 0.0203938 -0.0339012 112.162 0 0 0 1.00013 
-0.0357432 0.0124887 0.999455 36.3932 0.0192475 0.99992 -0.0118062 -3.66494 -0.999347 0.018812 -0.0359729 112.14 0 0 0 1.00013 
-0.0377982 0.0115999 0.99939 37.1976 0.0175811 0.999961 -0.0109416 -3.68783 -0.999302 0.0171541 -0.0379925 112.118 0 0 0 1.00013 
-0.039831 0.0104964 0.999325 37.9948 0.0183206 0.999961 -0.0097729 -3.713 -0.999211 0.0179161 -0.0400131 112.091 0 0 0 1.00013 
-0.0416683 0.0106005 0.99925 38.7826 0.0181904 0.999964 -0.00984954 -3.73769 -0.999139 0.0177635 -0.0418507 112.063 0 0 0 1.00013 
-0.0434927 0.0116151 0.999161 39.566 0.0181116 0.999955 -0.010836 -3.76016 -0.999063 0.0176223 -0.0436918 112.034 0 0 0 1.00014 
-0.0443569 0.011813 0.999118 40.3466 0.0186662 0.999941 -0.010994 -3.78298 -0.999012 0.0181592 -0.0445654 112.002 0 0 0 1.00014 
-0.0454986 0.0106163 0.999082 41.1226 0.020681 0.999916 -0.0096834 -3.80717 -0.998923 0.0202182 -0.0457047 111.968 0 0 0 1.00014 
-0.0470179 0.00993639 0.999018 41.8947 0.0209403 0.999917 -0.00895981 -3.8311 -0.998847 0.0204952 -0.0472122 111.936 0 0 0 1.00014 
-0.0482432 0.00946021 0.998966 42.6599 0.0197385 0.999948 -0.00851629 -3.85408 -0.998815 0.019304 -0.0484173 111.905 0 0 0 1.00014 
-0.0495095 0.00851444 0.998913 43.4125 0.0180486 0.999987 -0.00762906 -3.87598 -0.998785 0.0176484 -0.049652 111.876 0 0 0 1.00014 
-0.0503157 0.00734195 0.998883 44.1493 0.0170352 1.00001 -0.00649218 -3.89616 -0.998763 0.0166868 -0.0504308 111.846 0 0 0 1.00014 
-0.0509865 0.00711691 0.998852 44.8665 0.0174584 1.00001 -0.00623401 -3.91729 -0.998724 0.0171177 -0.0511004 111.815 0 0 0 1.00014 
-0.0511983 0.00965565 0.99882 45.5721 0.0176579 0.999988 -0.00876182 -3.93967 -0.998711 0.0171857 -0.0513572 111.784 0 0 0 1.00014 
-0.0512926 0.0123563 0.998786 46.2724 0.017675 0.999961 -0.0114631 -3.96243 -0.998705 0.0170627 -0.051498 111.753 0 0 0 1.00014 
-0.0514113 0.0140084 0.998758 46.972 0.0158213 0.99997 -0.013211 -3.98416 -0.99873 0.01512 -0.0516204 111.724 0 0 0 1.00014 
-0.0514801 0.0148923 0.998742 47.6679 0.0164671 0.999948 -0.0140614 -4.0069 -0.998716 0.0157199 -0.0517117 111.693 0 0 0 1.00014 
-0.0514275 0.0147134 0.998748 48.3618 0.0178894 0.999928 -0.0138096 -4.02948 -0.998695 0.0171539 -0.051676 111.659 0 0 0 1.00014 
-0.0516959 0.0142721 0.99874 49.0515 0.0187705 0.999918 -0.0133173 -4.05085 -0.998666 0.0180554 -0.0519485 111.627 0 0 0 1.00015 
-0.0520861 0.0143296 0.998721 49.7364 0.0149725 0.999981 -0.0135668 -4.07252 -0.998711 0.0142444 -0.0522884 111.602 0 0 0 1.00015 
-0.0518636 0.0145477 0.99873 50.4194 0.0126587 1.00001 -0.0139089 -4.09645 -0.998755 0.0119194 -0.052037 111.577 0 0 0 1.00015 
-0.0517183 0.013233 0.998756 51.1001 0.0147394 0.999999 -0.0124862 -4.11895 -0.998734 0.0140729 -0.0519021 111.543 0 0 0 1.00015 
-0.0527039 0.0126706 0.998714 51.7784 0.0150682 1 -0.0118918 -4.13855 -0.99868 0.0144196 -0.0528835 111.51 0 0 0 1.00015 
-0.0562233 0.012117 0.998528 52.4518 0.0118564 1.00005 -0.0114678 -4.161 -0.99853 0.0111924 -0.0563577 111.48 0 0 0 1.00015 
-0.0614976 0.0116282 0.998222 53.1224 0.0080009 1.00009 -0.011157 -4.18362 -0.998257 0.00729944 -0.0615832 111.449 0 0 0 1.00015 
-0.0672484 0.0155396 0.997799 53.7883 0.011709 1.00001 -0.0147848 -4.20381 -0.99785 0.0106872 -0.0674167 111.402 0 0 0 1.00015 
-0.0737638 0.0184321 0.99729 54.4596 0.0140935 0.999937 -0.0174385 -4.22241 -0.997361 0.0127668 -0.0740033 111.348 0 0 0 1.00015 
-0.0810599 0.020044 0.996694 55.1329 0.0132514 0.999921 -0.0190312 -4.24418 -0.996808 0.011663 -0.0813021 111.297 0 0 0 1.00015 
-0.0873767 0.0192335 0.996175 55.8119 0.00946636 0.999973 -0.0184765 -4.26688 -0.996316 0.00781453 -0.0875383 111.246 0 0 0 1.00015 
-0.0927514 0.0179479 0.995714 56.4978 0.00896463 1 -0.0171901 -4.29113 -0.995835 0.00733067 -0.0928932 111.186 0 0 0 1.00015 
-0.0972906 0.0186064 0.99527 57.1889 0.00668678 1 -0.0180413 -4.31252 -0.995421 0.00489923 -0.0973954 111.124 0 0 0 1.00015 
-0.101339 0.0179943 0.994877 57.8878 0.00452026 1.00002 -0.0176269 -4.3327 -0.99503 0.00271054 -0.101402 111.06 0 0 0 1.00015 
-0.103812 0.0148157 0.994677 58.5966 0.00502559 1.00008 -0.0143717 -4.35256 -0.994774 0.00350646 -0.103873 110.989 0 0 0 1.00015 
-0.105488 0.0117485 0.994541 59.3092 0.00699039 1.00011 -0.0110728 -4.37313 -0.994585 0.00578333 -0.105559 110.915 0 0 0 1.00015 
-0.107011 0.00892669 0.994408 60.028 0.00662861 1.00014 -0.0082648 -4.39449 -0.994426 0.00570627 -0.107063 110.843 0 0 0 1.00016 
-0.108242 0.00861188 0.994277 60.755 0.00562733 1.00014 -0.00805009 -4.41144 -0.994298 0.0047231 -0.108284 110.772 0 0 0 1.00016 
-0.108656 0.0124 0.994193 61.483 0.00740814 1.0001 -0.011664 -4.42902 -0.994242 0.00609683 -0.108736 110.695 0 0 0 1.00016 
-0.108736 0.0163963 0.994127 62.2187 0.0133138 0.999991 -0.0150368 -4.44947 -0.994172 0.0115985 -0.108931 110.61 0 0 0 1.00016 
-0.109215 0.0212539 0.993984 62.9599 0.0206012 0.999799 -0.0191147 -4.47315 -0.993997 0.0183863 -0.109608 110.521 0 0 0 1.00016 
-0.109891 0.0224355 0.993883 63.7065 0.0212264 0.999763 -0.0202214 -4.49448 -0.993909 0.018871 -0.110319 110.441 0 0 0 1.00016 
-0.110297 0.0201682 0.993886 64.4577 0.0191828 0.999843 -0.0181603 -4.51855 -0.993904 0.0170594 -0.110643 110.366 0 0 0 1.00016 
-0.110144 0.0152298 0.993992 65.2125 0.019477 0.999917 -0.0131624 -4.54355 -0.993917 0.017907 -0.110409 110.288 0 0 0 1.00016 
-0.110279 0.0131938 0.994009 65.9572 0.0215222 0.999905 -0.0108844 -4.56798 -0.993863 0.0201891 -0.110529 110.206 0 0 0 1.00016 
-0.111242 0.0128127 0.993906 66.7028 0.021622 0.999907 -0.01047 -4.59128 -0.993752 0.0203217 -0.111486 110.127 0 0 0 1.00016 
-0.112976 0.0137546 0.993698 67.445 0.0202049 0.999926 -0.0115437 -4.6138 -0.993587 0.01877 -0.113221 110.051 0 0 0 1.00016 
-0.115111 0.0143974 0.99344 68.186 0.0194142 0.999929 -0.012242 -4.63553 -0.993354 0.0178745 -0.115358 109.97 0 0 0 1.00016 
-0.117197 0.0145778 0.993192 68.9279 0.0205382 0.999905 -0.0122528 -4.65807 -0.993086 0.018959 -0.117461 109.885 0 0 0 1.00016 
-0.118948 0.0147353 0.992982 69.6709 0.0209253 0.999897 -0.0123313 -4.67986 -0.99287 0.0193082 -0.11922 109.798 0 0 0 1.00017 
-0.120949 0.014423 0.992745 70.4199 0.0205655 0.999908 -0.0120215 -4.7013 -0.992636 0.0189589 -0.12121 109.711 0 0 0 1.00017 
-0.122585 0.0147048 0.992539 71.1714 0.0183577 0.999943 -0.0125472 -4.7233 -0.992477 0.0166797 -0.122823 109.626 0 0 0 1.00017 
-0.123707 0.0161945 0.992379 71.9275 0.0184076 0.999925 -0.014023 -4.74675 -0.99234 0.0165296 -0.12397 109.537 0 0 0 1.00017 
-0.124578 0.0165623 0.992266 72.6899 0.0171611 0.999943 -0.0145359 -4.76866 -0.992256 0.0152148 -0.12483 109.449 0 0 0 1.00017 
-0.125913 0.0169464 0.992095 73.4562 0.0169869 0.999943 -0.0149246 -4.78891 -0.992093 0.0149707 -0.126167 109.36 0 0 0 1.00017 
-0.126954 0.0152101 0.991989 74.2315 0.0174251 0.99996 -0.0131023 -4.81194 -0.991952 0.0156193 -0.127188 109.265 0 0 0 1.00017 
-0.127973 0.0128772 0.991892 75.013 0.0150534 1.00002 -0.0110406 -4.83283 -0.991861 0.013516 -0.128143 109.172 0 0 0 1.00017 
-0.129802 0.0107856 0.991678 75.801 0.0119919 1.00008 -0.00930744 -4.85249 -0.991653 0.0106822 -0.129916 109.08 0 0 0 1.00017 
-0.131866 0.0102506 0.991414 76.5956 0.0133371 1.00007 -0.00856628 -4.87296 -0.991366 0.0120909 -0.131985 108.979 0 0 0 1.00017 
-0.133685 0.0108683 0.991164 77.3899 0.0143881 1.00005 -0.00902528 -4.89331 -0.991108 0.0130522 -0.133821 108.876 0 0 0 1.00018 
-0.135942 0.0121969 0.990843 78.1934 0.0137875 1.00005 -0.0104187 -4.91174 -0.990811 0.0122429 -0.136089 108.773 0 0 0 1.00018 
-0.137432 0.0157929 0.990586 79.0005 0.0153769 0.999983 -0.0138095 -4.93286 -0.990582 0.013332 -0.137645 108.666 0 0 0 1.00018 
-0.137804 0.019723 0.990464 79.8102 0.0173306 0.999892 -0.0174997 -4.95686 -0.990497 0.0147512 -0.138104 108.554 0 0 0 1.00018 
-0.138861 0.0236957 0.990229 80.6232 0.0184941 0.999798 -0.0213314 -4.98201 -0.990329 0.0153485 -0.139244 108.443 0 0 0 1.00018 
-0.138506 0.0247736 0.990253 81.4483 0.0206425 0.999739 -0.0221238 -5.00953 -0.990336 0.0173738 -0.138953 108.33 0 0 0 1.00018 
-0.138014 0.024167 0.990361 82.2797 0.024369 0.999703 -0.0209991 -5.03901 -0.990345 0.0212315 -0.138531 108.216 0 0 0 1.0002 
-0.137917 0.0222066 0.99042 83.1218 0.0248227 0.999732 -0.0189589 -5.06848 -0.990347 0.0219655 -0.1384 108.103 0 0 0 1.00021 
-0.13719 0.0206591 0.990553 83.9689 0.0241512 0.999792 -0.0175064 -5.09551 -0.99049 0.0215166 -0.137624 107.994 0 0 0 1.00021 
-0.135443 0.0182161 0.990841 84.8153 0.0230891 0.999853 -0.0152252 -5.12275 -0.990755 0.0208109 -0.135807 107.885 0 0 0 1.00021 
-0.133757 0.0150134 0.991122 85.6693 0.0237006 0.999883 -0.0119471 -5.14806 -0.990968 0.0218875 -0.134061 107.776 0 0 0 1.00021 
-0.132094 0.0116693 0.991391 86.5244 0.0241517 0.999908 -0.00855106 -5.17175 -0.991182 0.0228093 -0.132328 107.667 0 0 0 1.00021 
-0.130509 0.0114062 0.991606 87.379 0.0224184 0.999949 -0.00855116 -5.19761 -0.991434 0.0211095 -0.130723 107.564 0 0 0 1.00021 
-0.129003 0.0156283 0.991747 88.2324 0.0236223 0.99988 -0.0126833 -5.22383 -0.991605 0.0217864 -0.129321 107.458 0 0 0 1.00021 
-0.127097 0.0219625 0.991875 89.0823 0.0243721 0.999763 -0.0190138 -5.24875 -0.991834 0.0217526 -0.127567 107.354 0 0 0 1.00021 
-0.125614 0.0254827 0.992027 89.9415 0.0222986 0.999777 -0.0228578 -5.27538 -0.992119 0.0192445 -0.126113 107.257 0 0 0 1.00023 
-0.124039 0.0228929 0.992287 90.8021 0.0209774 0.999856 -0.0204449 -5.3066 -0.992344 0.0182747 -0.124461 107.157 0 0 0 1.00024 
-0.123038 0.0203002 0.992469 91.6575 0.0212532 0.999901 -0.017817 -5.33804 -0.992464 0.0188959 -0.123417 107.056 0 0 0 1.00024 
-0.122479 0.01874 0.992567 92.5266 0.0222177 0.999907 -0.0161366 -5.36743 -0.992511 0.0200708 -0.122844 106.954 0 0 0 1.00024 
-0.121767 0.0183504 0.992662 93.3939 0.0214152 0.999929 -0.0158574 -5.39683 -0.992616 0.0193219 -0.122112 106.855 0 0 0 1.00024 
-0.121303 0.0183047 0.99272 94.2616 0.0206271 0.999945 -0.015917 -5.42706 -0.99269 0.0185412 -0.121635 106.756 0 0 0 1.00024 
-0.120624 0.0164536 0.992837 95.1296 0.023133 0.999925 -0.0137601 -5.45497 -0.99272 0.0213017 -0.120957 106.653 0 0 0 1.00024 
-0.119448 0.0157351 0.992992 95.9963 0.0256553 0.999878 -0.0127577 -5.48422 -0.992801 0.023945 -0.119798 106.549 0 0 0 1.00024 
-0.118809 0.0169439 0.99305 96.8583 0.0276543 0.999812 -0.0137503 -5.51298 -0.992825 0.0258213 -0.119216 106.448 0 0 0 1.00024 
-0.118038 0.0190821 0.993102 97.7204 0.0283159 0.999762 -0.0158441 -5.54148 -0.992898 0.0262432 -0.118511 106.35 0 0 0 1.00024 
-0.11719 0.0205959 0.993174 98.5821 0.0254396 0.999809 -0.0177313 -5.56928 -0.993078 0.0231817 -0.117653 106.257 0 0 0 1.00024 
-0.116773 0.0162664 0.993304 99.4367 0.0203733 0.999984 -0.0139804 -5.59751 -0.993243 0.0185992 -0.117064 106.169 0 0 0 1.00024 
-0.116953 0.0141859 0.993314 100.289 0.0156754 1.00009 -0.0124366 -5.62856 -0.993306 0.0141122 -0.117147 106.081 0 0 0 1.00024 
-0.118071 0.0145286 0.993178 101.133 0.01235 1.00013 -0.0131617 -5.65873 -0.993223 0.0107088 -0.118227 105.992 0 0 0 1.00024 
-0.119336 0.0191951 0.992951 101.968 0.00931874 1.00008 -0.0182126 -5.68674 -0.993108 0.00707767 -0.119486 105.903 0 0 0 1.00024 
-0.120209 0.0217117 0.992792 102.803 0.00845818 1.00004 -0.0208457 -5.71582 -0.993008 0.00588978 -0.120357 105.809 0 0 0 1.00024 
-0.120603 0.0221094 0.992736 103.635 0.00917237 1.00003 -0.021157 -5.74828 -0.992955 0.00655236 -0.120769 105.713 0 0 0 1.00024 
-0.121026 0.0214767 0.992702 104.461 0.0104993 1.00003 -0.0203549 -5.78293 -0.992894 0.00795701 -0.121216 105.615 0 0 0 1.00024 
-0.1216 0.0221562 0.992616 105.282 0.0117098 1.00001 -0.0208863 -5.81695 -0.99281 0.00908102 -0.12182 105.518 0 0 0 1.00024 
-0.122083 0.0253266 0.99248 106.096 0.0130348 0.999925 -0.0239128 -5.85207 -0.992733 0.0100146 -0.122364 105.422 0 0 0 1.00025 
-0.122628 0.0266673 0.992404 106.909 0.0125705 0.999922 -0.0253156 -5.88685 -0.992698 0.00936785 -0.122909 105.326 0 0 0 1.00025 
-0.123836 0.0269776 0.992246 107.717 0.0108645 0.999929 -0.0258301 -5.92114 -0.992569 0.00757927 -0.124076 105.233 0 0 0 1.00025 
-0.126056 0.0257954 0.991995 108.522 0.0091828 0.999969 -0.0248354 -5.95676 -0.992304 0.00597689 -0.126244 105.139 0 0 0 1.00025 
-0.129157 0.0269686 0.991566 109.32 0.00913307 0.99994 -0.0260063 -5.99381 -0.991906 0.00569549 -0.129349 105.041 0 0 0 1.00025 
-0.132356 0.029672 0.991068 110.112 0.00885776 0.999869 -0.0287521 -6.02882 -0.991489 0.00497169 -0.132554 104.941 0 0 0 1.00025 
-0.135704 0.0310217 0.990572 110.899 0.00729029 0.999834 -0.0303126 -6.06368 -0.991047 0.00310716 -0.13586 104.842 0 0 0 1.00025 
-0.13896 0.0310988 0.990118 111.682 0.00768201 0.999831 -0.0303252 -6.10083 -0.990593 0.00339116 -0.139127 104.738 0 0 0 1.00025 
-0.141782 0.0297367 0.989761 112.463 0.00894841 0.999868 -0.028758 -6.13875 -0.990184 0.00477805 -0.141979 104.628 0 0 0 1.00025 
-0.144312 0.0306349 0.989371 113.239 0.0104681 0.999836 -0.0294316 -6.17619 -0.989806 0.0061077 -0.144558 104.517 0 0 0 1.00025 
-0.146173 0.0349766 0.988956 114.009 0.00598692 0.999714 -0.0344718 -6.21639 -0.989572 0.000881817 -0.146288 104.414 0 0 0 1.00025 
-0.147894 0.0418531 0.98843 114.775 0.00369072 0.999444 -0.0417668 -6.25983 -0.989324 -0.0025281 -0.147914 104.309 0 0 0 1.00025 
-0.150461 0.0448693 0.987911 115.542 0.00810434 0.999317 -0.0441526 -6.29803 -0.988911 0.00136292 -0.150668 104.191 0 0 0 1.00025 
-0.153233 0.0432428 0.98756 116.312 0.0101939 0.999386 -0.0421784 -6.33719 -0.98847 0.00360297 -0.153526 104.072 0 0 0 1.00025 
-0.156637 0.0353771 0.98734 117.083 0.00847571 0.999699 -0.0344748 -6.3832 -0.987953 0.00296758 -0.156834 103.958 0 0 0 1.00025 
-0.158872 0.0331383 0.987066 117.854 0.00738029 0.999782 -0.0323769 -6.42802 -0.98761 0.00214047 -0.159025 103.842 0 0 0 1.00025 
-0.160571 0.0361125 0.986687 118.611 0.00700185 0.999681 -0.0354482 -6.4664 -0.987338 0.00121642 -0.160715 103.722 0 0 0 1.00025 
-0.1633 0.0395332 0.986108 119.366 0.00436751 0.999551 -0.0393483 -6.50538 -0.986906 -0.00211793 -0.163341 103.605 0 0 0 1.00026 
-0.165805 0.042007 0.985587 120.113 0.00380777 0.999447 -0.0419566 -6.5485 -0.98649 -0.00320252 -0.165814 103.486 0 0 0 1.00026 
-0.167709 0.0462356 0.985079 120.855 0.00761893 0.999268 -0.045604 -6.59628 -0.986149 -0.000142689 -0.167878 103.36 0 0 0 1.00026 
-0.169702 0.050753 0.984515 121.595 0.00789215 0.999049 -0.0501413 -6.64129 -0.985806 -0.000738671 -0.16988 103.237 0 0 0 1.00026 
-0.172765 0.0530379 0.983864 122.338 0.00707735 0.998931 -0.0526068 -6.68514 -0.985283 -0.00212452 -0.172893 103.116 0 0 0 1.00026 
-0.174963 0.0506086 0.983604 123.083 0.00804355 0.999059 -0.0499725 -6.73314 -0.984888 -0.000831171 -0.175142 102.989 0 0 0 1.00026 
-0.178966 0.0471521 0.983056 123.819 0.0121016 0.999222 -0.0457239 -6.78145 -0.984127 0.00371254 -0.179333 102.853 0 0 0 1.00026 
