1 -0 0 -0 -0 1 -0 0 0 -0 1 -0 -0 0 -0 1 
0.999999 0.00073408 0.00142322 -0.0053061 -0.0007275 0.99999 -0.00461767 -0.00261157 -0.00142659 0.00461662 0.999989 0.962431 0 0 -0 1 
1.00002 -0.00155898 0.00207906 -0.00340056 0.00157029 1.00001 -0.00544843 -0.00176022 -0.00207054 0.00545167 1.00001 1.9224 0 0 0 1 
1.00002 -0.00324217 0.00198982 -0.00192903 0.00324509 1.00002 -0.00146309 -0.002341 -0.00198507 0.00146954 1.00002 2.88045 0 0 0 1 
1.00001 -0.00572056 0.00122281 -9.14278e-05 0.00571494 0.999998 0.00454985 -0.0041162 -0.00124882 -0.00454279 1.00001 3.83711 0 0 0 1 
0.99998 -0.00939812 -0.00020494 0.00222273 0.00939895 0.999969 0.00451675 -0.00130294 0.000162466 -0.00451847 1.00001 4.78044 0 0 0 1 
0.999952 -0.0120639 -0.00133071 0.00224638 0.0120662 0.99995 0.00169233 0.00137595 0.00131018 -0.00170825 1.00002 5.72089 0 0 0 1 
0.999939 -0.0127332 -0.00214248 -0.00181261 0.0127294 0.999938 -0.0017832 0.00266976 0.00216499 0.00175579 1.00002 6.65329 0 0 0 1 
0.99994 -0.0124714 -0.00303806 -0.00829745 0.0124643 0.999941 -0.00237254 0.00255537 0.00306739 0.00233448 1.00001 7.58644 0 0 0 1 
0.99994 -0.0121555 -0.004146 -0.0155276 0.0121533 0.999947 -0.000556134 0.00217091 0.00415243 0.000505708 1.00001 8.5159 0 0 0 1 
0.999938 -0.0120436 -0.00501505 -0.0229658 0.0120558 0.999944 0.00240916 0.00173541 0.00498564 -0.0024694 1 9.44605 0 0 0 1 
0.999931 -0.0122745 -0.00597493 -0.0313918 0.0122977 0.999938 0.00385772 0.00333778 0.00592707 -0.00393084 0.999996 10.3688 0 0 0 1 
0.999909 -0.013728 -0.00669665 -0.0381984 0.0137592 0.999917 0.00464453 0.00709634 0.00663217 -0.00473611 0.99999 11.2898 0 0 0 1.00001 
0.999899 -0.0139543 -0.00758482 -0.0476006 0.0139895 0.999913 0.00460267 0.0102283 0.00751975 -0.00470819 0.999983 12.2058 0 0 0 1.00001 
0.999889 -0.0143247 -0.0083219 -0.0593912 0.0143516 0.999915 0.0031816 0.0126108 0.0082754 -0.00330059 0.999984 13.1208 0 0 0 1.00001 
0.999867 -0.0148592 -0.00983036 -0.0711317 0.0148711 0.999911 0.00113967 0.015776 0.0098123 -0.00128566 0.999974 14.0284 0 0 0 1.00001 
0.99983 -0.0162355 -0.0114346 -0.0833212 0.0162343 0.999893 -0.000192293 0.0177672 0.0114362 6.63195e-06 0.99996 14.9337 0 0 0 1.00001 
0.999816 -0.0159002 -0.0131401 -0.0985435 0.0158904 0.999899 -0.000849608 0.0174302 0.0131519 0.000640637 0.999939 15.8354 0 0 0 1.00003 
0.999814 -0.014656 -0.0147526 -0.117287 0.0146327 0.999918 -0.00168587 0.0152852 0.0147757 0.00146964 0.999917 16.7365 0 0 0 1.00003 
0.999808 -0.0132329 -0.0164435 -0.137975 0.0132076 0.999939 -0.00165067 0.01386 0.0164639 0.00143313 0.999892 17.6333 0 0 0 1.00003 
0.999776 -0.0137308 -0.017998 -0.157772 0.0137181 0.999934 -0.000831215 0.0131345 0.0180077 0.000584117 0.999867 18.5269 0 0 0 1.00003 
0.999753 -0.0132335 -0.0194986 -0.179235 0.0132454 0.999939 0.000480136 0.0119401 0.0194905 -0.000738257 0.999837 19.4143 0 0 0 1.00003 
0.999729 -0.0129194 -0.0209334 -0.202608 0.0129455 0.999943 0.00110919 0.0113581 0.0209172 -0.00137984 0.999808 20.2981 0 0 0 1.00003 
0.999682 -0.0139748 -0.0225349 -0.224859 0.0139997 0.999932 0.000945877 0.0116735 0.0225194 -0.00126101 0.999776 21.1767 0 0 0 1.00003 
0.99964 -0.0141211 -0.0242913 -0.248167 0.0141378 0.999931 0.000514281 0.0122525 0.0242815 -0.000857486 0.999736 22.0477 0 0 0 1.00003 
0.999611 -0.0140053 -0.0255293 -0.27327 0.0140326 0.999932 0.000889933 0.0129836 0.0255143 -0.00124778 0.999706 22.9124 0 0 0 1.00003 
0.999582 -0.0138617 -0.0267161 -0.299299 0.0139423 0.99993 0.00283063 0.0150007 0.0266741 -0.00320182 0.999671 23.7725 0 0 0 1.00003 
0.999543 -0.0149731 -0.0275734 -0.324636 0.0151328 0.999902 0.00559387 0.0172052 0.027486 -0.00600837 0.999636 24.6228 0 0 0 1.00003 
0.999524 -0.0148244 -0.0283265 -0.351833 0.0150333 0.999893 0.00717583 0.0191143 0.0282161 -0.00759799 0.999605 25.4639 0 0 0 1.00003 
0.999509 -0.0141638 -0.0290864 -0.380465 0.0143452 0.999908 0.00603956 0.0217823 0.0289973 -0.00645364 0.999588 26.2933 0 0 0 1.00004 
0.999503 -0.0126286 -0.0300046 -0.410449 0.0127368 0.999943 0.00341646 0.0250483 0.0299588 -0.0037968 0.999574 27.1071 0 0 0 1.00004 
0.999483 -0.0122809 -0.0308656 -0.438563 0.0123393 0.999954 0.00169879 0.0282536 0.0308423 -0.00207871 0.999554 27.9117 0 0 0 1.00004 
0.99946 -0.0114775 -0.0319322 -0.468303 0.011526 0.999965 0.00133308 0.0295832 0.0319147 -0.00170035 0.999521 28.7068 0 0 0 1.00004 
0.999413 -0.0117125 -0.0332076 -0.497619 0.0117479 0.99996 0.000869767 0.0280081 0.0331951 -0.00125934 0.999478 29.493 0 0 0 1.00004 
0.999347 -0.0114123 -0.035268 -0.528709 0.0114215 0.999965 5.73907e-05 0.0264388 0.035265 -0.000460155 0.999408 30.2699 0 0 0 1.00004 
0.999272 -0.0113441 -0.0373602 -0.559722 0.0113496 0.999938 -6.61078e-05 0.0274983 0.0373588 -0.000357974 0.99932 31.0397 0 0 0 1.00004 
0.999192 -0.0112688 -0.0394598 -0.592208 0.011315 0.999937 0.000944011 0.0312718 0.0394469 -0.00138973 0.999238 31.804 0 0 0 1.00004 
0.999095 -0.0116122 -0.0416358 -0.624433 0.011757 0.999922 0.0032322 0.0324978 0.0415954 -0.00371875 0.99914 32.5565 0 0 0 1.00004 
0.999015 -0.0106328 -0.0437665 -0.659475 0.0108496 0.999927 0.00471585 0.0339091 0.0437135 -0.00518599 0.999044 33.3 0 0 0 1.00004 
0.998939 -0.00934661 -0.0458224 -0.696854 0.00958167 0.999941 0.00490943 0.03619 0.045774 -0.00534319 0.998953 34.031 0 0 0 1.00004 
0.998866 -0.00681218 -0.0478322 -0.736726 0.00701521 0.999967 0.00407306 0.0387783 0.0478029 -0.00440392 0.998863 34.7491 0 0 0 1.00004 
0.998793 -0.00515898 -0.0497546 -0.777277 0.00533169 0.99998 0.00333204 0.0421959 0.049737 -0.0035932 0.998771 35.4595 0 0 0 1.00004 
0.99871 -0.00484714 -0.0514519 -0.816919 0.00508106 0.999978 0.00440963 0.0463545 0.0514298 -0.00466523 0.998683 36.1618 0 0 0 1.00004 
0.998651 -0.00351272 -0.0526844 -0.857332 0.00384622 0.999974 0.0062222 0.0504531 0.0526616 -0.00641625 0.998609 36.8535 0 0 0 1.00004 
0.99865 -0.000628354 -0.0528375 -0.89968 0.000988106 0.999978 0.00677256 0.052454 0.0528324 -0.00681541 0.998598 37.5356 0 0 0 1.00004 
0.998699 0.00249602 -0.0518585 -0.941361 -0.00225337 0.999989 0.00472358 0.0530898 0.0518701 -0.00460042 0.998662 38.2022 0 0 0 1.00004 
0.998775 0.00413117 -0.0502758 -0.978429 -0.00405751 0.999994 0.00155161 0.0563564 0.0502823 -0.00134567 0.998753 38.8543 0 0 0 1.00004 
0.998874 0.00468099 -0.0482409 -1.01088 -0.00470483 0.999994 -0.000397199 0.0612993 0.0482392 0.000623704 0.998855 39.4991 0 0 0 1.00004 
0.999008 0.0058326 -0.0452447 -1.0419 -0.00582107 0.999988 0.000367698 0.0646068 0.0452468 -0.000103946 0.998995 40.1426 0 0 0 1.00004 
0.999102 0.0105861 -0.0421582 -1.07529 -0.0104625 0.999943 0.00312815 0.064047 0.0421896 -0.00268416 0.999123 40.7763 0 0 0 1.00004 
0.999196 0.0149055 -0.0385025 -1.10565 -0.0146575 0.999874 0.00668257 0.0637833 0.0385981 -0.0061126 0.999254 41.4017 0 0 0 1.00004 
0.999259 0.0199456 -0.0343312 -1.13242 -0.0196929 0.99978 0.00763902 0.0663882 0.034477 -0.00695701 0.999398 42.0079 0 0 0 1.00004 
0.999343 0.0236919 -0.0291265 -1.15404 -0.0234704 0.999696 0.00786588 0.0712996 0.0293052 -0.00717681 0.999562 42.595 0 0 0 1.00004 
0.999394 0.0274785 -0.0234436 -1.17141 -0.0272522 0.999582 0.00984162 0.0765132 0.0237056 -0.00919641 0.999693 43.1677 0 0 0 1.00004 
0.999379 0.0322727 -0.0170048 -1.18631 -0.0320849 0.999423 0.011087 0.0793398 0.0173544 -0.0105341 0.999808 43.7215 0 0 0 1.00004 
0.999365 0.0355338 -0.0100457 -1.19522 -0.0354232 0.999316 0.01077 0.0808387 0.0104234 -0.0104069 0.999907 44.2546 0 0 0 1.00005 
0.999284 0.0389075 -0.00290548 -1.19904 -0.0388714 0.999185 0.0108696 0.0824408 0.00332807 -0.0107485 0.999952 44.7689 0 0 0 1.00005 
0.999099 0.0432626 0.00447487 -1.1996 -0.0433048 0.999008 0.010433 0.0857789 -0.00401681 -0.010617 0.999951 45.2604 0 0 0 1.00005 
0.998843 0.0475418 0.0119609 -1.19794 -0.047633 0.998836 0.00770181 0.0888916 -0.0115784 -0.00826227 0.999915 45.7279 0 0 0 1.00005 
0.99863 0.04936 0.0198454 -1.18924 -0.049457 0.998767 0.00457035 0.091016 -0.0195926 -0.00554529 0.999809 46.1721 0 0 0 1.00005 
0.998422 0.0497875 0.0276119 -1.17548 -0.0499233 0.998742 0.00435428 0.0922651 -0.0273575 -0.00572559 0.999623 46.5962 0 0 0 1.00005 
0.998214 0.0490104 0.0354153 -1.15533 -0.0492415 0.998769 0.00576268 0.0928332 -0.0350861 -0.00749595 0.99937 46.9982 0 0 0 1.00005 
0.997818 0.0506926 0.0433563 -1.13673 -0.051018 0.998677 0.00650043 0.0938415 -0.042966 -0.00869781 0.999054 47.3764 0 0 0 1.00005 
0.997239 0.0538119 0.0520634 -1.11877 -0.0542271 0.998508 0.00665372 0.0953397 -0.0516239 -0.00945817 0.998638 47.7307 0 0 0 1.00005 
0.996484 0.0585334 0.0607172 -1.10049 -0.059008 0.998241 0.00610742 0.0951243 -0.0602489 -0.00966831 0.998153 48.0598 0 0 0 1.00005 
0.995672 0.0622754 0.0696675 -1.08002 -0.0628534 0.998006 0.00618399 0.0939624 -0.0691392 -0.0105356 0.997568 48.3643 0 0 0 1.00005 
0.995019 0.0616343 0.0789484 -1.0513 -0.0623631 0.998033 0.00684094 0.0927916 -0.0783668 -0.0117298 0.996873 48.6467 0 0 0 1.00005 
0.994193 0.0604891 0.0895504 -1.01735 -0.0611803 0.998118 0.00502964 0.0913249 -0.0890725 -0.0104787 0.995989 48.9183 0 0 0 1.00005 
0.993138 0.059156 0.101383 -0.981152 -0.0595143 0.998232 0.000543003 0.0910252 -0.101166 -0.00657262 0.994869 49.1836 0 0 0 1.00005 
0.991652 0.0600604 0.114549 -0.941495 -0.0600582 0.998196 -0.00344412 0.0901676 -0.114543 -0.00346394 0.993435 49.4451 0 0 0 1.00005 
0.989635 0.0617746 0.130031 -0.901165 -0.0615585 0.998094 -0.00565916 0.0888196 -0.130126 -0.00240375 0.991516 49.7069 0 0 0 1.00005 
0.987263 0.0633515 0.14625 -0.855255 -0.063004 0.997989 -0.00698798 0.0876374 -0.146392 -0.00231516 0.989239 49.9665 0 0 0 1.00005 
0.984571 0.0638866 0.163192 -0.803366 -0.0633846 0.997956 -0.00826528 0.0872919 -0.16338 -0.0022059 0.986578 50.2249 0 0 0 1.00005 
0.981461 0.0629854 0.181282 -0.744176 -0.0623061 0.998015 -0.00942682 0.0863047 -0.181509 -0.00204272 0.983405 50.4784 0 0 0 1.00005 
0.977749 0.0619593 0.20067 -0.679247 -0.0612305 0.998079 -0.00982641 0.0854503 -0.200885 -0.00267914 0.979631 50.73 0 0 0 1.00005 
0.973361 0.0622124 0.220909 -0.610117 -0.061273 0.998064 -0.0110945 0.0843067 -0.221162 -0.00273655 0.975254 50.9788 0 0 0 1.00005 
0.968188 0.0642599 0.242054 -0.536296 -0.0629079 0.997938 -0.013304 0.082779 -0.242398 -0.0023461 0.970197 51.2265 0 0 0 1.00005 
0.96212 0.0655503 0.264831 -0.453706 -0.0637416 0.997855 -0.0154144 0.0802513 -0.265261 -0.00205004 0.964198 51.4745 0 0 0 1.00005 
0.954962 0.0667153 0.289312 -0.362824 -0.0646977 0.997774 -0.0165308 0.0756672 -0.289759 -0.00293123 0.957117 51.7204 0 0 0 1.00005 
0.946579 0.0695458 0.315055 -0.265708 -0.067498 0.997575 -0.0174081 0.0696875 -0.315488 -0.00478711 0.948942 51.966 0 0 0 1.00005 
0.936865 0.0716562 0.342427 -0.160242 -0.0695278 0.997416 -0.0184928 0.0624595 -0.342852 -0.00648254 0.939391 52.2085 0 0 0 1.00006 
0.925867 0.0723408 0.371008 -0.042608 -0.0699988 0.997358 -0.0197836 0.0537766 -0.371443 -0.00765263 0.928449 52.4472 0 0 0 1.00006 
0.913375 0.0704591 0.401101 0.0904322 -0.0673619 0.997493 -0.0218287 0.0450459 -0.401619 -0.00708069 0.9158 52.6794 0 0 0 1.00006 
0.898675 0.0677165 0.433473 0.235909 -0.0633682 0.997694 -0.0244825 0.0372631 -0.434114 -0.00546617 0.900863 52.9067 0 0 0 1.00006 
0.881564 0.0670639 0.467389 0.390712 -0.0606802 0.99775 -0.0287109 0.0296613 -0.468245 -0.00305052 0.883618 53.1302 0 0 0 1.00006 
0.862259 0.0689123 0.501865 0.556323 -0.0600627 0.997629 -0.0337919 0.0220777 -0.502983 -0.00100584 0.864322 53.3547 0 0 0 1.00006 
0.840675 0.0708432 0.53699 0.736363 -0.0596092 0.997496 -0.0382757 0.0133337 -0.538334 0.000168059 0.84276 53.5789 0 0 0 1.00006 
0.816353 0.0738014 0.572917 0.933465 -0.060737 0.997282 -0.0419218 0.00353994 -0.574429 -0.000574086 0.818585 53.8074 0 0 0 1.00006 
0.789225 0.0777218 0.609258 1.14593 -0.063562 0.996978 -0.0448446 -0.00933706 -0.610876 -0.00333287 0.79175 54.0395 0 0 0 1.00006 
0.759535 0.0820032 0.645361 1.3769 -0.067125 0.996614 -0.0476345 -0.0245258 -0.647055 -0.00713933 0.76244 54.2742 0 0 0 1.00006 
0.726767 0.0831537 0.681915 1.63412 -0.0668925 0.996504 -0.0502226 -0.040407 -0.683679 -0.00911436 0.729761 54.5053 0 0 0 1.00006 
0.690461 0.0806594 0.718937 1.91728 -0.0632348 0.996699 -0.0510918 -0.0595177 -0.720655 -0.0101844 0.693256 54.7314 0 0 0 1.00006 
0.651571 0.0792693 0.75451 2.22405 -0.0603684 0.996799 -0.0525918 -0.0783166 -0.756232 -0.0112807 0.654246 54.9534 0 0 0 1.00006 
0.609422 0.0788657 0.788984 2.55445 -0.0584106 0.99681 -0.0545224 -0.0963291 -0.790736 -0.0128572 0.612062 55.1703 0 0 0 1.00006 
0.563539 0.078565 0.82241 2.90948 -0.0547825 0.996836 -0.0576892 -0.115929 -0.82431 -0.0125429 0.56604 55.3776 0 0 0 1.00006 
0.515539 0.0775041 0.85342 3.29302 -0.0516886 0.996909 -0.0593107 -0.138643 -0.855344 -0.0135343 0.517932 55.5753 0 0 0 1.00007 
0.466839 0.0756419 0.881165 3.70053 -0.0498851 0.997009 -0.0591572 -0.161329 -0.882969 -0.0163393 0.469199 55.7629 0 0 0 1.00007 
0.4172 0.0735716 0.905893 4.13255 -0.0497294 0.997081 -0.0580748 -0.183587 -0.907485 -0.0208197 0.419626 55.937 0 0 0 1.00007 
0.367103 0.0734022 0.927339 4.58074 -0.0526623 0.996929 -0.0580632 -0.204004 -0.928717 -0.0275194 0.369829 56.0956 0 0 0 1.00007 
0.31785 0.0737594 0.945296 5.04477 -0.0504481 0.996855 -0.0608188 -0.224618 -0.94679 -0.0283568 0.320572 56.2293 0 0 0 1.00007 
0.270905 0.0704334 0.96005 5.53377 -0.0393009 0.997277 -0.0620737 -0.253766 -0.961791 -0.0209148 0.272937 56.3295 0 0 0 1.00007 
0.227021 0.0644706 0.971779 6.0412 -0.0260824 0.997832 -0.060105 -0.283112 -0.973529 -0.0117014 0.228213 56.4051 0 0 0 1.00007 
0.184881 0.0635253 0.980731 6.56191 -0.0169743 0.997946 -0.0614397 -0.309019 -0.982602 -0.00528838 0.185584 56.4701 0 0 0 1.00007 
0.146382 0.0651045 0.98711 7.09314 -0.0136584 0.997852 -0.0637867 -0.331953 -0.989123 -0.00414532 0.146962 56.5298 0 0 0 1.00007 
0.11379 0.0658344 0.99135 7.63947 -0.00475461 0.997811 -0.065717 -0.36388 -0.993485 0.00276409 0.113859 56.5678 0 0 0 1.00007 
0.0848162 0.064076 0.994352 8.1988 0.00248621 0.997898 -0.0645143 -0.39993 -0.996374 0.00794371 0.0844838 56.5944 0 0 0 1.00007 
0.0597671 0.0623935 0.996279 8.77134 0.00951157 0.997949 -0.0630664 -0.431862 -0.998149 0.013245 0.0590567 56.6119 0 0 0 1.00007 
0.0398769 0.0615199 0.997328 9.35598 0.0141559 0.997954 -0.0621222 -0.458298 -0.999086 0.0165948 0.0389306 56.6211 0 0 0 1.00007 
0.0240439 0.0633495 0.99772 9.94742 0.0168749 0.997808 -0.0637595 -0.487087 -0.999549 0.0183689 0.0229287 56.626 0 0 0 1.00007 
0.0106021 0.0630405 0.997998 10.5485 0.0176218 0.997853 -0.0632164 -0.521012 -0.999794 0.0182557 0.00947504 56.6275 0 0 0 1.00007 
-0.00110684 0.0639158 0.997998 11.1586 0.0182793 0.997799 -0.0638807 -0.556413 -0.999838 0.018171 -0.00226562 56.6251 0 0 0 1.00007 
-0.0100951 0.0669044 0.997751 11.7807 0.023139 0.997517 -0.0666523 -0.588924 -0.999686 0.022413 -0.0116106 56.6111 0 0 0 1.00007 
-0.0165445 0.0689261 0.997527 12.4123 0.027523 0.997284 -0.0684506 -0.621709 -0.999489 0.0263211 -0.0183887 56.5934 0 0 0 1.00007 
-0.0212021 0.0682767 0.997483 13.0558 0.0280111 0.997322 -0.0676681 -0.656357 -0.999387 0.0265046 -0.0230498 56.5798 0 0 0 1.00007 
-0.0247811 0.0656153 0.997581 13.7161 0.0257242 0.997565 -0.064973 -0.691208 -0.999367 0.0240506 -0.0264003 56.5692 0 0 0 1.00007 
-0.0272486 0.0587615 0.997949 14.3925 0.0237465 0.998042 -0.0581164 -0.726743 -0.999357 0.0221129 -0.0285821 56.556 0 0 0 1.00007 
-0.0284417 0.0531248 0.998231 15.0771 0.0250241 0.998326 -0.0524147 -0.760843 -0.999292 0.0234877 -0.029715 56.5363 0 0 0 1.00007 
-0.0288463 0.0505593 0.998353 15.7685 0.0276846 0.998391 -0.0497592 -0.79505 -0.99921 0.026202 -0.030191 56.5127 0 0 0 1.00008 
-0.0284937 0.0528122 0.998245 16.4628 0.0310534 0.998181 -0.0519203 -0.830093 -0.99912 0.0295178 -0.0300733 56.4885 0 0 0 1.00008 
-0.0276902 0.0602235 0.997849 17.1614 0.0320985 0.997736 -0.0593238 -0.862294 -0.999111 0.030385 -0.0295521 56.4701 0 0 0 1.00008 
-0.0253768 0.0683014 0.997388 17.8737 0.0328952 0.997192 -0.0674488 -0.894638 -0.999145 0.0310959 -0.0275439 56.4531 0 0 0 1.00008 
-0.0232087 0.0690903 0.997388 18.5963 0.0336434 0.997112 -0.0682861 -0.929045 -0.999174 0.0319689 -0.0254578 56.4384 0 0 0 1.00008 
-0.0210668 0.0647066 0.99773 19.3323 0.0330716 0.997417 -0.0639858 -0.969643 -0.999242 0.0316468 -0.0231441 56.4267 0 0 0 1.00008 
-0.0184596 0.058192 0.998181 20.0749 0.0326384 0.997821 -0.0575651 -1.01453 -0.999306 0.0315146 -0.0203105 56.4161 0 0 0 1.00008 
-0.0156226 0.0565504 0.998326 20.8107 0.0308403 0.997967 -0.0560451 -1.05728 -0.999414 0.0299114 -0.0173269 56.4107 0 0 0 1.00008 
-0.0122269 0.0619515 0.998052 21.5399 0.0386882 0.997375 -0.0614332 -1.09776 -0.999187 0.0378596 -0.0145838 56.3935 0 0 0 1.00008 
-0.00877881 0.0675616 0.997724 22.2743 0.0404134 0.996938 -0.0671505 -1.13761 -0.999155 0.0397298 -0.0114747 56.3844 0 0 0 1.00008 
-0.00640292 0.0681803 0.997696 23.0066 0.0344802 0.997055 -0.0679195 -1.17817 -0.999374 0.0339624 -0.00872802 56.3924 0 0 0 1.00008 
-0.00308549 0.064666 0.997947 23.7508 0.0300981 0.997422 -0.0645433 -1.22173 -0.999532 0.0298337 -0.00501701 56.4029 0 0 0 1.00008 
0.00169594 0.0609854 0.998182 24.4901 0.034177 0.997513 -0.0610069 -1.2711 -0.999405 0.0342148 -0.000385799 56.4005 0 0 0 1.00008 
0.00531604 0.0620249 0.998105 25.2276 0.0389624 0.997265 -0.0621845 -1.31635 -0.999217 0.0392155 0.00289159 56.3985 0 0 0 1.00008 
0.00828073 0.0666466 0.997788 25.9648 0.0387386 0.996968 -0.0669177 -1.35907 -0.999206 0.0392034 0.00568051 56.4068 0 0 0 1.00008 
0.0120423 0.067441 0.997697 26.6986 0.0351721 0.99704 -0.0678254 -1.40064 -0.9993 0.0359042 0.00964122 56.4233 0 0 0 1.00008 
0.0157834 0.0669611 0.997677 27.4496 0.0344436 0.997089 -0.0674709 -1.44714 -0.999274 0.0354249 0.0134376 56.44 0 0 0 1.00008 
0.01949 0.0637461 0.997824 28.1958 0.038577 0.997139 -0.0644601 -1.495 -0.999058 0.0397457 0.0169815 56.451 0 0 0 1.00009 
0.023205 0.0642862 0.997708 28.938 0.0431768 0.996898 -0.0652425 -1.54218 -0.998789 0.044588 0.0203638 56.4613 0 0 0 1.00009 
0.0268574 0.0651446 0.99756 29.6835 0.0460761 0.996695 -0.0663329 -1.58705 -0.998567 0.0477414 0.0237734 56.4779 0 0 0 1.00009 
0.0295914 0.0650764 0.997486 30.4308 0.0465757 0.996666 -0.0664089 -1.63146 -0.998465 0.0484201 0.0264682 56.5012 0 0 0 1.00009 
0.0331806 0.0636215 0.997455 31.1821 0.0480201 0.996666 -0.065173 -1.67678 -0.998272 0.0500572 0.0300215 56.5254 0 0 0 1.00009 
0.0370495 0.0625514 0.997388 31.9337 0.0501033 0.996617 -0.0643687 -1.72483 -0.998035 0.0523539 0.0337968 56.5487 0 0 0 1.00009 
0.0399722 0.0629032 0.997253 32.6809 0.048455 0.99667 -0.0648131 -1.76812 -0.998003 0.0509094 0.0367977 56.5817 0 0 0 1.00009 
0.0431368 0.0646675 0.997006 33.4307 0.0457412 0.996676 -0.0666296 -1.81291 -0.997998 0.0484753 0.0400422 56.6192 0 0 0 1.00009 
0.0459972 0.0646821 0.996878 34.1854 0.0474692 0.99658 -0.0668575 -1.85874 -0.997789 0.0503931 0.0427761 56.6535 0 0 0 1.00009 
0.0488228 0.0644199 0.99676 34.9411 0.0452736 0.996698 -0.0666378 -1.90466 -0.997758 0.0483772 0.0457517 56.6936 0 0 0 1.00009 
0.0512181 0.0647869 0.996616 35.699 0.0436511 0.996742 -0.0670428 -1.95012 -0.997709 0.046934 0.0482298 56.7386 0 0 0 1.00011 
0.0540968 0.0648253 0.996461 36.46 0.0406799 0.996867 -0.0670646 -1.99865 -0.997683 0.0441608 0.0512968 56.7863 0 0 0 1.00012 
0.0575099 0.0668145 0.996141 37.2231 0.0392907 0.996784 -0.0691304 -2.04641 -0.99755 0.0431116 0.0547062 56.8335 0 0 0 1.00012 
0.0609231 0.0702933 0.995699 37.9848 0.0382873 0.99657 -0.0727018 -2.09552 -0.997387 0.0425486 0.0580291 56.883 0 0 0 1.00012 
0.0644449 0.0724031 0.995328 38.7512 0.0384737 0.996396 -0.0749763 -2.14734 -0.99716 0.0431225 0.0614333 56.9335 0 0 0 1.00012 
0.0674034 0.0747541 0.994958 39.5232 0.0324109 0.996451 -0.0770665 -2.19719 -0.997179 0.0374389 0.0647477 56.9957 0 0 0 1.00012 
0.0701717 0.0739768 0.994826 40.298 0.028752 0.996636 -0.0761439 -2.24952 -0.997102 0.0339432 0.0678149 57.0595 0 0 0 1.00012 
0.0739785 0.0745244 0.99451 41.0745 0.0309205 0.996507 -0.0769786 -2.30549 -0.996762 0.0364422 0.071422 57.1174 0 0 0 1.00012 
0.0779647 0.0756161 0.994121 41.8588 0.0302819 0.996432 -0.0781713 -2.3629 -0.996476 0.0361953 0.075403 57.1804 0 0 0 1.00012 
0.0817352 0.076572 0.993745 42.6462 0.0264191 0.996479 -0.0789602 -2.41652 -0.996283 0.0327046 0.0794308 57.2541 0 0 0 1.00012 
0.0860194 0.0746268 0.993532 43.4443 0.0254827 0.996652 -0.077072 -2.47123 -0.995948 0.0319444 0.0838359 57.3278 0 0 0 1.00012 
0.0909711 0.0744144 0.993109 44.241 0.0260708 0.996638 -0.0770716 -2.53259 -0.995494 0.0328992 0.0887313 57.401 0 0 0 1.00012 
0.0960439 0.0780108 0.992356 45.0353 0.0226616 0.996449 -0.0805305 -2.59162 -0.995102 0.0302196 0.0939409 57.4863 0 0 0 1.00012 
0.102219 0.0865806 0.99103 45.8278 0.0210192 0.995753 -0.0891658 -2.65221 -0.994526 0.0299418 0.0999701 57.5755 0 0 0 1.00012 
0.109649 0.0913776 0.989806 46.6249 0.0195374 0.995334 -0.0940569 -2.71518 -0.993765 0.0296483 0.107358 57.6677 0 0 0 1.00012 
0.116953 0.0943211 0.988692 47.4231 0.0153756 0.995147 -0.0967602 -2.78314 -0.993005 0.026515 0.114941 57.7726 0 0 0 1.00013 
0.124136 0.0925849 0.987981 48.2334 0.0116605 0.995392 -0.0947491 -2.8551 -0.992185 0.023279 0.12249 57.8841 0 0 0 1.00013 
0.131858 0.0908473 0.987143 49.0414 0.011752 0.995539 -0.0931944 -2.92578 -0.991188 0.0238862 0.130207 57.9962 0 0 0 1.00013 
0.139269 0.0874376 0.986435 49.85 0.0114682 0.995847 -0.0898957 -2.99308 -0.990179 0.023829 0.137692 58.1155 0 0 0 1.00013 
0.146769 0.0820609 0.985809 50.6639 0.00966345 0.996349 -0.0843816 -3.05747 -0.989115 0.0219076 0.145444 58.2449 0 0 0 1.00013 
0.153987 0.0746915 0.985318 51.4799 0.00735306 0.99701 -0.0767317 -3.11902 -0.988061 0.0190571 0.152978 58.3821 0 0 0 1.00013 
0.161559 0.071989 0.984304 52.2866 0.00744844 0.997202 -0.0741597 -3.18331 -0.986849 0.0193089 0.160571 58.5212 0 0 0 1.00013 
0.168781 0.0738041 0.982981 53.0845 0.0074311 0.997077 -0.0761432 -3.24291 -0.985664 0.0201519 0.167735 58.6634 0 0 0 1.00015 
0.174679 0.0805047 0.981423 53.871 0.00806735 0.996508 -0.0831828 -3.30083 -0.984629 0.0224435 0.173416 58.8086 0 0 0 1.00015 
0.179776 0.0840366 0.980208 54.6493 0.00675579 0.996224 -0.0866537 -3.36112 -0.983723 0.022196 0.178525 58.9576 0 0 0 1.00015 
0.18479 0.0870504 0.979012 55.4232 0.00548336 0.995971 -0.0895983 -3.42746 -0.982802 0.0219208 0.183563 59.1116 0 0 0 1.00015 
0.190161 0.0866098 0.978021 56.1955 0.00313807 0.99605 -0.0888214 -3.49361 -0.981786 0.0199553 0.189133 59.2698 0 0 0 1.00015 
0.19552 0.0836764 0.977222 56.9592 0.00722774 0.996214 -0.0867536 -3.55697 -0.980713 0.0240207 0.194169 59.4211 0 0 0 1.00015 
0.200108 0.0770044 0.976842 57.7176 0.00807376 0.996754 -0.0802329 -3.61627 -0.979781 0.0239375 0.198831 59.5781 0 0 0 1.00016 
0.203322 0.0708574 0.976641 58.4656 0.00625855 0.997271 -0.073662 -3.67707 -0.97913 0.0210851 0.202317 59.7413 0 0 0 1.00016 
0.206562 0.0675493 0.976195 59.2047 0.00264644 0.99758 -0.0695939 -3.73321 -0.978469 0.0169548 0.205877 59.9084 0 0 0 1.00016 
0.209831 0.0676609 0.975491 59.9306 0.00108036 0.997595 -0.0694313 -3.78605 -0.977777 0.0156187 0.209247 60.0704 0 0 0 1.00016 
0.212049 0.0698242 0.97486 60.6445 -0.000717065 0.997464 -0.0712922 -3.83639 -0.977299 0.0144144 0.211554 60.2322 0 0 0 1.00016 
0.21348 0.0741609 0.974227 61.3424 -0.00477729 0.997191 -0.0748671 -3.88898 -0.976976 0.0113248 0.213228 60.3966 0 0 0 1.00016 
0.215482 0.0782538 0.973467 62.0332 -0.00600017 0.996882 -0.0788128 -3.94333 -0.976531 0.0111381 0.215272 60.5573 0 0 0 1.00016 
0.217609 0.0836945 0.972541 62.7144 -0.00657369 0.996431 -0.0842845 -3.99701 -0.976056 0.0119442 0.217375 60.7157 0 0 0 1.00016 
0.219302 0.0857181 0.971988 63.3911 -0.00577386 0.996248 -0.0865592 -4.0509 -0.975686 0.0133667 0.218965 60.8713 0 0 0 1.00016 
0.220661 0.0856229 0.971689 64.0586 -0.00821965 0.996285 -0.0859281 -4.10644 -0.975362 0.0109705 0.220536 61.0313 0 0 0 1.00016 
0.221306 0.0826799 0.971798 64.7223 -0.00816795 0.996541 -0.0829292 -4.16359 -0.975217 0.0104115 0.221206 61.1863 0 0 0 1.00016 
0.222045 0.0801336 0.971844 65.3779 -0.0081306 0.996752 -0.0803346 -4.21976 -0.97505 0.00993264 0.221966 61.3402 0 0 0 1.00016 
0.221921 0.0789245 0.97197 66.0229 -0.00716672 0.996841 -0.0793125 -4.27136 -0.975085 0.0106316 0.221777 61.489 0 0 0 1.00016 
0.220577 0.0781966 0.972336 66.6577 -0.00746147 0.996905 -0.0784847 -4.32323 -0.975389 0.0100532 0.220469 61.6366 0 0 0 1.00016 
0.218945 0.0790866 0.972632 67.2777 -0.00861781 0.996844 -0.0791203 -4.37461 -0.975746 0.0089375 0.218927 61.7811 0 0 0 1.00016 
0.216728 0.0818554 0.972899 67.885 -0.00941067 0.996624 -0.08176 -4.42658 -0.976233 0.00856056 0.216758 61.9215 0 0 0 1.00016 
0.21451 0.0856749 0.973064 68.4845 -0.00758573 0.99628 -0.0860516 -4.47819 -0.97674 0.0110739 0.214353 62.0553 0 0 0 1.00016 
0.212884 0.0861869 0.973375 69.0817 -0.00520351 0.996206 -0.0870752 -4.52644 -0.977111 0.0134681 0.212516 62.184 0 0 0 1.00016 
0.210675 0.0852045 0.973939 69.6733 -0.00597295 0.996304 -0.0858738 -4.57219 -0.977583 0.0122705 0.210397 62.3148 0 0 0 1.00016 
0.208198 0.0822665 0.974724 70.2572 -0.00612552 0.996562 -0.0828061 -4.62071 -0.978113 0.0112657 0.207978 62.4433 0 0 0 1.00016 
0.206081 0.0783284 0.975498 70.834 -0.00580862 0.996887 -0.0788235 -4.67242 -0.978563 0.0105741 0.205886 62.5682 0 0 0 1.00017 
0.204288 0.0772531 0.975965 71.399 -0.00220748 0.996934 -0.0784557 -4.72233 -0.978957 0.0138692 0.203823 62.6835 0 0 0 1.00017 
0.20262 0.0786648 0.9762 71.9521 0.00151752 0.996762 -0.0806414 -4.76562 -0.979306 0.0178167 0.201836 62.7933 0 0 0 1.00017 
0.200151 0.0806841 0.976547 72.4972 0.00567879 0.996514 -0.0835023 -4.80686 -0.979801 0.0222541 0.198986 62.9005 0 0 0 1.00017 
0.19853 0.0825245 0.976724 73.04 0.00515526 0.99637 -0.0852369 -4.84955 -0.980133 0.0219528 0.197376 63.0108 0 0 0 1.00017 
0.197236 0.0850606 0.976771 73.5829 0.00483782 0.996158 -0.0877303 -4.89444 -0.980398 0.0220244 0.196058 63.1235 0 0 0 1.00018 
0.195979 0.0833783 0.977171 74.13 0.00670649 0.996268 -0.0863574 -4.94126 -0.980641 0.0234729 0.19468 63.2339 0 0 0 1.00018 
0.196783 0.0817388 0.977148 74.6811 0.0128695 0.996245 -0.0859326 -4.98418 -0.980419 0.0294802 0.194983 63.3371 0 0 0 1.00018 
0.199149 0.0798936 0.976821 75.236 0.0178196 0.996246 -0.0851186 -5.02458 -0.979871 0.0343521 0.196965 63.442 0 0 0 1.0002 
0.201161 0.079221 0.976465 75.7864 0.0207908 0.99619 -0.0851077 -5.06755 -0.979403 0.0374158 0.198735 63.5535 0 0 0 1.0002 
0.20452 0.078929 0.975791 76.3407 0.0182676 0.996299 -0.0844199 -5.11443 -0.978758 0.0350851 0.202308 63.6775 0 0 0 1.0002 
0.209944 0.0795768 0.974589 76.8952 0.0170885 0.996271 -0.0850316 -5.15976 -0.977633 0.0345003 0.207787 63.8029 0 0 0 1.0002 
0.216557 0.0784108 0.973233 77.4584 0.018416 0.996301 -0.0843704 -5.20218 -0.976162 0.0361881 0.214298 63.9311 0 0 0 1.0002 
0.224235 0.0787659 0.971464 78.0222 0.0164958 0.996316 -0.0845917 -5.24325 -0.974462 0.0349877 0.222095 64.0673 0 0 0 1.0002 
0.232602 0.0765759 0.969671 78.591 0.0170783 0.996459 -0.0827912 -5.28686 -0.972491 0.0358118 0.230454 64.2114 0 0 0 1.00021 
0.241548 0.0763471 0.967504 79.1652 0.0135299 0.996582 -0.0820227 -5.33495 -0.970368 0.0328967 0.239671 64.3654 0 0 0 1.00021 
0.25119 0.0760244 0.965094 79.7439 0.0125351 0.996638 -0.0817749 -5.37975 -0.967954 0.032632 0.249367 64.526 0 0 0 1.00021 
0.260739 0.0800174 0.962235 80.3255 0.00712833 0.996439 -0.0847964 -5.42365 -0.965482 0.0289627 0.259214 64.6986 0 0 0 1.00021 
0.27017 0.0822603 0.959438 80.9174 0.00380431 0.99631 -0.0864958 -5.4678 -0.962902 0.0270128 0.268833 64.8794 0 0 0 1.00021 
0.280897 0.0850337 0.956112 81.5149 -0.000339547 0.996143 -0.0884972 -5.51594 -0.959838 0.0245284 0.279813 65.0684 0 0 0 1.00021 
0.291156 0.0867657 0.952881 82.1251 -0.00162517 0.995988 -0.0901973 -5.56695 -0.956773 0.0247073 0.290099 65.2651 0 0 0 1.00021 
0.300966 0.0875827 0.949753 82.7432 -0.00474935 0.995965 -0.0903423 -5.61805 -0.953722 0.022674 0.300137 65.4742 0 0 0 1.00021 
0.311284 0.0878834 0.946395 83.3688 -0.00542307 0.99593 -0.0907027 -5.66948 -0.950403 0.0230966 0.310461 65.6918 0 0 0 1.00021 
0.32142 0.0889289 0.942901 84.0061 -0.00959397 0.995901 -0.0906603 -5.71873 -0.946988 0.0200889 0.320923 65.9242 0 0 0 1.00021 
0.331967 0.0840041 0.939693 84.6569 -0.0090982 0.996331 -0.0858563 -5.77104 -0.943348 0.0199469 0.331479 66.1632 0 0 0 1.00021 
0.342828 0.0769139 0.936395 85.3168 -0.00543444 0.996854 -0.0798935 -5.82301 -0.939485 0.0222956 0.342132 66.4066 0 0 0 1.00021 
0.353724 0.0724922 0.932689 85.9816 -0.00380714 0.997162 -0.0760626 -5.87573 -0.935446 0.0233488 0.352959 66.6638 0 0 0 1.00021 
0.363992 0.069265 0.928975 86.6568 -0.00442371 0.997414 -0.0726379 -5.92333 -0.931495 0.0223248 0.36332 66.9369 0 0 0 1.00022 
0.373475 0.066864 0.925379 87.345 0.00168715 0.997414 -0.072753 -5.96769 -0.927742 0.0287267 0.372358 67.2149 0 0 0 1.00022 
0.382157 0.0612898 0.922213 88.0446 0.008423 0.997589 -0.0697929 -6.00938 -0.924161 0.034433 0.38068 67.4996 0 0 0 1.00022 
0.389164 0.051683 0.91987 88.7581 0.0180883 0.997869 -0.0637212 -6.0531 -0.921095 0.0414294 0.38736 67.7927 0 0 0 1.00022 
0.396233 0.0472186 0.917088 89.4725 0.0234811 0.997895 -0.0615275 -6.09865 -0.917955 0.0459054 0.394249 68.0973 0 0 0 1.00022 
0.403463 0.0472206 0.913929 90.1792 0.025439 0.997767 -0.0627859 -6.14784 -0.914747 0.0485729 0.401319 68.4098 0 0 0 1.00022 
0.410932 0.0533669 0.910257 90.8852 0.0277086 0.997159 -0.070974 -6.19282 -0.911351 0.0543784 0.408243 68.7275 0 0 0 1.00022 
0.41812 0.0575646 0.90672 91.5867 0.0314942 0.996537 -0.077793 -6.23842 -0.907952 0.0610735 0.414816 69.0466 0 0 0 1.00022 
0.423516 0.0596612 0.904079 92.2873 0.0297304 0.996444 -0.0796868 -6.29215 -0.90551 0.0606174 0.420191 69.3788 0 0 0 1.00022 
0.427898 0.0614277 0.901892 92.976 0.0225299 0.996718 -0.0785787 -6.3509 -0.903653 0.0539343 0.425065 69.7211 0 0 0 1.00022 
0.431783 0.065179 0.899772 93.656 0.0158522 0.996746 -0.0798141 -6.41197 -0.901943 0.0487176 0.429301 70.065 0 0 0 1.00022 
0.435808 0.0683152 0.897595 94.3306 0.0149579 0.996491 -0.0831077 -6.47215 -0.900021 0.0496369 0.433212 70.3992 0 0 0 1.00022 
0.439851 0.0724555 0.895292 94.9958 0.0116974 0.996253 -0.0863761 -6.53304 -0.898097 0.0484573 0.437311 70.7344 0 0 0 1.00022 
0.443297 0.075481 0.89334 95.6519 0.00860508 0.996103 -0.088437 -6.59494 -0.896436 0.0468834 0.440876 71.0713 0 0 0 1.00022 
0.447237 0.0739212 0.891505 96.3057 0.00750685 0.996294 -0.086379 -6.65704 -0.894487 0.0453167 0.44498 71.4068 0 0 0 1.00022 
0.451327 0.070847 0.889692 96.9518 0.00845407 0.99652 -0.0836454 -6.71799 -0.892423 0.0452653 0.449111 71.7369 0 0 0 1.00022 
0.454764 0.068243 0.88817 97.5902 0.0080297 0.996789 -0.0807032 -6.7779 -0.890706 0.0438242 0.452699 72.0706 0 0 0 1.00025 
0.458303 0.0672908 0.886424 98.2129 0.00696808 0.996912 -0.0792841 -6.83717 -0.888901 0.0425045 0.456362 72.4004 0 0 0 1.00025 
0.461722 0.069011 0.884518 98.8264 0.00494683 0.996841 -0.0803599 -6.89265 -0.887147 0.0414711 0.459862 72.7286 0 0 0 1.00025 
0.464535 0.0695358 0.883004 99.4321 0.00596474 0.996733 -0.0816329 -6.94544 -0.885672 0.0431796 0.462542 73.0509 0 0 0 1.00025 
0.46668 0.0676762 0.88202 100.03 0.00801519 0.996795 -0.0807268 -6.99781 -0.884531 0.0447341 0.46458 73.3685 0 0 0 1.00025 
0.468444 0.0665 0.881174 100.621 0.0100526 0.996789 -0.0805724 -7.05023 -0.883577 0.0465925 0.46621 73.6826 0 0 0 1.00025 
0.470313 0.0664446 0.880184 101.199 0.00878914 0.996852 -0.0799513 -7.1031 -0.882599 0.0453291 0.468186 73.9972 0 0 0 1.00025 
0.472319 0.0657788 0.879161 101.772 0.0103578 0.996823 -0.0801501 -7.15353 -0.881512 0.0469532 0.470074 74.3069 0 0 0 1.00025 
0.474976 0.0675306 0.877595 102.331 0.00989422 0.996672 -0.0820518 -7.20184 -0.880088 0.0476462 0.472664 74.6119 0 0 0 1.00025 
0.47792 0.0673945 0.876007 102.886 0.0129734 0.996497 -0.0837454 -7.25284 -0.878454 0.0513782 0.475307 74.9119 0 0 0 1.00025 
0.480983 0.0666631 0.874385 103.432 0.0146749 0.996448 -0.0840449 -7.3054 -0.876754 0.0532453 0.478231 75.2121 0 0 0 1.00025 
0.484194 0.064835 0.872749 103.968 0.0177261 0.996414 -0.0838595 -7.3553 -0.874929 0.0560638 0.481243 75.508 0 0 0 1.00025 
0.487543 0.0638786 0.870955 104.497 0.019157 0.996393 -0.0838058 -7.40457 -0.873038 0.0575326 0.484494 75.8049 0 0 0 1.00025 
0.490819 0.063404 0.869146 105.014 0.020221 0.996346 -0.0841057 -7.45314 -0.871176 0.0588445 0.487678 76.0991 0 0 0 1.00025 
0.494264 0.0625538 0.867252 105.524 0.0208258 0.996363 -0.0837388 -7.50297 -0.86921 0.059439 0.491098 76.3919 0 0 0 1.00025 
0.497717 0.0619998 0.865315 106.032 0.022442 0.996281 -0.0842952 -7.55025 -0.867198 0.061363 0.494408 76.6855 0 0 0 1.00025 
0.501686 0.0632143 0.862934 106.531 0.0220637 0.996163 -0.0858046 -7.59782 -0.864919 0.0620747 0.498298 76.98 0 0 0 1.00025 
0.505961 0.0632794 0.86043 107.027 0.0240685 0.995978 -0.0874045 -7.64695 -0.862373 0.0649204 0.502334 77.2733 0 0 0 1.00025 
0.510666 0.0666179 0.857391 107.514 0.021844 0.995762 -0.0903829 -7.69726 -0.859653 0.0648723 0.506978 77.5703 0 0 0 1.00025 
0.516022 0.072432 0.853708 107.995 0.0183895 0.99535 -0.0955683 -7.74816 -0.856533 0.0650024 0.512219 77.8734 0 0 0 1.00025 
0.521834 0.079473 0.849541 108.472 0.0131834 0.99488 -0.101171 -7.79923 -0.853104 0.0639819 0.518041 78.1813 0 0 0 1.00025 
0.527885 0.0856931 0.84519 108.947 0.00811105 0.994447 -0.105895 -7.85162 -0.849441 0.0627438 0.524182 78.4934 0 0 0 1.00025 
0.534227 0.0901718 0.840726 109.425 0.00459644 0.994073 -0.109543 -7.90402 -0.845492 0.0623731 0.530569 78.8116 0 0 0 1.00025 
0.539742 0.0905557 0.837157 109.912 0.000501276 0.994268 -0.107877 -7.95743 -0.841997 0.0586338 0.536524 79.1392 0 0 0 1.00025 
0.545196 0.089808 0.833694 110.4 -0.00594149 0.994737 -0.103274 -8.01247 -0.838453 0.0513407 0.542781 79.4765 0 0 0 1.00025 
0.550911 0.0875234 0.830175 110.893 -0.0121446 0.995326 -0.0968788 -8.06762 -0.834645 0.0432803 0.549318 79.8233 0 0 0 1.00026 
0.556728 0.0858479 0.82646 111.39 -0.0184263 0.99578 -0.0910267 -8.12366 -0.83066 0.0354406 0.555879 80.1785 0 0 0 1.00026 
0.562834 0.0839529 0.82251 111.895 -0.0209994 0.996064 -0.0873008 -8.17589 -0.826475 0.0318561 0.562298 80.5381 0 0 0 1.00026 
0.569083 0.0876156 0.817816 112.399 -0.0260802 0.995835 -0.0885426 -8.22465 -0.822041 0.0290523 0.568914 80.9053 0 0 0 1.00026 
0.57515 0.0915496 0.813127 112.908 -0.0298669 0.995511 -0.0909614 -8.27423 -0.817678 0.028024 0.575217 81.2837 0 0 0 1.00026 
0.581212 0.0949178 0.808413 113.426 -0.0327082 0.995198 -0.0933362 -8.3249 -0.813267 0.0277996 0.581441 81.6713 0 0 0 1.00026 
0.587488 0.0970711 0.803604 113.954 -0.0349558 0.994997 -0.0946385 -8.37623 -0.80865 0.0275016 0.587857 82.0718 0 0 0 1.00026 
0.593754 0.0981081 0.79886 114.49 -0.0380341 0.994953 -0.0939247 -8.4289 -0.803922 0.0253779 0.594402 82.4872 0 0 0 1.00026 
0.599895 0.100439 0.79397 115.03 -0.0442793 0.994839 -0.0923971 -8.48454 -0.799031 0.0202664 0.601158 82.919 0 0 0 1.00026 
0.606899 0.0984075 0.788887 115.585 -0.0446871 0.995064 -0.0897517 -8.54145 -0.793703 0.0192116 0.608211 83.3605 0 0 0 1.00026 
0.614417 0.096431 0.783294 116.147 -0.0449373 0.995273 -0.0872824 -8.59715 -0.787886 0.0184232 0.615754 83.8118 0 0 0 1.00026 
0.621852 0.0964896 0.777398 116.712 -0.0455811 0.995263 -0.0870735 -8.65357 -0.781995 0.0187067 0.623212 84.2765 0 0 0 1.00026 
0.629309 0.0989366 0.771065 117.275 -0.0503394 0.995077 -0.0865988 -8.70966 -0.775715 0.0156774 0.631096 84.7578 0 0 0 1.00026 
0.637036 0.0995834 0.764612 117.848 -0.0511578 0.995004 -0.0869714 -8.76374 -0.76933 0.0162829 0.638851 85.2517 0 0 0 1.00026 
0.643855 0.10039 0.758775 118.426 -0.0532054 0.99494 -0.086492 -8.81842 -0.763496 0.0153123 0.645839 85.7576 0 0 0 1.00026 
0.648904 0.0993152 0.754602 119.015 -0.0531967 0.995048 -0.0852195 -8.87734 -0.759209 0.0151519 0.650875 86.2787 0 0 0 1.00026 
0.65268 0.0978776 0.751528 119.612 -0.0520009 0.995178 -0.0844527 -8.93752 -0.756049 0.0160353 0.654522 86.8082 0 0 0 1.00027 
0.656409 0.0951949 0.74862 120.218 -0.048432 0.995387 -0.0841114 -8.99697 -0.753052 0.0189486 0.657891 87.3456 0 0 0 1.00027 
0.659958 0.0913061 0.745982 120.834 -0.0431099 0.995666 -0.083732 -9.05794 -0.750272 0.023094 0.660931 87.8931 0 0 0 1.00027 
0.663727 0.0848465 0.743398 121.463 -0.0353138 0.996105 -0.0821636 -9.12 -0.74735 0.0282747 0.664035 88.451 0 0 0 1.00027 
0.667558 0.0789685 0.74061 122.097 -0.0294893 0.996497 -0.079676 -9.18023 -0.744185 0.0313405 0.667444 89.0198 0 0 0 1.00027 
0.670776 0.0735066 0.738264 122.732 -0.0240299 0.996824 -0.077421 -9.24076 -0.741485 0.0341834 0.670306 89.5959 0 0 0 1.00027 
0.6741 0.0719271 0.735389 123.361 -0.0237251 0.99696 -0.0757668 -9.30117 -0.738478 0.0336189 0.673649 90.1822 0 0 0 1.00027 
0.67697 0.0734296 0.732599 123.991 -0.0244379 0.996822 -0.0773347 -9.36087 -0.735824 0.0344417 0.676505 90.7789 0 0 0 1.00027 
0.680128 0.0781788 0.729171 124.615 -0.0299991 0.996548 -0.0788681 -9.41856 -0.732697 0.0317581 0.680018 91.381 0 0 0 1.00027 
0.682867 0.0819051 0.726195 125.242 -0.0363611 0.996389 -0.0781914 -9.47621 -0.729855 0.0269821 0.683271 91.9957 0 0 0 1.00027 
0.685746 0.0786824 0.723836 125.882 -0.0364188 0.99672 -0.0738467 -9.53535 -0.72715 0.0242722 0.686253 92.6167 0 0 0 1.00027 
0.689122 0.0761671 0.720924 126.526 -0.0397148 0.997074 -0.0673837 -9.59128 -0.723809 0.0177982 0.690005 93.251 0 0 0 1.00029 
0.692588 0.0705709 0.718168 127.173 -0.0389335 0.997549 -0.0604811 -9.64407 -0.720537 0.0139224 0.693511 93.8892 0 0 0 1.00029 
0.697049 0.0665453 0.714226 127.818 -0.0368679 0.997833 -0.0569917 -9.69408 -0.716333 0.0133888 0.697864 94.527 0 0 0 1.00029 
0.701687 0.0633219 0.709963 128.463 -0.031025 0.997952 -0.0583482 -9.74198 -0.712068 0.0189093 0.702087 95.162 0 0 0 1.00029 
0.706887 0.0598903 0.705083 129.105 -0.0204654 0.99786 -0.064245 -9.79128 -0.707287 0.0309756 0.706472 95.7929 0 0 0 1.00029 
0.712143 0.0612961 0.699649 129.737 -0.014787 0.997405 -0.072335 -9.8445 -0.702136 0.0411569 0.711074 96.4306 0 0 0 1.00029 
0.717683 0.0615054 0.693948 130.369 -0.0117694 0.997158 -0.076211 -9.90012 -0.696532 0.0465167 0.716239 97.0841 0 0 0 1.00029 
0.723458 0.0570784 0.688311 131.004 -0.00941904 0.997438 -0.0728168 -9.95941 -0.690572 0.0461852 0.722011 97.7534 0 0 0 1.00029 
0.729247 0.0515851 0.682613 131.641 -0.00500984 0.997669 -0.0700457 -10.0227 -0.684504 0.0476492 0.727673 98.4311 0 0 0 1.0003 
0.734534 0.0483179 0.677164 132.27 -0.000536446 0.997643 -0.0706071 -10.0826 -0.678849 0.0514875 0.732693 99.1098 0 0 0 1.0003 
0.739052 0.0502029 0.672091 132.893 0.00174413 0.997214 -0.0764103 -10.1417 -0.673925 0.0576297 0.73677 99.7967 0 0 0 1.0003 
0.742643 0.0515369 0.66802 133.511 0.00101957 0.997088 -0.0780613 -10.2021 -0.669969 0.0586389 0.74029 100.491 0 0 0 1.0003 
0.745767 0.0486311 0.664753 134.131 0.00345097 0.997181 -0.0768256 -10.2678 -0.666486 0.0595739 0.743357 101.189 0 0 0 1.0003 
0.748249 0.0429601 0.66235 134.757 0.00690999 0.997486 -0.0725069 -10.3335 -0.663671 0.058816 0.74593 101.89 0 0 0 1.0003 
0.749624 0.0386226 0.661064 135.383 0.0101643 0.997652 -0.0698174 -10.3957 -0.662078 0.0590418 0.747329 102.594 0 0 0 1.0003 
0.750251 0.0339607 0.660605 136.005 0.0136945 0.99781 -0.0668527 -10.4549 -0.661301 0.0591888 0.748003 103.298 0 0 0 1.0003 
0.750551 0.0329873 0.660317 136.624 0.0138804 0.997892 -0.0656325 -10.5134 -0.66096 0.0584119 0.748369 104.006 0 0 0 1.0003 
0.750455 0.0333992 0.660411 137.245 0.0126483 0.997962 -0.064847 -10.5703 -0.661099 0.0570037 0.748359 104.719 0 0 0 1.0003 
0.749977 0.0355423 0.660847 137.862 0.0112204 0.99788 -0.0664066 -10.6273 -0.661671 0.0572041 0.747842 105.428 0 0 0 1.0003 
0.748818 0.0394613 0.661938 138.479 0.00725598 0.99783 -0.0676976 -10.6848 -0.663038 0.0554823 0.74676 106.14 0 0 0 1.0003 
0.746967 0.0432044 0.663793 139.101 0.0039785 0.99773 -0.0694203 -10.7444 -0.665149 0.0544819 0.744954 106.852 0 0 0 1.0003 
0.745017 0.0459943 0.665796 139.72 -7.19496e-05 0.997779 -0.0688516 -10.8037 -0.667346 0.0512346 0.743219 107.559 0 0 0 1.0003 
0.742738 0.0474088 0.668238 140.341 -0.0021922 0.997811 -0.0683579 -10.8638 -0.669878 0.0492945 0.74107 108.262 0 0 0 1.0003 
