1 0 0 -0 0 1 0 -0 0 0 1 -0 0 0 0 1 
0.999993 -0.00270348 -0.00338583 0.0023767 0.00269629 0.999996 -0.00212633 -0.0023962 0.00339156 0.00211718 0.999994 0.67529 0 0 0 1 
0.999972 -0.00135401 -0.00747342 -0.00337806 0.00132588 0.999992 -0.00376658 -0.0021444 0.00747846 0.00375656 0.999965 1.36932 0 0 0 1 
0.999934 -0.00139192 -0.0114466 -0.012502 0.00133167 0.999986 -0.00526984 -0.00329902 0.0114537 0.00525424 0.999921 2.08195 0 0 0 1 
0.999866 -8.96226e-05 -0.0165127 -0.0218338 -8.0334e-06 0.999984 -0.00591401 -0.00865049 0.016513 0.00591333 0.999848 2.81233 0 0 0 1 
0.999783 -0.00117084 -0.0210038 -0.0335004 0.00104231 0.999984 -0.00612943 -0.0175005 0.0210106 0.00610618 0.999764 3.5569 0 0 0 1 
0.999673 0.000610493 -0.0256329 -0.0522165 -0.000800964 0.999973 -0.00742128 -0.0239119 0.0256277 0.00743937 0.999645 4.31823 0 0 0 1 
0.999524 0.00329406 -0.0306602 -0.0758476 -0.00354214 0.999961 -0.00804086 -0.0322383 0.0306325 0.00814564 0.999496 5.09381 0 0 0 1 
0.999376 0.00370408 -0.0350882 -0.101329 -0.00393492 0.999969 -0.00651218 -0.042959 0.0350631 0.0066462 0.999361 5.88261 0 0 0 1 
0.999206 0.0028908 -0.039689 -0.12764 -0.0030471 0.999985 -0.00387831 -0.0561496 0.0396773 0.00399618 0.999202 6.68472 0 0 0 1 
0.999055 0.00256621 -0.0432638 -0.159555 -0.00262308 0.99999 -0.00125791 -0.0700169 0.0432604 0.00137022 0.999057 7.4985 0 0 0 1 
0.998926 0.00412376 -0.0460022 -0.199372 -0.00421499 0.999982 -0.00188663 -0.0789448 0.045994 0.00207853 0.998931 8.31608 0 0 0 1 
0.998817 0.0036331 -0.0483427 -0.238688 -0.00374254 0.999982 -0.00217359 -0.0852585 0.0483344 0.00235196 0.998819 9.14009 0 0 0 1 
0.998727 0.000676474 -0.0502672 -0.276168 -0.000819328 0.999985 -0.00282128 -0.0905625 0.0502652 0.00285891 0.998721 9.97529 0 0 0 1 
0.998625 0.000688882 -0.0524004 -0.318269 -0.000796483 0.999996 -0.00203254 -0.100471 0.0523988 0.00207149 0.998623 10.8158 0 0 0 1 
0.998544 -0.000715709 -0.0539356 -0.362479 0.000592929 0.999996 -0.00229234 -0.110369 0.0539371 0.00225703 0.998541 11.6678 0 0 0 1 
0.998436 0.00169392 -0.0558711 -0.413725 -0.00195793 0.999986 -0.00467104 -0.116542 0.0558624 0.00477313 0.998426 12.5291 0 0 0 1 
0.998352 0.00222808 -0.057309 -0.466575 -0.00265377 0.999967 -0.00735296 -0.122752 0.0572908 0.00749295 0.998327 13.3938 0 0 0 1 
0.998227 0.00619512 -0.0591436 -0.524692 -0.00674161 0.999933 -0.00904499 -0.131525 0.0590837 0.00942771 0.998205 14.2703 0 0 0 1 
0.998154 0.0071634 -0.0602642 -0.582937 -0.00770264 0.999929 -0.00872034 -0.146364 0.0601976 0.00916847 0.998141 15.1579 0 0 0 1 
0.998071 0.00625982 -0.0617583 -0.638116 -0.00672214 0.99995 -0.00728119 -0.163918 0.0617097 0.00768231 0.998063 16.0495 0 0 0 1 
0.997973 0.00686559 -0.0632742 -0.695894 -0.00724741 0.999956 -0.00580684 -0.180141 0.0632316 0.00625365 0.997979 16.9486 0 0 0 1 
0.997907 0.00639122 -0.0643471 -0.75553 -0.00677289 0.999959 -0.00571503 -0.195079 0.064308 0.0061389 0.99791 17.8527 0 0 0 1 
0.997792 0.00626079 -0.0661226 -0.815318 -0.0067124 0.999955 -0.00660987 -0.206963 0.0660783 0.00703912 0.997789 18.7604 0 0 0 1 
0.997723 0.00479028 -0.0672801 -0.875649 -0.00529863 0.999958 -0.00737935 -0.21901 0.067242 0.00771904 0.997707 19.675 0 0 0 1 
0.997677 0.00488995 -0.0679033 -0.940933 -0.00529066 0.999965 -0.00572264 -0.234455 0.0678732 0.00606862 0.997672 20.6019 0 0 0 1 
0.99767 0.00631085 -0.0679106 -1.00984 -0.00648371 0.999973 -0.00232539 -0.254651 0.0678943 0.00276029 0.997686 21.5276 0 0 0 1 
0.997718 0.00736025 -0.0671266 -1.07911 -0.00728121 0.999972 0.00142206 -0.27364 0.0671352 -0.000930047 0.997744 22.461 0 0 0 1 
0.997827 0.00624101 -0.0656001 -1.14656 -0.00597681 0.999972 0.00422304 -0.286421 0.0656246 -0.00382178 0.997837 23.3991 0 0 0 1 
0.99797 0.00649809 -0.0640955 -1.21341 -0.00619168 1.00001 0.00497839 -0.295024 0.0641258 -0.0045712 0.997977 24.3385 0 0 0 1 
0.998051 0.00672377 -0.0627987 -1.27952 -0.00660577 1.00002 0.0020866 -0.296693 0.0628112 -0.00166762 0.99807 25.2864 0 0 0 1 
0.998094 0.00754541 -0.062013 -1.34457 -0.00773517 1.00001 -0.0028208 -0.294452 0.0619895 0.00329495 0.998119 26.2333 0 0 0 1 
0.99817 0.00668063 -0.0608576 -1.40802 -0.00704383 1 -0.00575583 -0.299126 0.0608166 0.00617369 0.998176 27.1862 0 0 0 1 
0.998226 0.00423228 -0.0601702 -1.46847 -0.00452791 1.00002 -0.00477793 -0.313103 0.0601486 0.00504167 0.998223 28.1486 0 0 0 1 
0.998214 0.0023746 -0.0604556 -1.52723 -0.00236782 1.00004 0.000183593 -0.334894 0.0604558 -4.01181e-05 0.998217 29.1238 0 0 0 1 
0.998162 -0.00144476 -0.0613162 -1.58452 0.00166976 1.00004 0.00361864 -0.353582 0.0613104 -0.00371421 0.998157 30.1044 0 0 0 1 
0.998053 -0.00882366 -0.0624582 -1.63539 0.00902636 0.999998 0.0029643 -0.361655 0.0624292 -0.00352215 0.998088 31.0844 0 0 0 1 
0.997935 -0.0109973 -0.0639663 -1.69283 0.0109571 0.999981 -0.000978966 -0.361136 0.0639731 0.000276039 0.997994 32.0657 0 0 0 1 
0.997843 -0.010805 -0.0654404 -1.75826 0.0105054 0.999976 -0.00492049 -0.364014 0.0654892 0.0042222 0.997888 33.0506 0 0 0 1 
0.997712 -0.00940352 -0.0675992 -1.82541 0.00903975 0.999985 -0.00568519 -0.375372 0.0676488 0.00506088 0.997739 34.034 0 0 0 1 
0.997652 -0.00935474 -0.0684719 -1.89536 0.00907799 0.999991 -0.00435186 -0.391716 0.0685091 0.00371989 0.997686 35.0345 0 0 0 1 
0.99759 -0.0061437 -0.0697328 -1.96893 0.00604957 1.00002 -0.00156094 -0.412808 0.069741 0.00113527 0.997607 36.0252 0 0 0 1 
0.997496 -0.00610403 -0.0710621 -2.04183 0.00609935 1.00002 -0.000282829 -0.428049 0.0710624 -0.000151315 0.997514 37.0312 0 0 0 1 
0.997427 -0.00470777 -0.0721484 -2.11368 0.00488624 1.00003 0.00229755 -0.443864 0.0721365 -0.00264407 0.997435 38.0222 0 0 0 1 
0.99743 -0.00470514 -0.0720819 -2.1884 0.00510488 1.00001 0.00536266 -0.46142 0.0720546 -0.00571662 0.997426 39.0235 0 0 0 1 
0.997396 0.00110857 -0.0727044 -2.26948 -0.000552733 1.00001 0.00766509 -0.473562 0.0727106 -0.00760463 0.997366 40.014 0 0 0 1 
0.997382 0.000970458 -0.0729128 -2.34732 -0.000453995 1.00002 0.00709974 -0.480237 0.0729177 -0.00704775 0.997357 41.013 0 0 0 1 
0.997384 0.00103284 -0.0728691 -2.42366 -0.000642918 1.00003 0.00537437 -0.481669 0.0728735 -0.00531325 0.99737 42.01 0 0 0 1 
0.997377 0.00319872 -0.0728756 -2.50482 -0.00297576 1.00003 0.00316778 -0.485088 0.072885 -0.0029425 0.997376 42.9999 0 0 0 1 
0.997306 0.0027958 -0.0738635 -2.58077 -0.00256421 1.00003 0.00323003 -0.495394 0.0738718 -0.00303181 0.997303 43.9982 0 0 0 1 
0.997205 0.000781706 -0.0752192 -2.65105 -0.00045399 1.00003 0.00437385 -0.506095 0.0752218 -0.00432732 0.997195 44.9854 0 0 0 1 
0.997139 0.00131427 -0.0760506 -2.73025 -0.000905417 1.00002 0.0054103 -0.518437 0.0760564 -0.00532578 0.997125 45.976 0 0 0 1 
0.997112 0.00376305 -0.0762936 -2.81297 -0.00363298 1.00002 0.00184342 -0.524678 0.0762997 -0.00156087 0.997118 46.9498 0 0 0 1 
0.997035 0.00419758 -0.0771666 -2.89327 -0.00439251 1.00001 -0.00235673 -0.526759 0.0771556 0.00268863 0.997042 47.915 0 0 0 1 
0.996977 0.00505426 -0.0778591 -2.97249 -0.00535241 1 -0.00362125 -0.536933 0.077839 0.00402694 0.996984 48.8824 0 0 0 1 
0.99697 0.00390951 -0.0779928 -3.05156 -0.00392569 1.00002 -5.42181e-05 -0.559836 0.0779917 0.000360219 0.996978 49.8578 0 0 0 1 
0.996952 0.0020081 -0.0782565 -3.12829 -0.00177442 1.00001 0.00305543 -0.579637 0.0782619 -0.00290721 0.99695 50.8299 0 0 0 1 
0.996934 0.000225836 -0.0785061 -3.20575 6.39062e-05 1.00001 0.00368818 -0.59307 0.0785062 -0.00368182 0.996928 51.7913 0 0 0 1 
0.996912 -0.00294161 -0.0787277 -3.28081 0.00314577 1.00001 0.00246929 -0.602577 0.0787196 -0.00270928 0.996914 52.7506 0 0 0 1 
0.99686 -0.00570249 -0.07922 -3.35544 0.00581221 1 0.00115456 -0.611448 0.0792119 -0.00161135 0.996876 53.7104 0 0 0 1 
0.996762 -0.00720087 -0.0803277 -3.43082 0.00741479 0.999988 0.00236517 -0.625098 0.0803081 -0.00295307 0.996785 54.6622 0 0 0 1 
0.996637 -0.0102162 -0.0815145 -3.50475 0.0107803 0.999937 0.00648343 -0.642438 0.0814417 -0.00734025 0.996669 55.6138 0 0 0 1 
0.996572 -0.0111057 -0.0821901 -3.58092 0.0120859 0.999879 0.0114387 -0.658062 0.0820515 -0.0123926 0.996569 56.5649 0 0 0 1 
0.996539 -0.00940894 -0.0828092 -3.66318 0.0105784 0.999868 0.0136954 -0.667029 0.0826677 -0.0145238 0.99649 57.516 0 0 0 1 
0.996425 -0.0083679 -0.0842941 -3.74397 0.00921986 0.999929 0.00972306 -0.665073 0.084205 -0.0104653 0.996414 58.4518 0 0 0 1 
0.996317 -0.00696651 -0.0856732 -3.82541 0.00715777 0.99999 0.00192553 -0.656494 0.0856572 -0.00253163 0.99634 59.3715 0 0 0 1 
0.996248 -0.0053639 -0.0865901 -3.90854 0.0051312 1 -0.00290978 -0.657521 0.086604 0.0024545 0.996258 60.2825 0 0 0 1 
0.99614 -0.000441848 -0.0876936 -3.9967 0.000263188 0.999989 -0.00204905 -0.672039 0.0876941 0.00201807 0.996138 61.1891 0 0 0 1 
0.996047 0.00236705 -0.0886792 -4.0829 -0.00235714 0.999985 0.000216275 -0.692344 0.0886792 -6.39888e-06 0.99605 62.078 0 0 0 1 
0.99593 0.0048933 -0.0898505 -4.16732 -0.00475262 0.999973 0.00177935 -0.710953 0.0898579 -0.00134511 0.995942 62.9715 0 0 0 1 
0.995823 0.00555876 -0.0909933 -4.24983 -0.00544517 0.99997 0.00149632 -0.721131 0.0909999 -0.000994617 0.995838 63.8376 0 0 0 1 
0.995658 0.00724451 -0.092682 -4.3321 -0.00705784 0.99996 0.00234137 -0.734583 0.0926962 -0.0016771 0.995683 64.6915 0 0 0 1 
0.995521 0.00807928 -0.0940707 -4.41405 -0.00783586 0.999952 0.00295643 -0.750123 0.0940911 -0.0022061 0.995551 65.5304 0 0 0 1 
0.995374 0.00807154 -0.0956118 -4.49488 -0.00777851 0.999951 0.00343677 -0.763821 0.0956358 -0.0026772 0.995402 66.3598 0 0 0 1 
0.995253 0.00800895 -0.0969023 -4.57513 -0.0076094 0.999951 0.00449174 -0.775209 0.0969344 -0.0037331 0.995276 67.168 0 0 0 1 
0.995095 0.0108762 -0.0982276 -4.6597 -0.0102222 0.999911 0.00715817 -0.788071 0.0982976 -0.00611904 0.99513 67.9642 0 0 0 1 
0.994952 0.0124196 -0.0994886 -4.74339 -0.0113554 0.999862 0.0112558 -0.802132 0.0996155 -0.0100694 0.994966 68.7539 0 0 0 1 
0.99474 0.015576 -0.101142 -4.82871 -0.0143362 0.999802 0.0129729 -0.810782 0.101325 -0.0114548 0.994778 69.5304 0 0 0 1 
0.994555 0.018388 -0.102495 -4.91544 -0.01757 0.999796 0.00887704 -0.814094 0.102639 -0.00702794 0.994686 70.284 0 0 0 1 
0.994414 0.0183173 -0.103857 -4.9967 -0.0182472 0.999822 0.00162502 -0.814104 0.103869 0.000279147 0.994582 71.0109 0 0 0 1 
0.994241 0.0173483 -0.105442 -5.0707 -0.0178922 0.999797 -0.00421506 -0.814718 0.105351 0.00607755 0.994385 71.7181 0 0 0 1 
0.99418 0.0181175 -0.105903 -5.1517 -0.0188005 0.999776 -0.00545419 -0.820327 0.105783 0.00741369 0.994331 72.413 0 0 0 1 
0.994039 0.0209792 -0.106691 -5.23173 -0.0212998 0.999739 -0.0018663 -0.839437 0.106627 0.00412778 0.99426 73.0865 0 0 0 1 
0.993895 0.021252 -0.107977 -5.30752 -0.0213227 0.999741 0.000499372 -0.861751 0.107962 0.00180606 0.994123 73.7424 0 0 0 1 
0.99384 0.0181162 -0.109041 -5.37764 -0.0185299 0.999791 -0.00278243 -0.871402 0.108971 0.00478594 0.994002 74.3792 0 0 0 1 
0.99395 0.0100045 -0.109077 -5.43724 -0.0109392 0.999875 -0.00797421 -0.879338 0.108987 0.00911948 0.99397 74.9926 0 0 0 1 
0.994079 0.00592039 -0.108183 -5.49841 -0.00734994 0.999855 -0.0128201 -0.885853 0.108095 0.0135398 0.994015 75.5896 0 0 0 1 
0.994388 0.00840297 -0.105128 -5.56873 -0.00983049 0.999831 -0.013068 -0.898381 0.105004 0.0140286 0.994339 76.1763 0 0 0 1 
0.994751 0.0134049 -0.101084 -5.64141 -0.0145015 0.999806 -0.010121 -0.915081 0.100932 0.0115341 0.994791 76.7504 0 0 0 1 
0.995223 0.0118631 -0.0965224 -5.69786 -0.0126092 0.999857 -0.00712375 -0.930606 0.0964276 0.00830708 0.995269 77.3066 0 0 0 1 
0.995781 0.00820767 -0.0909563 -5.74327 -0.00850752 0.999917 -0.00290949 -0.948448 0.0909286 0.00367116 0.99581 77.8515 0 0 0 1 
0.996512 0.00384743 -0.0828916 -5.78504 -0.00381178 0.999952 0.000588165 -0.96794 0.0828931 -0.000270188 0.99652 78.38 0 0 0 1 
0.997326 0.00751204 -0.0721542 -5.83353 -0.00750423 0.999931 0.000379114 -0.977517 0.0721549 0.00016334 0.997354 78.8965 0 0 0 1 
0.998254 0.0127052 -0.0570135 -5.88189 -0.0127356 0.999878 -0.00017196 -0.985533 0.0570066 0.000897774 0.998335 79.4013 0 0 0 1 
0.999043 0.0177894 -0.0389375 -5.9181 -0.0177901 0.999799 0.000326628 -0.992712 0.038937 0.000366373 0.999201 79.8942 0 0 0 1 
0.999688 0.0162154 -0.0168669 -5.93379 -0.0162045 0.999827 0.000779247 -0.999617 0.0168772 -0.000505733 0.999819 80.3773 0 0 0 1 
0.99984 0.0127454 0.00927605 -5.93348 -0.0127612 0.999879 0.00165384 -1.00913 -0.00925426 -0.00177204 0.999919 80.8473 0 0 0 1 
0.999137 0.0117136 0.0388605 -5.9238 -0.0118448 0.999883 0.00314833 -1.019 -0.0388208 -0.00360608 0.9992 81.3069 0 0 0 1 
0.997299 0.0113251 0.0720224 -5.90138 -0.0116842 0.999879 0.00456666 -1.02846 -0.0719651 -0.0053961 0.997352 81.7616 0 0 0 1 
0.993881 0.0111935 0.109527 -5.86217 -0.0118196 0.999875 0.00506936 -1.0365 -0.109461 -0.00633319 0.993931 82.209 0 0 0 1 
0.988378 0.0113978 0.151326 -5.80946 -0.0122868 0.99987 0.00494117 -1.04164 -0.151256 -0.00674336 0.988431 82.649 0 0 0 1 
0.980372 0.0111663 0.196642 -5.73829 -0.0123582 0.99987 0.00483509 -1.04866 -0.196571 -0.00717064 0.980423 83.0783 0 0 0 1 
0.969236 0.013315 0.245612 -5.64937 -0.0144244 0.99985 0.00271802 -1.05733 -0.24555 -0.00617748 0.969324 83.4908 0 0 0 1 
0.954095 0.0142423 0.299031 -5.54285 -0.0148609 0.999846 -0.000205155 -1.06517 -0.299001 -0.00424833 0.954201 83.8921 0 0 0 1 
0.934675 0.0144933 0.355083 -5.41377 -0.0145757 0.999843 -0.00244295 -1.07175 -0.355079 -0.00289235 0.934784 84.2792 0 0 0 1 
0.910779 0.0150949 0.412505 -5.26354 -0.0145724 0.999834 -0.00441266 -1.07725 -0.412524 -0.00199231 0.910893 84.6517 0 0 0 1 
0.882051 0.0152478 0.470807 -5.09175 -0.0137983 0.999833 -0.00653004 -1.0817 -0.470852 -0.000736557 0.882159 85.0104 0 0 0 1 
0.848858 0.0136205 0.528349 -4.89649 -0.0106708 0.999852 -0.00863157 -1.08982 -0.528417 0.00168915 0.848923 85.3514 0 0 0 1 
0.812157 0.0131429 0.583198 -4.68082 -0.00919896 0.999853 -0.00972228 -1.10134 -0.583274 0.00253133 0.812204 85.6773 0 0 0 1 
0.772219 0.0118568 0.635158 -4.44601 -0.00808053 0.999869 -0.0088409 -1.11177 -0.635217 0.00169478 0.772259 85.9902 0 0 0 1 
0.729505 0.0115479 0.683794 -4.19082 -0.00929316 0.999871 -0.00697146 -1.11942 -0.683829 -0.00126897 0.729562 86.2853 0 0 0 1 
0.684523 0.0104702 0.728834 -3.91534 -0.00808785 0.999881 -0.00676781 -1.12594 -0.728864 -0.00126204 0.684569 86.5563 0 0 0 1 
0.637972 0.00913945 0.769932 -3.6259 -0.0045789 0.999897 -0.00807512 -1.1334 -0.769972 0.00162636 0.637986 86.803 0 0 0 1 
0.591257 0.00647024 0.806386 -3.31766 0.00135321 0.999898 -0.00901511 -1.14134 -0.80641 0.00642186 0.591223 87.0279 0 0 0 1 
0.544531 0.00852057 0.838629 -3.00462 -0.000299759 0.999889 -0.00996437 -1.15037 -0.838671 0.00517484 0.544506 87.2415 0 0 0 1 
0.497109 0.0114262 0.867546 -2.68596 -0.00386453 0.999871 -0.0109547 -1.15891 -0.867612 0.00209313 0.49712 87.4419 0 0 0 1 
0.451615 0.0135839 0.892046 -2.35584 -0.0043381 0.999846 -0.0130292 -1.16654 -0.892138 0.00201452 0.451631 87.619 0 0 0 1 
0.409409 0.0109942 0.912225 -2.01378 0.00306597 0.999847 -0.0134263 -1.17414 -0.912285 0.00829416 0.409337 87.7646 0 0 0 1 
0.370099 0.00338739 0.928927 -1.65327 0.0183277 0.999714 -0.0109475 -1.18151 -0.928751 0.021078 0.369953 87.8869 0 0 0 1 
0.334914 -0.000222684 0.942192 -1.291 0.0227033 0.999655 -0.0078339 -1.18799 -0.941917 0.0240159 0.334822 88.0076 0 0 0 1 
0.301845 0.00393953 0.953293 -0.930214 0.0202536 0.999683 -0.0105442 -1.1934 -0.953085 0.0224917 0.301687 88.1323 0 0 0 1 
0.270758 0.0116497 0.962522 -0.567702 0.00953105 0.999789 -0.0147818 -1.2055 -0.962544 0.0131769 0.270606 88.2588 0 0 0 1 
0.242377 0.0159494 0.969995 -0.189397 0.00486937 0.999775 -0.0176558 -1.22188 -0.970113 0.00900318 0.24226 88.3699 0 0 0 1 
0.216798 0.0176594 0.976 0.202919 0.00626457 0.999732 -0.0194803 -1.23587 -0.976138 0.0103382 0.216642 88.4602 0 0 0 1 
0.193466 0.0189883 0.980869 0.607365 0.0137764 0.999605 -0.0220682 -1.24503 -0.980955 0.0177833 0.193139 88.5344 0 0 0 1 
0.173421 0.0252965 0.984469 1.01793 0.0208207 0.999296 -0.0293452 -1.24003 -0.984572 0.0255878 0.172782 88.5977 0 0 0 1 
0.153784 0.0320524 0.98753 1.43762 0.0230518 0.999028 -0.0360154 -1.2358 -0.98778 0.0283045 0.152905 88.6657 0 0 0 1 
0.136127 0.0328562 0.990092 1.87337 0.0206387 0.999081 -0.0359921 -1.25048 -0.990421 0.0253351 0.135332 88.7374 0 0 0 1 
0.120654 0.0284486 0.992232 2.3275 0.0187715 0.999287 -0.0309335 -1.27894 -0.992461 0.0223593 0.120041 88.8023 0 0 0 1 
0.10612 0.0252348 0.993972 2.7937 0.0190644 0.999375 -0.0274075 -1.3036 -0.994113 0.0218591 0.10558 88.8587 0 0 0 1 
0.0929297 0.0227519 0.995351 3.27706 0.0214397 0.999393 -0.0248462 -1.32392 -0.995384 0.0236503 0.0923924 88.9064 0 0 0 1 
0.0814146 0.0219443 0.996378 3.77415 0.0252438 0.999325 -0.0240721 -1.33973 -0.996304 0.0271138 0.0808116 88.9472 0 0 0 1 
0.0713639 0.0225833 0.997182 4.28608 0.0284446 0.999271 -0.0246666 -1.35442 -0.997035 0.030125 0.0706713 88.9843 0 0 0 1 
0.0635587 0.0230923 0.997698 4.81465 0.0305565 0.999198 -0.0250739 -1.36999 -0.9975 0.0320802 0.0628038 89.0198 0 0 0 1 
0.0580468 0.02346 0.998024 5.3618 0.0323614 0.999133 -0.0253685 -1.38565 -0.997778 0.0337705 0.0572389 89.0519 0 0 0 1 
0.052533 0.0245665 0.998301 5.92393 0.0336279 0.999065 -0.0263551 -1.40122 -0.998041 0.0349558 0.0516593 89.0836 0 0 0 1 
0.0465803 0.0252893 0.998579 6.50508 0.0341928 0.999031 -0.0268959 -1.41744 -0.998317 0.0353975 0.0456718 89.1149 0 0 0 1 
0.0422978 0.0253727 0.998767 7.1058 0.0366719 0.998942 -0.0269304 -1.43585 -0.99842 0.0377664 0.0413238 89.1407 0 0 0 1 
0.0393933 0.0253407 0.998886 7.72569 0.0382175 0.998887 -0.0268481 -1.45529 -0.998481 0.0392332 0.0383821 89.1652 0 0 0 1 
0.0363862 0.0249407 0.999011 8.36496 0.0390583 0.998868 -0.0263599 -1.47547 -0.998563 0.0399795 0.0353719 89.1914 0 0 0 1 
0.0340369 0.0243962 0.999106 9.02092 0.0411669 0.998796 -0.0257913 -1.49659 -0.99856 0.0420087 0.0329927 89.2141 0 0 0 1 
0.033429 0.0240461 0.999135 9.6952 0.045674 0.998606 -0.0255617 -1.5175 -0.998384 0.0464899 0.0322852 89.2319 0 0 0 1 
0.0345674 0.0236926 0.999104 10.3872 0.0492614 0.998439 -0.0253815 -1.53932 -0.998175 0.0500956 0.0333473 89.2488 0 0 0 1 
0.0371088 0.0236384 0.999012 11.0972 0.0510062 0.998346 -0.0255175 -1.56081 -0.997994 0.0519039 0.0358429 89.2704 0 0 0 1 
0.0410005 0.0236081 0.99886 11.8193 0.053453 0.99821 -0.0257871 -1.58256 -0.997712 0.0544506 0.0396665 89.2943 0 0 0 1 
0.0453795 0.0231925 0.998678 12.5584 0.0537888 0.998195 -0.0256257 -1.60438 -0.997503 0.054882 0.0440517 89.3221 0 0 0 1 
0.0495577 0.0215851 0.998515 13.3172 0.0553132 0.998143 -0.0243225 -1.62826 -0.99722 0.0564379 0.0482735 89.3529 0 0 0 1 
0.0535877 0.0200808 0.998339 14.0848 0.0550846 0.998186 -0.0230348 -1.65301 -0.997024 0.0562289 0.0523863 89.3913 0 0 0 1 
0.0577616 0.0180207 0.998144 14.8687 0.0520027 0.998395 -0.0210348 -1.67975 -0.996956 0.0531226 0.0567339 89.4358 0 0 0 1 
0.0618764 0.0169903 0.997917 15.6662 0.0512357 0.998452 -0.0201766 -1.70319 -0.99675 0.0523786 0.0609123 89.4837 0 0 0 1 
0.0660573 0.0180188 0.997629 16.467 0.0485108 0.998565 -0.0212481 -1.72536 -0.996616 0.0498006 0.0650908 89.5362 0 0 0 1 
0.0692642 0.0221774 0.997329 17.2712 0.0465059 0.998562 -0.025435 -1.74559 -0.996494 0.0481445 0.0681358 89.5937 0 0 0 1 
0.0705614 0.0275322 0.997107 18.0752 0.0408241 0.998673 -0.0304647 -1.76459 -0.996656 0.0428564 0.0693463 89.6618 0 0 0 1 
0.0705837 0.0307108 0.997013 18.8913 0.0379795 0.998689 -0.0334516 -1.791 -0.996766 0.0402278 0.0693273 89.7243 0 0 0 1 
0.0706835 0.0302578 0.99702 19.707 0.0357116 0.998793 -0.0328438 -1.827 -0.996843 0.0379273 0.0695202 89.7899 0 0 0 1 
0.0707047 0.028472 0.997072 20.5262 0.032899 0.998953 -0.0308591 -1.86829 -0.996939 0.034985 0.0696965 89.855 0 0 0 1 
0.0705947 0.0273485 0.997111 21.35 0.0339464 0.998951 -0.0298028 -1.9035 -0.996912 0.0359528 0.0695947 89.917 0 0 0 1 
0.0711012 0.0268013 0.997091 22.1723 0.0315125 0.999052 -0.0291015 -1.93899 -0.996956 0.0334904 0.0701916 89.9813 0 0 0 1 
0.0713131 0.0271945 0.997065 22.9892 0.0299889 0.999091 -0.029395 -1.9738 -0.996989 0.0319975 0.0704352 90.0455 0 0 0 1 
0.0714968 0.0278389 0.997035 23.8056 0.0271401 0.999159 -0.0298448 -2.00809 -0.997058 0.0291937 0.0706835 90.1107 0 0 0 1 
0.0702828 0.029268 0.997079 24.619 0.0244224 0.999192 -0.0310518 -2.04132 -0.997213 0.0265337 0.0695136 90.1776 0 0 0 1 
0.0675166 0.0289254 0.997256 25.4328 0.0214936 0.999254 -0.0304389 -2.07704 -0.997448 0.0234904 0.0668484 90.2441 0 0 0 1 
0.0636576 0.0276578 0.997545 26.2468 0.0190662 0.999347 -0.0289248 -2.11428 -0.99775 0.0208612 0.0630925 90.3089 0 0 0 1 
0.0588424 0.0252394 0.997908 27.0597 0.0172162 0.999457 -0.0262941 -2.15305 -0.998083 0.0187277 0.0583793 90.3696 0 0 0 1 
0.0525342 0.0232584 0.998261 27.8736 0.0150656 0.999499 -0.0240804 -2.18996 -0.998422 0.0163054 0.052163 90.4291 0 0 0 1 
0.045173 0.0235327 0.998613 28.6814 0.0146555 0.999501 -0.0242169 -2.22196 -0.998787 0.0157301 0.0448103 90.4807 0 0 0 1 
0.0365566 0.0245042 0.998943 29.4853 0.0144942 0.999484 -0.0250482 -2.25142 -0.999143 0.0153955 0.0361865 90.5251 0 0 0 1 
0.0267372 0.0249454 0.999243 30.29 0.0149235 0.99947 -0.0253507 -2.28004 -0.999447 0.015591 0.0263536 90.5616 0 0 0 1 
0.0165736 0.0239495 0.999487 31.0906 0.0161346 0.999478 -0.0242172 -2.31269 -0.999647 0.0165288 0.0161804 90.5893 0 0 0 1 
0.005892 0.022985 0.999627 31.8867 0.0151961 0.999518 -0.0230724 -2.3457 -0.99978 0.0153274 0.00554063 90.6116 0 0 0 1 
-0.00511832 0.0221813 0.999648 32.6788 0.0166882 0.999515 -0.0220933 -2.37603 -0.999759 0.0165704 -0.0054864 90.6223 0 0 0 1 
-0.0160707 0.0225296 0.999524 33.4648 0.017006 0.999505 -0.0222561 -2.40535 -0.999636 0.0166414 -0.0164475 90.6255 0 0 0 1 
-0.0270311 0.0231289 0.999273 34.2483 0.0174589 0.999487 -0.0226619 -2.43481 -0.999392 0.0168348 -0.0274239 90.6204 0 0 0 1 
-0.0375765 0.0241332 0.998906 35.0236 0.0171564 0.999471 -0.0235018 -2.46438 -0.999054 0.0162556 -0.0379747 90.6069 0 0 0 1 
-0.047834 0.0251796 0.998441 35.793 0.0181829 0.999431 -0.0243338 -2.49246 -0.998595 0.0169918 -0.0482699 90.5845 0 0 0 1 
-0.0571355 0.0258007 0.997936 36.5585 0.0191374 0.999403 -0.0247434 -2.52231 -0.998088 0.0176855 -0.0576014 90.5508 0 0 0 1 
-0.0666409 0.0262182 0.997335 37.3151 0.0198396 0.999384 -0.0249468 -2.55352 -0.997485 0.0181256 -0.0671273 90.5117 0 0 0 1 
-0.0759397 0.0265038 0.996662 38.0626 0.020666 0.999366 -0.0250014 -2.58403 -0.996803 0.0186998 -0.0764476 90.4672 0 0 0 1 
-0.0845018 0.0260251 0.995985 38.8032 0.0218784 0.999358 -0.0242574 -2.61421 -0.996088 0.0197423 -0.0850262 90.4152 0 0 0 1 
-0.091762 0.0248907 0.99537 39.5373 0.0237896 0.999348 -0.0227974 -2.64521 -0.9954 0.0215893 -0.0923045 90.3546 0 0 0 1 
-0.0969476 0.0232309 0.994917 40.2607 0.0266338 0.999318 -0.0207388 -2.67577 -0.994834 0.02449 -0.0975113 90.2882 0 0 0 1 
-0.100694 0.0215689 0.994582 40.9735 0.0296459 0.999274 -0.0186696 -2.7056 -0.994377 0.0276079 -0.101272 90.2173 0 0 0 1 
-0.103351 0.020408 0.994334 41.6765 0.0312975 0.99925 -0.0172562 -2.73277 -0.994054 0.0293395 -0.103924 90.146 0 0 0 1 
-0.105014 0.0195724 0.994179 42.3667 0.0317348 0.999254 -0.0163206 -2.75733 -0.993868 0.0298389 -0.105569 90.0759 0 0 0 1 
-0.105733 0.0199856 0.994095 43.0378 0.0325909 0.999222 -0.0166227 -2.78053 -0.993764 0.0306437 -0.106314 90.0054 0 0 0 1 
-0.104772 0.0209842 0.994175 43.6956 0.0334649 0.999176 -0.0175635 -2.80328 -0.993836 0.0314327 -0.105399 89.9355 0 0 0 1 
-0.101825 0.0225676 0.994445 44.3318 0.0344264 0.999112 -0.0191489 -2.8248 -0.994108 0.0322883 -0.102523 89.8687 0 0 0 1 
-0.0966204 0.0230579 0.994951 44.952 0.0343728 0.9991 -0.0198165 -2.84713 -0.994627 0.0322876 -0.0973371 89.8063 0 0 0 1 
-0.0886299 0.0237257 0.995678 45.5511 0.0337499 0.9991 -0.0208034 -2.87021 -0.995391 0.0317633 -0.0893612 89.7505 0 0 0 1 
-0.077414 0.0236308 0.996615 46.1297 0.0325491 0.999132 -0.0211626 -2.89455 -0.996366 0.0308036 -0.078125 89.7006 0 0 0 1 
-0.0636168 0.0239294 0.997582 46.6925 0.0316896 0.999141 -0.0219463 -2.91745 -0.997368 0.0302197 -0.064328 89.6589 0 0 0 1 
-0.0463529 0.0252552 0.998499 47.2357 0.0307273 0.999126 -0.023845 -2.93903 -0.998348 0.0295788 -0.047094 89.627 0 0 0 1 
-0.0250456 0.0277575 0.999196 47.769 0.0290255 0.999098 -0.0270276 -2.95936 -0.999163 0.028328 -0.0258316 89.6056 0 0 0 1 
-0.000383656 0.0307645 0.99942 48.2975 0.026986 0.999047 -0.030743 -2.9796 -0.999532 0.0269612 -0.00121361 89.5972 0 0 0 1 
0.0279186 0.0325393 0.998974 48.8232 0.0248549 0.999022 -0.0332359 -3.0007 -0.999197 0.0257598 0.0270858 89.6025 0 0 0 1 
0.0610675 0.0320567 0.997514 49.3465 0.0224878 0.999072 -0.0334839 -3.02292 -0.997779 0.024479 0.060297 89.6206 0 0 0 1 
0.099363 0.029585 0.994507 49.8643 0.0212248 0.999153 -0.0318443 -3.04754 -0.994723 0.0242746 0.0986625 89.651 0 0 0 1 
0.141623 0.0258904 0.989452 50.3769 0.0187938 0.999268 -0.0288377 -3.07398 -0.989615 0.0226822 0.141053 89.7016 0 0 0 1 
0.187041 0.0215454 0.981987 50.8854 0.0158959 0.999425 -0.0249562 -3.10152 -0.982097 0.0202795 0.186617 89.7748 0 0 0 1 
0.23554 0.0184039 0.971561 51.3854 0.0111351 0.999567 -0.0216344 -3.1254 -0.971674 0.0159157 0.235266 89.8728 0 0 0 1 
0.287199 0.0168858 0.957591 51.8762 0.00717791 0.999641 -0.0197805 -3.14657 -0.957715 0.0125555 0.287015 89.994 0 0 0 1 
0.341984 0.0165593 0.939427 52.3579 0.00608875 0.999648 -0.0198378 -3.16358 -0.939556 0.0125052 0.34181 90.1386 0 0 0 1 
0.40026 0.0170983 0.916105 52.8239 0.00786616 0.999588 -0.0220938 -3.1779 -0.916233 0.0160511 0.400017 90.3008 0 0 0 1 
0.460328 0.0204376 0.887369 53.268 0.00824895 0.999453 -0.0272988 -3.19148 -0.887567 0.0198884 0.459974 90.4888 0 0 0 1 
0.519876 0.0236973 0.853758 53.692 0.00879092 0.999263 -0.0330899 -3.20624 -0.854043 0.0247109 0.519364 90.7045 0 0 0 1 
0.577847 0.0281866 0.815505 54.0981 0.00444409 0.999136 -0.0376833 -3.21542 -0.81598 0.0254022 0.577307 90.9563 0 0 0 1 
0.633729 0.0312766 0.772757 54.4836 0.000208589 0.999029 -0.0406067 -3.22658 -0.773391 0.0258978 0.633202 91.2308 0 0 0 1 
0.686296 0.0324095 0.726422 54.8502 -0.0019396 0.998938 -0.0427363 -3.2402 -0.727143 0.0279242 0.685732 91.5323 0 0 0 1 
0.734856 0.0308872 0.677328 55.1918 -0.0030061 0.998954 -0.0422934 -3.25794 -0.678026 0.029047 0.734289 91.8581 0 0 0 1 
0.779645 0.0277658 0.625395 55.5151 -0.00580129 0.999144 -0.0371282 -3.28016 -0.625985 0.0253217 0.779257 92.2093 0 0 0 1 
0.820328 0.0228677 0.571204 55.8107 -0.00687634 0.999372 -0.0301348 -3.3036 -0.571621 0.020795 0.820095 92.5846 0 0 0 1 
0.856014 0.0206199 0.516284 56.0773 -0.00978326 0.999521 -0.0237002 -3.32574 -0.516604 0.0152383 0.855936 92.9821 0 0 0 1 
0.886324 0.0170517 0.462466 56.3164 -0.0107456 0.99966 -0.0162658 -3.34805 -0.462656 0.00944795 0.88634 93.3954 0 0 0 1 
0.91104 0.0178894 0.411607 56.5178 -0.0148034 0.999683 -0.0106848 -3.36967 -0.41173 0.00364085 0.911155 93.8159 0 0 0 1 
0.930443 0.0198645 0.365535 56.6999 -0.0185844 0.999652 -0.00702118 -3.38755 -0.365602 -0.000261283 0.93063 94.2546 0 0 0 1 
0.945063 0.0257798 0.325608 56.8513 -0.0258229 0.999554 -0.00419128 -3.40159 -0.325605 -0.00444838 0.945407 94.7027 0 0 0 1 
0.956351 0.0301471 0.290352 56.9898 -0.029951 0.999432 -0.00512091 -3.40553 -0.290372 -0.00380018 0.956815 95.1603 0 0 0 1 
0.965113 0.0321023 0.259518 57.1203 -0.0319442 0.999369 -0.00482837 -3.41071 -0.259539 -0.00363138 0.965633 95.6263 0 0 0 1 
0.970935 0.0266531 0.237485 57.2492 -0.0262952 0.999535 -0.00467645 -3.41785 -0.237526 -0.00170518 0.971288 96.0993 0 0 0 1 
0.97469 0.0236708 0.221909 57.3643 -0.0233761 0.999611 -0.00395598 -3.42862 -0.221941 -0.00133247 0.974967 96.582 0 0 0 1 
0.97738 0.0277942 0.209232 57.4652 -0.0275197 0.999504 -0.00422462 -3.43485 -0.209269 -0.00162993 0.977765 97.0777 0 0 0 1 
0.979208 0.0332615 0.199662 57.5577 -0.0331838 0.999333 -0.00373743 -3.43776 -0.199676 -0.00296698 0.979765 97.5802 0 0 0 1 
0.980111 0.0410147 0.193698 57.6461 -0.0408062 0.999044 -0.00506779 -3.44065 -0.193742 -0.00293821 0.980955 98.0944 0 0 0 1 
0.980432 0.0467884 0.19074 57.7359 -0.0459854 0.998794 -0.00863559 -3.44541 -0.190936 -0.000305498 0.981509 98.6179 0 0 0 1 
0.980529 0.0480489 0.189917 57.8345 -0.0468 0.998731 -0.0110569 -3.45682 -0.190229 0.00195288 0.981643 99.1488 0 0 0 1 
0.98014 0.0465514 0.192279 57.9403 -0.0445627 0.998786 -0.0146552 -3.46514 -0.19275 0.00579554 0.981135 99.6909 0 0 0 1 
0.979433 0.0450625 0.196193 58.0475 -0.041722 0.998793 -0.0211268 -3.46756 -0.196932 0.0125073 0.980241 100.237 0 0 0 1 
0.978603 0.0453026 0.20024 58.1591 -0.0409245 0.998712 -0.0259491 -3.47255 -0.201181 0.0172002 0.979306 100.802 0 0 0 1 
0.977477 0.0501993 0.204461 58.2696 -0.0459449 0.998494 -0.0255021 -3.48816 -0.20546 0.0155351 0.978432 101.37 0 0 0 1 
0.9761 0.0533492 0.210175 58.3805 -0.0499189 0.998397 -0.0215937 -3.50832 -0.211017 0.0105866 0.977317 101.968 0 0 0 1 
0.975201 0.0505227 0.214986 58.5082 -0.0479863 0.99858 -0.0170021 -3.53071 -0.215566 0.00626431 0.97636 102.571 0 0 0 1 
0.974556 0.0462737 0.218825 58.6464 -0.0448493 0.998803 -0.0114737 -3.5535 -0.219122 0.0013672 0.975586 103.194 0 0 0 1 
0.973835 0.0437728 0.222513 58.7856 -0.0433276 0.998911 -0.00688401 -3.57321 -0.222601 -0.00293801 0.974793 103.826 0 0 0 1 
0.973357 0.0391565 0.225446 58.9306 -0.0387428 0.999104 -0.0062602 -3.58495 -0.225518 -0.00264193 0.974123 104.464 0 0 0 1 
0.97341 0.035648 0.225794 59.0818 -0.0344187 0.999237 -0.0093794 -3.5939 -0.225986 0.00135804 0.974016 105.108 0 0 0 1 
0.97355 0.0348463 0.225313 59.2343 -0.0319745 0.999228 -0.0163825 -3.59871 -0.225739 0.00874546 0.974035 105.765 0 0 0 1 
0.973674 0.0370177 0.224427 59.3821 -0.0326772 0.999073 -0.023023 -3.60419 -0.225101 0.0150846 0.974104 106.429 0 0 0 1 
0.974173 0.0399562 0.221738 59.5327 -0.034867 0.998904 -0.0268176 -3.61202 -0.222595 0.0183955 0.974622 107.109 0 0 0 1 
0.974776 0.0383693 0.219359 59.6897 -0.0342554 0.999032 -0.0225262 -3.63428 -0.22004 0.014445 0.97527 107.808 0 0 0 1 
0.97523 0.0343153 0.218007 59.8506 -0.0318379 0.999255 -0.0148664 -3.66506 -0.218383 0.00755771 0.975719 108.521 0 0 0 1 
0.975755 0.0348223 0.215565 60.0084 -0.0336683 0.999264 -0.00902401 -3.69416 -0.215749 0.00154716 0.976333 109.242 0 0 0 1 
0.976014 0.0382453 0.213796 60.1593 -0.0370166 0.999137 -0.00974833 -3.70958 -0.214013 0.00160015 0.976713 109.973 0 0 0 1 
0.976254 0.043821 0.211625 60.3071 -0.0417251 0.998897 -0.0143599 -3.71706 -0.212049 0.00518889 0.97713 110.711 0 0 0 1 
0.977084 0.0445408 0.20761 60.4662 -0.0413493 0.998823 -0.0196865 -3.72338 -0.20827 0.0106516 0.977899 111.458 0 0 0 1 
0.97799 0.0432447 0.203577 60.6266 -0.0394751 0.998838 -0.0225405 -3.73661 -0.204342 0.0140094 0.978685 112.216 0 0 0 1 
0.978875 0.0410074 0.199748 60.7866 -0.0375683 0.998946 -0.0209761 -3.76 -0.200424 0.0130299 0.979508 112.987 0 0 0 1 
0.9797 0.037176 0.196414 60.9462 -0.0341307 0.999109 -0.0188655 -3.78652 -0.196967 0.0117797 0.980223 113.766 0 0 0 1 
0.980093 0.036198 0.194636 61.1022 -0.0337169 0.999175 -0.0160445 -3.81344 -0.195082 0.00916316 0.98063 114.56 0 0 0 1 
0.980458 0.032934 0.193371 61.2619 -0.0308574 0.999301 -0.0137405 -3.83549 -0.193714 0.00750546 0.980915 115.362 0 0 0 1 
0.980715 0.0278008 0.192879 61.4238 -0.0258596 0.999459 -0.0125743 -3.85463 -0.193149 0.00734443 0.981028 116.17 0 0 0 1 
0.980823 0.0285507 0.192208 61.5782 -0.0269492 0.999447 -0.0109414 -3.87542 -0.19244 0.00555187 0.981177 116.98 0 0 0 1 
0.980564 0.0339551 0.192673 61.724 -0.032074 0.999277 -0.0128738 -3.89029 -0.192996 0.00644408 0.981066 117.798 0 0 0 1 
0.980264 0.0394983 0.193147 61.8717 -0.0370698 0.999057 -0.0161705 -3.90316 -0.193629 0.00869188 0.980925 118.627 0 0 0 1 
0.979706 0.0483268 0.193974 62.0178 -0.0457321 0.998672 -0.0178322 -3.918 -0.194603 0.00860002 0.980734 119.462 0 0 0 1 
0.978793 0.0543226 0.196976 62.1628 -0.0519233 0.998378 -0.0173255 -3.94003 -0.197623 0.00673064 0.980145 120.299 0 0 0 1 
0.978036 0.0568253 0.200006 62.315 -0.0548651 0.998252 -0.0153317 -3.96751 -0.200554 0.00402147 0.979564 121.143 0 0 0 1 
0.977474 0.0574061 0.202563 62.4773 -0.0552617 0.998215 -0.0162276 -3.98868 -0.203159 0.00466802 0.979023 121.989 0 0 0 1 
0.977154 0.0559379 0.204498 62.643 -0.0531662 0.998277 -0.0190242 -4.00595 -0.205236 0.00771761 0.978567 122.829 0 0 0 1 
0.977246 0.0496196 0.205681 62.8222 -0.0469972 0.998612 -0.0176162 -4.03308 -0.206297 0.00754933 0.978345 123.673 0 0 0 1 
0.9775 0.0429877 0.205972 63.003 -0.0399007 0.998894 -0.0191172 -4.05817 -0.206593 0.0104694 0.978256 124.509 0 0 0 1 
0.977222 0.0424012 0.207286 63.1768 -0.0393033 0.998894 -0.0190396 -4.08695 -0.207897 0.0104599 0.977954 125.352 0 0 0 1 
0.976757 0.0450991 0.208912 63.3489 -0.0426582 0.998809 -0.0161745 -4.11593 -0.209425 0.0068872 0.977661 126.206 0 0 0 1 
0.976362 0.0473554 0.210245 63.5149 -0.0461826 0.998727 -0.0104854 -4.14704 -0.210507 0.000527372 0.977452 127.05 0 0 0 1 
0.975937 0.0509756 0.211372 63.6809 -0.0507901 0.998538 -0.00630863 -4.17775 -0.211418 -0.00458004 0.977245 127.883 0 0 0 1 
0.975755 0.0502744 0.212388 63.8522 -0.0486682 0.998585 -0.012785 -4.19064 -0.212763 0.00213825 0.976964 128.714 0 0 0 1 
0.976071 0.0459356 0.211916 64.0322 -0.0411105 0.998637 -0.0271173 -4.1937 -0.212905 0.0177585 0.976773 129.527 0 0 0 1 
0.976371 0.0436804 0.211007 64.2137 -0.0368844 0.998519 -0.0360333 -4.20718 -0.212301 0.0274025 0.97668 130.339 0 0 0 1 
0.976578 0.0410765 0.210554 64.3865 -0.0361895 0.998827 -0.0270086 -4.24727 -0.211449 0.0187585 0.977066 131.162 0 0 0 1 
0.976957 0.0350536 0.209878 64.5635 -0.0345269 0.99923 -0.00617346 -4.31143 -0.209966 -0.00121594 0.977564 132 0 0 0 1 
0.977201 0.0319986 0.209239 64.7389 -0.0346317 0.999207 0.00892994 -4.36404 -0.20882 -0.0159755 0.977681 132.833 0 0 0 1 
0.977199 0.0365856 0.208486 64.9024 -0.0381041 0.999114 0.0032701 -4.37074 -0.208215 -0.0111419 0.977876 133.652 0 0 0 1 
0.977299 0.0446477 0.206434 65.0604 -0.042924 0.998841 -0.0128213 -4.35553 -0.2068 0.00366929 0.978232 134.452 0 0 0 1 
0.977575 0.0446791 0.205111 65.2277 -0.041302 0.998775 -0.0207156 -4.35584 -0.205818 0.0117809 0.978372 135.271 0 0 0 1 
0.978199 0.0405797 0.202964 65.3996 -0.0370026 0.998928 -0.0213861 -4.38217 -0.203648 0.0134112 0.978803 136.079 0 0 0 1 
0.978774 0.0403504 0.200235 65.5658 -0.0371449 0.998959 -0.0197383 -4.41707 -0.200856 0.0118829 0.979403 136.897 0 0 0 1 
0.979555 0.0398461 0.196473 65.7286 -0.0364053 0.998957 -0.0210917 -4.4367 -0.19714 0.0135094 0.980135 137.712 0 0 0 1 
0.980467 0.0409261 0.191634 65.8868 -0.0372575 0.998888 -0.0227061 -4.46012 -0.192382 0.0151245 0.981055 138.519 0 0 0 1 
0.980807 0.0460658 0.188715 66.0314 -0.0425523 0.99868 -0.0226256 -4.49219 -0.189539 0.0141628 0.981624 139.33 0 0 0 1 
0.980908 0.0521767 0.186601 66.1703 -0.048743 0.998393 -0.0229413 -4.51662 -0.187528 0.0134093 0.982024 140.133 0 0 0 1 
0.981178 0.0536373 0.184754 66.3144 -0.0506186 0.998341 -0.0210166 -4.54769 -0.185605 0.0112702 0.982416 140.936 0 0 0 1 
0.9815 0.0516582 0.183591 66.4612 -0.0495348 0.998483 -0.0161333 -4.58251 -0.184176 0.00674125 0.982723 141.74 0 0 0 1 
0.981853 0.0502431 0.182085 66.6055 -0.0481057 0.998553 -0.0161359 -4.60798 -0.182662 0.00708433 0.983003 142.534 0 0 0 1 
0.982448 0.0485719 0.179303 66.7534 -0.0458982 0.998604 -0.0190291 -4.63031 -0.180007 0.0104665 0.983461 143.331 0 0 0 1 
0.983579 0.0438019 0.174255 66.9044 -0.0404518 0.998761 -0.0227286 -4.6505 -0.175064 0.0153083 0.984289 144.121 0 0 0 1 
0.984862 0.0409458 0.16758 67.0509 -0.037494 0.998854 -0.023708 -4.67247 -0.168387 0.017068 0.985425 144.908 0 0 0 1 
0.98601 0.0392013 0.161127 67.1876 -0.0367401 0.998998 -0.0182247 -4.70666 -0.161707 0.0120512 0.986618 145.703 0 0 0 1 
0.987068 0.0366909 0.155121 67.317 -0.0356072 0.999157 -0.00975835 -4.7431 -0.155375 0.00410881 0.987699 146.496 0 0 0 1 
0.987732 0.033826 0.151513 67.4415 -0.0341703 0.999257 -0.00033171 -4.77582 -0.151437 -0.00485093 0.988309 147.308 0 0 0 1 
0.988103 0.0405068 0.147413 67.5509 -0.0413051 0.998986 0.00235698 -4.79422 -0.147193 -0.00841973 0.988928 148.102 0 0 0 1 
0.98869 0.0433449 0.142561 67.6596 -0.0434781 0.998894 -0.0021796 -4.80127 -0.142522 -0.00404461 0.989635 148.892 0 0 0 1 
0.98974 0.0438716 0.134973 67.7731 -0.0425982 0.998859 -0.0123078 -4.79924 -0.135382 0.00643224 0.990624 149.669 0 0 0 1 
0.990748 0.040626 0.128419 67.8847 -0.0386701 0.998936 -0.0176865 -4.80225 -0.129024 0.0125581 0.991412 150.466 0 0 0 1 
0.991617 0.0398694 0.121774 67.9878 -0.0381344 0.998976 -0.0165441 -4.82262 -0.122331 0.0117628 0.99227 151.271 0 0 0 1 
0.992218 0.0466424 0.11423 68.0755 -0.0454543 0.998722 -0.0129827 -4.85245 -0.114711 0.00768989 0.993219 152.089 0 0 0 1 
0.992845 0.0520871 0.106145 68.1559 -0.0508525 0.998444 -0.014303 -4.87249 -0.106744 0.00880362 0.994097 152.903 0 0 0 1 
0.993749 0.0547372 0.0958533 68.2391 -0.0530614 0.998233 -0.0199426 -4.88408 -0.0967937 0.0147334 0.995046 153.707 0 0 0 1 
0.994615 0.0533081 0.0872841 68.3188 -0.0515591 0.998264 -0.0221678 -4.90081 -0.0883313 0.0175502 0.995786 154.523 0 0 0 1 
0.995287 0.0534266 0.0791893 68.3889 -0.052061 0.9983 -0.0192054 -4.92718 -0.0800964 0.0149938 0.996525 155.343 0 0 0 1 
0.99571 0.0562774 0.0715514 68.4452 -0.0555583 0.998225 -0.0119963 -4.96138 -0.0721139 0.00797007 0.997216 156.169 0 0 0 1 
0.996046 0.0598053 0.0635341 68.4945 -0.0595358 0.998048 -0.00612208 -4.98896 -0.0637895 0.00231499 0.997811 156.993 0 0 0 1 
0.996546 0.0588761 0.0560962 68.5431 -0.0588194 0.998104 -0.00265532 -5.00959 -0.0561584 -0.000654168 0.998269 157.815 0 0 0 1 
0.996817 0.0598152 0.0499385 68.5846 -0.0598658 0.998045 -0.000473825 -5.02549 -0.0498804 -0.00251834 0.9986 158.638 0 0 0 1 
0.997068 0.0589931 0.0457084 68.621 -0.0589556 0.998096 -0.0021592 -5.03729 -0.0457594 -0.000542646 0.998799 159.462 0 0 0 1 
0.99697 0.0638741 0.0410261 68.6471 -0.0636166 0.997783 -0.00753716 -5.04336 -0.0414266 0.00490444 0.998975 160.278 0 0 0 1 
0.996731 0.0697573 0.0370879 68.6664 -0.0692746 0.997335 -0.0141274 -5.04905 -0.037984 0.011513 0.999059 161.091 0 0 0 1 
0.996749 0.0710378 0.034027 68.6873 -0.0705125 0.997214 -0.0163752 -5.06071 -0.0351045 0.0139241 0.999133 161.91 0 0 0 1 
0.996715 0.0728293 0.0310853 68.7083 -0.0725413 0.997149 -0.0102692 -5.08711 -0.0317531 0.00798103 0.99931 162.737 0 0 0 1 
0.99659 0.0751852 0.0294105 68.7214 -0.0752226 0.997002 0.000192543 -5.11784 -0.0293161 -0.00240533 0.999411 163.57 0 0 0 1 
0.996562 0.0766246 0.0263357 68.7371 -0.0768469 0.996846 0.00756334 -5.14418 -0.0256809 -0.00956341 0.999464 164.402 0 0 0 1 
0.996941 0.0732313 0.0211677 68.7592 -0.0733412 0.997129 0.00449836 -5.15147 -0.0207845 -0.00603876 0.999605 165.214 0 0 0 1 
0.997885 0.0608673 0.0150442 68.7898 -0.060793 0.99797 -0.00531275 -5.14667 -0.0153432 0.00438691 0.999715 166.026 0 0 0 1 
0.998105 0.0585461 0.00772297 68.8095 -0.0584687 0.998072 -0.00983667 -5.14527 -0.00828906 0.00936726 0.999762 166.839 0 0 0 1 
0.997901 0.0623924 0.000970077 68.8076 -0.0623817 0.997848 -0.00837993 -5.16047 -0.00149484 0.00830243 0.999804 167.669 0 0 0 1 
0.997996 0.0604845 -0.00651852 68.8068 -0.0604975 0.997996 -0.00189631 -5.18685 0.00638801 0.00228653 0.999815 168.506 0 0 0 1 
0.998223 0.0552221 -0.0140162 68.809 -0.0552024 0.998301 0.00176624 -5.20433 0.0140884 -0.00099022 0.999737 169.333 0 0 0 1 
0.998568 0.046593 -0.0196757 68.8044 -0.0464833 0.99873 0.0059867 -5.21584 0.0199291 -0.005065 0.999625 170.166 0 0 0 1 
0.998606 0.0424889 -0.0260123 68.7938 -0.0423438 0.998913 0.00609883 -5.22631 0.0262436 -0.0049903 0.99948 170.996 0 0 0 1 
0.998548 0.0392718 -0.0324761 68.7736 -0.0393122 0.999055 -0.000608716 -5.22871 0.032423 0.00188422 0.999309 171.823 0 0 0 1 
0.998586 0.0300901 -0.0402135 68.7581 -0.0305403 0.999306 -0.0106225 -5.2225 0.0398685 0.011837 0.998973 172.648 0 0 0 1 
0.998544 0.0199003 -0.0470072 68.7438 -0.0206074 0.999509 -0.0145969 -5.22698 0.0466973 0.0155463 0.998625 173.48 0 0 0 1 
0.998132 0.023912 -0.0534393 68.7037 -0.0243244 0.999507 -0.00707596 -5.25295 0.0532485 0.00836339 0.998384 174.316 0 0 0 1 
0.997538 0.0349348 -0.0581964 68.6411 -0.0346317 0.999205 0.00620788 -5.28582 0.0583729 -0.00417848 0.99812 175.162 0 0 0 1 
