1 -0 0 -0 -0 1 -0 0 0 -0 1 -0 -0 0 -0 1 
0.999997 0.000747513 0.00164822 -0.00610731 -0.000746036 0.999998 -0.000894043 -0.0208781 -0.00164889 0.000892814 0.999997 1.20777 0 0 -0 1 
0.999993 0.00113229 0.00302922 -0.0104083 -0.00113122 0.999998 -0.000353226 -0.0424811 -0.00302962 0.0003498 0.999995 2.41403 0 0 0 1 
0.999993 0.000539227 0.00399526 -0.011787 -0.000539412 1 4.63315e-05 -0.0644519 -0.00399524 -4.84789e-05 0.999994 3.62045 0 0 0 1 
0.99999 0.000266477 0.00477916 -0.0130794 -0.000267114 1 0.000133338 -0.0854744 -0.00477913 -0.000134607 0.999991 4.82129 0 0 0 1 
0.999987 -5.78448e-05 0.00563824 -0.0131454 5.65361e-05 1 0.000233009 -0.106656 -0.00563826 -0.00023268 0.999987 6.02104 0 0 0 1 
0.999982 0.000293325 0.00636493 -0.012821 -0.000289059 1 -0.000670321 -0.128736 -0.00636513 0.000668472 0.999983 7.21957 0 0 0 1 
0.999978 -4.86898e-05 0.00702804 -0.0109683 5.56648e-05 1 -0.000991616 -0.150605 -0.00702799 0.000991987 0.999979 8.41694 0 0 0 1 
0.999978 -0.00052161 0.00708911 -0.00891569 0.000517556 1 0.000568977 -0.172525 -0.00708941 -0.000565301 0.999979 9.61579 0 0 0 1 
0.999988 -0.00119522 0.00575057 -0.00796669 0.00118652 1 0.00150916 -0.193783 -0.00575236 -0.00150232 0.999988 10.8119 0 0 0 1.00001 
0.999997 -0.00225783 0.00331757 -0.00918943 0.00225424 1 0.00107372 -0.214672 -0.00331998 -0.00106624 1 12.0054 0 0 0 1.00001 
1 -0.00194964 0.0011889 -0.0153932 0.00194884 1 0.000639092 -0.235068 -0.00119014 -0.000636779 1.00001 13.205 0 0 0 1.00001 
1 -0.0016715 -0.000115107 -0.0233201 0.00167149 1.00001 0.0005159 -0.256033 0.000114265 -0.000516167 1.00001 14.3997 0 0 0 1.00001 
1.00001 -0.000148896 -0.00101594 -0.0334692 0.000149238 1.00001 0.000419417 -0.277508 0.0010159 -0.000419644 1.00001 15.5978 0 0 0 1.00001 
1.00001 -0.000498057 -0.00158127 -0.0426769 0.000498789 1.00002 0.000514942 -0.29836 0.00158104 -0.000515805 1.00001 16.7975 0 0 0 1.00001 
1.00001 -0.00105591 -0.00213195 -0.0520748 0.00105795 1.00002 0.000989678 -0.318707 0.00213092 -0.000992002 1.00001 17.9938 0 0 0 1.00001 
1 -0.00146441 -0.00263168 -0.063015 0.00146753 1.00002 0.00121208 -0.339506 0.00262992 -0.00121601 1.00001 19.1967 0 0 0 1.00001 
1.00001 -0.00117949 -0.00333748 -0.0748178 0.00118033 1.00002 0.00027138 -0.36045 0.00333718 -0.000275387 1.00001 20.3977 0 0 0 1.00001 
1 -0.00150796 -0.00391513 -0.0869249 0.00150562 1.00002 -0.000582085 -0.380463 0.00391603 0.00057611 1.00001 21.5968 0 0 0 1.00001 
0.999983 -0.000746511 -0.00472084 -0.101236 0.000746351 0.999995 -2.43274e-05 -0.401528 0.0047209 2.07345e-05 0.999978 22.8012 0 0 0 1.00001 
0.999974 -0.00086392 -0.0055605 -0.114426 0.00086308 0.999991 -0.000143795 -0.423995 0.00556067 0.000138921 0.999968 24.0073 0 0 0 1.00001 
0.999969 -0.000991696 -0.00650794 -0.128488 0.000986349 0.999991 -0.00081656 -0.446235 0.00650878 0.000810048 0.999963 25.2102 0 0 0 1.00001 
0.999962 -0.000635682 -0.00743127 -0.144564 0.000634708 0.99999 -0.000126147 -0.467304 0.00743138 0.000121356 0.999956 26.4173 0 0 0 1.00001 
0.999954 -0.00202979 -0.00826863 -0.159422 0.00204352 0.999988 0.00165771 -0.488631 0.00826526 -0.0016746 0.999949 27.6225 0 0 0 1.00001 
0.999946 -0.00239586 -0.00918969 -0.176415 0.002412 0.999987 0.0017517 -0.508536 0.00918547 -0.00177384 0.999941 28.8213 0 0 0 1.00001 
0.999935 -0.00317666 -0.0100616 -0.193481 0.00318604 0.999986 0.000920844 -0.528423 0.0100587 -0.000952909 0.999933 30.0242 0 0 0 1.00001 
0.999921 -0.0037799 -0.0111819 -0.210811 0.00377923 0.999984 -7.66112e-05 -0.549099 0.0111822 3.42823e-05 0.999922 31.2253 0 0 0 1.00002 
0.99989 -0.00332277 -0.0120439 -0.231711 0.0033224 1 -1.91852e-05 -0.570179 0.0120435 -2.10632e-05 0.999924 32.4252 0 0 0 1.00002 
0.999881 -0.00400762 -0.0127485 -0.253529 0.00401433 1 0.000529082 -0.591511 0.0127459 -0.000580439 0.999917 33.6269 0 0 0 1.00002 
0.99987 -0.00438927 -0.0134611 -0.275979 0.00440004 0.999999 0.000796702 -0.612203 0.0134571 -0.000856076 0.999907 34.8278 0 0 0 1.00002 
0.99986 -0.00493305 -0.0141246 -0.298405 0.00494282 0.999998 0.000680255 -0.63226 0.0141208 -0.00075022 0.9999 36.029 0 0 0 1.00002 
0.999853 -0.00517925 -0.0147871 -0.319646 0.00518911 1 0.000649832 -0.652043 0.0147832 -0.000726708 0.999894 37.2291 0 0 0 1.00002 
0.999844 -0.00607837 -0.0149863 -0.343424 0.0060968 0.999994 0.00120361 -0.671184 0.0149784 -0.00129504 0.99989 38.441 0 0 0 1.00002 
0.999835 -0.00586756 -0.0148712 -0.369902 0.0059048 0.999974 0.00247394 -0.690056 0.014856 -0.00256167 0.999886 39.6483 0 0 0 1.00002 
0.999837 -0.00542931 -0.0148206 -0.397226 0.00547827 0.999973 0.00327895 -0.708608 0.0148021 -0.00335997 0.999883 40.8555 0 0 0 1.00002 
0.999866 -0.00476963 -0.0147531 -0.425177 0.00481121 1.00001 0.0028008 -0.726616 0.0147392 -0.00287154 0.999905 42.0659 0 0 0 1.00002 
0.999875 -0.00379154 -0.014489 -0.454879 0.00383207 1.00001 0.00279035 -0.743658 0.0144779 -0.00284565 0.99991 43.2796 0 0 0 1.00002 
0.999868 -0.00118429 -0.0139021 -0.484485 0.00124804 1 0.00461192 -0.7605 0.0138959 -0.00462881 0.999903 44.4907 0 0 0 1.00002 
0.999891 -0.00117656 -0.0122923 -0.509509 0.00127041 0.999985 0.00766835 -0.775394 0.0122823 -0.00768336 0.999907 45.7047 0 0 0 1.00002 
0.999912 -0.000633239 -0.0104696 -0.533013 0.000742386 0.99996 0.0104723 -0.786683 0.0104617 -0.0104795 0.999902 46.9138 0 0 0 1.00002 
0.999929 -0.000243039 -0.00882162 -0.554382 0.000364046 0.999921 0.0137768 -0.793192 0.00881665 -0.0137794 0.999879 48.1287 0 0 0 1.00002 
0.999893 -0.000924754 -0.0074615 -0.572176 0.00103661 0.999856 0.0150659 -0.798599 0.00744587 -0.0150732 0.999825 49.342 0 0 0 1.00002 
0.999902 -0.00274102 -0.00587824 -0.58662 0.00281958 0.999878 0.0134657 -0.800217 0.00583985 -0.013482 0.999861 50.5544 0 0 0 1.00003 
0.99991 -0.00177829 -0.0047056 -0.602229 0.00183272 0.999902 0.0116833 -0.804071 0.00468352 -0.0116917 0.999889 51.7642 0 0 0 1.00003 
0.999916 -0.00138991 -0.00390224 -0.616192 0.00143294 0.999911 0.0111645 -0.809415 0.00388547 -0.0111699 0.999901 52.978 0 0 0 1.00003 
0.999912 -0.00178184 -0.00382547 -0.628344 0.0018219 0.999911 0.0106066 -0.816102 0.00380537 -0.0106135 0.999899 54.1881 0 0 0 1.00003 
0.999906 -0.00260483 -0.00464367 -0.640456 0.0026485 0.999919 0.00950759 -0.824788 0.00461773 -0.0095198 0.999906 55.3935 0 0 0 1.00003 
0.999898 -0.00230284 -0.00633309 -0.654817 0.00236491 0.999917 0.00987668 -0.832783 0.00630914 -0.00989148 0.999894 56.6049 0 0 0 1.00003 
0.99989 -0.00241662 -0.00773387 -0.671367 0.00250196 0.999906 0.0110962 -0.841956 0.00770574 -0.0111152 0.999872 57.8166 0 0 0 1.00003 
0.999882 -0.00250186 -0.00872907 -0.690414 0.00260058 0.999903 0.0113613 -0.850178 0.00869927 -0.0113836 0.999862 59.0282 0 0 0 1.00003 
0.999876 -0.00152789 -0.00958569 -0.710918 0.00163365 0.999909 0.0110823 -0.858363 0.00956741 -0.0110974 0.999857 60.2348 0 0 0 1.00003 
0.999871 -0.00118997 -0.0101599 -0.731599 0.00130042 0.999911 0.0109165 -0.866926 0.0101455 -0.0109292 0.999854 61.4426 0 0 0 1.00003 
0.999867 -0.00213016 -0.0103911 -0.750767 0.00223769 0.999916 0.0103875 -0.87648 0.0103676 -0.0104102 0.999857 62.6509 0 0 0 1.00003 
0.999861 -0.00325425 -0.0106453 -0.769769 0.00335394 0.999921 0.00939541 -0.88641 0.0106135 -0.00943059 0.999864 63.8593 0 0 0 1.00003 
0.999854 -0.00361162 -0.0110991 -0.788233 0.00372953 0.999906 0.0106539 -0.895755 0.0110592 -0.0106946 0.999845 65.0657 0 0 0 1.00003 
0.99985 -0.00387116 -0.0113992 -0.808363 0.00400988 0.999889 0.0122028 -0.906468 0.0113503 -0.0122476 0.999825 66.2745 0 0 0 1.00003 
0.999847 -0.00339607 -0.0116385 -0.830196 0.00351863 0.999906 0.0105589 -0.916208 0.0116012 -0.0105991 0.999838 67.4784 0 0 0 1.00003 
0.999851 -0.0017191 -0.0116677 -0.855052 0.00182751 0.999924 0.00932612 -0.923993 0.0116505 -0.00934685 0.999851 68.6792 0 0 0 1.00003 
0.999851 0.000429255 -0.0117149 -0.881118 -0.00031651 0.999922 0.00967187 -0.934721 0.0117178 -0.00966755 0.999847 69.8799 0 0 0 1.00003 
0.999852 0.00222582 -0.0115971 -0.906533 -0.00211234 0.999919 0.00984423 -0.945132 0.0116178 -0.0098191 0.999848 71.0741 0 0 0 1.00003 
0.99985 0.00376419 -0.0113593 -0.931089 -0.00364864 0.999911 0.0102394 -0.954239 0.0113965 -0.0101973 0.999847 72.2641 0 0 0 1.00003 
0.999858 0.00421648 -0.0104274 -0.952167 -0.00410002 0.999898 0.0112343 -0.964417 0.0104733 -0.0111909 0.999846 73.4586 0 0 0 1.00004 
0.99987 0.0059538 -0.00840052 -0.972882 -0.00585398 0.999883 0.0119538 -0.973039 0.00847016 -0.011904 0.999858 74.6433 0 0 0 1.00004 
0.999897 0.00443753 -0.00582979 -0.986818 -0.00438086 0.999913 0.00982446 -0.984945 0.00587215 -0.00979872 0.9999 75.829 0 0 0 1.00004 
0.999916 0.00162157 -0.00336851 -0.994986 -0.00160615 0.999958 0.00475787 -0.996069 0.00337518 -0.00475251 0.999948 77.0097 0 0 0 1.00004 
0.99992 0.00259297 -0.000923851 -1.00378 -0.00258966 0.999959 0.00427474 -1.00838 0.000933822 -0.00427243 0.999956 78.1887 0 0 0 1.00004 
0.999916 0.00166349 0.00189825 -1.00725 -0.00167891 0.999935 0.00782398 -1.02438 -0.0018864 -0.00782722 0.999929 79.3691 0 0 0 1.00004 
0.999925 0.00213546 0.00527859 -1.00918 -0.00218426 0.999946 0.00910896 -1.03751 -0.00526029 -0.00912037 0.99993 80.546 0 0 0 1.00004 
0.999895 0.00244201 0.00945326 -1.00784 -0.00251142 0.999962 0.00725286 -1.04864 -0.00943684 -0.0072763 0.999915 81.7186 0 0 0 1.00004 
0.999857 0.00169187 0.0129184 -1.00007 -0.00174794 0.999981 0.00427177 -1.06478 -0.0129127 -0.00429405 0.999894 82.8848 0 0 0 1.00004 
0.999801 0.000371959 0.0162953 -0.986652 -0.000386899 1.00001 0.000875611 -1.08315 -0.0162967 -0.000881861 0.999867 84.0456 0 0 0 1.00006 
0.999747 -0.000219215 0.019641 -0.969081 0.000219846 1.00001 -5.93179e-05 -1.10417 -0.019643 6.35597e-05 0.999815 85.2066 0 0 0 1.00007 
0.999669 -0.00042602 0.0233511 -0.950994 0.000384319 1.00001 0.00176609 -1.12636 -0.023354 -0.00175669 0.999735 86.3729 0 0 0 1.00007 
0.999574 0.000621167 0.0270851 -0.928597 -0.000682645 1.00001 0.00223687 -1.14764 -0.0270861 -0.00225459 0.999639 87.5289 0 0 0 1.00007 
0.999468 0.000252406 0.0307441 -0.90114 -0.000256142 1.00001 9.76499e-05 -1.16829 -0.0307467 -0.000105538 0.999536 88.6849 0 0 0 1.00007 
0.999375 0.000124405 0.034055 -0.869111 -4.98019e-05 1.00003 -0.0022091 -1.18975 -0.0340577 0.00220604 0.999451 89.8384 0 0 0 1.0001 
0.999262 0.000160219 0.0371539 -0.83275 -6.61236e-05 1.00003 -0.00254994 -1.21158 -0.037157 0.00254564 0.999336 90.9971 0 0 0 1.0001 
0.999149 -0.00129478 0.0400087 -0.791986 0.00134874 1.00003 -0.00133409 -1.23422 -0.04001 0.0013869 0.999227 92.1582 0 0 0 1.0001 
0.999039 -0.00198954 0.0426961 -0.747543 0.00198543 1.00003 0.000128639 -1.25457 -0.0426995 -4.38316e-05 0.999119 93.318 0 0 0 1.0001 
0.998923 -0.00275629 0.0452729 -0.698913 0.00267245 1.00003 0.00190388 -1.27339 -0.0452814 -0.00178101 0.999003 94.4851 0 0 0 1.0001 
0.998804 -0.00432058 0.0476598 -0.648412 0.00418662 1.00002 0.0029046 -1.29196 -0.0476754 -0.00270181 0.998888 95.6424 0 0 0 1.0001 
0.998693 -0.00541341 0.0498825 -0.595789 0.00539046 1.00001 0.000591261 -1.31067 -0.0498888 -0.000321619 0.998786 96.8051 0 0 0 1.0001 
0.998565 -0.00680509 0.0520552 -0.539176 0.00696899 1.00002 -0.00297332 -1.3301 -0.0520378 0.00333185 0.998652 97.9693 0 0 0 1.0001 
0.998461 -0.00611244 0.0540506 -0.482255 0.00643405 1.00001 -0.0057848 -1.35207 -0.0540177 0.00612376 0.998532 99.1349 0 0 0 1.0001 
0.998377 -0.00604473 0.055608 -0.422027 0.00642525 1 -0.00667321 -1.37607 -0.0555698 0.00701979 0.998442 100.312 0 0 0 1.0001 
0.998366 -0.00594584 0.0558506 -0.360429 0.00629501 0.999989 -0.00608232 -1.40062 -0.0558169 0.00642389 0.998434 101.499 0 0 0 1.0001 
0.998412 -0.00575597 0.0550048 -0.298227 0.00599983 0.999998 -0.00427412 -1.42481 -0.0549833 0.00459721 0.998488 102.703 0 0 0 1.0001 
0.998492 -0.00642297 0.0535055 -0.235077 0.00658531 1 -0.00286223 -1.4473 -0.0534902 0.00321005 0.998576 103.911 0 0 0 1.0001 
0.998604 -0.00600182 0.0514019 -0.176668 0.0061114 1.00001 -0.00197977 -1.46891 -0.0513933 0.0022909 0.998688 105.126 0 0 0 1.0001 
0.998739 -0.00573092 0.0487836 -0.122572 0.00581174 1.00001 -0.00152068 -1.48933 -0.0487782 0.00180201 0.998822 106.34 0 0 0 1.0001 
0.998893 -0.00520456 0.0456045 -0.0730027 0.00528204 1.00001 -0.00158539 -1.50969 -0.0455995 0.00182425 0.998974 107.556 0 0 0 1.0001 
0.99907 -0.00382587 0.0417368 -0.030312 0.00391401 1.00002 -0.00204067 -1.53054 -0.0417323 0.00220187 0.999144 108.767 0 0 0 1.0001 
0.999232 -0.00372023 0.0376998 0.00961751 0.00378393 1.00002 -0.00163003 -1.55155 -0.0376968 0.00177115 0.999306 109.982 0 0 0 1.0001 
0.99938 -0.00323747 0.0336006 0.0451717 0.00325985 1.00003 -0.000625485 -1.57258 -0.0336015 0.000734314 0.999453 111.203 0 0 0 1.00011 
0.999542 -0.00298843 0.0292833 0.0749484 0.00298301 1.00005 0.000211789 -1.5933 -0.0292866 -0.000124684 0.999614 112.421 0 0 0 1.00011 
0.999665 -0.00303622 0.0247542 0.0993483 0.00301748 1.00005 0.000774165 -1.61317 -0.024759 -0.000699559 0.999736 113.649 0 0 0 1.00011 
0.999776 -0.0024666 0.0199024 0.117286 0.00244951 1.00005 0.000855911 -1.63265 -0.0199067 -0.000807318 0.999845 114.879 0 0 0 1.00011 
0.999869 -0.00167572 0.0148379 0.128595 0.00166461 1.00006 0.00072101 -1.65157 -0.014841 -0.000696563 0.999937 116.106 0 0 0 1.00011 
0.999934 -0.00123615 0.00979514 0.135332 0.00123188 1.00006 0.000376646 -1.67115 -0.00979717 -0.000364899 1 117.341 0 0 0 1.00011 
0.999969 -0.000195817 0.00504991 0.134509 0.000196331 1.00006 -0.000244593 -1.69129 -0.00505111 0.000245233 1.00004 118.573 0 0 0 1.00011 
0.999979 0.00175669 0.00148143 0.12691 -0.0017572 1.00006 -0.000254045 -1.71163 -0.00148288 0.000251091 1.00005 119.811 0 0 0 1.00011 
0.999973 0.00373154 -0.000666105 0.117099 -0.00373269 1.00005 -0.000158006 -1.73295 0.000664652 0.00016014 1.00005 121.045 0 0 0 1.00011 
0.999968 0.00481432 -0.00184691 0.106754 -0.00481634 1.00005 -0.000478909 -1.75318 0.0018438 0.000487441 1.00005 122.292 0 0 0 1.00011 
0.999953 0.00692512 -0.00298951 0.0930485 -0.00692722 1.00004 -0.000255142 -1.77379 0.00298697 0.000275488 1.00004 123.539 0 0 0 1.00011 
0.999943 0.00813092 -0.00401715 0.0785503 -0.00813007 1.00003 0.000574892 -1.79345 0.00402105 -0.000542553 1.00004 124.788 0 0 0 1.00011 
0.999943 0.00792476 -0.00474386 0.065448 -0.00792162 1.00004 0.000970189 -1.81392 0.00475081 -0.000932907 1.00004 126.041 0 0 0 1.00011 
0.999903 0.0117096 -0.00571288 0.0457935 -0.0116945 0.999996 0.00297203 -1.83031 0.00574675 -0.00290529 1.00003 127.293 0 0 0 1.00012 
0.999888 0.0127286 -0.00640192 0.0270209 -0.0126907 0.999971 0.00619926 -1.8456 0.00647971 -0.00611766 1.00002 128.549 0 0 0 1.00012 
0.999898 0.0115004 -0.00706392 0.0114265 -0.0114615 0.999988 0.00576007 -1.85874 0.00712915 -0.00567885 1.00001 129.804 0 0 0 1.00012 
0.999894 0.0114418 -0.00765133 -0.00677968 -0.0114117 0.999997 0.00418428 -1.86991 0.00769825 -0.00409686 1.00002 131.065 0 0 0 1.00012 
0.999918 0.00854539 -0.00854951 -0.0216197 -0.00850274 1.00002 0.0051783 -1.8831 0.008593 -0.00510551 1.00001 132.325 0 0 0 1.00012 
0.999929 0.00644936 -0.00949786 -0.0383763 -0.00638389 1.00003 0.00704014 -1.89675 0.00954256 -0.00697929 0.999991 133.591 0 0 0 1.00012 
0.999943 0.00309808 -0.00980726 -0.0554118 -0.00301189 1.00003 0.00889104 -1.90829 0.00983412 -0.00886125 0.999975 134.867 0 0 0 1.00012 
0.999943 0.00127207 -0.0101847 -0.0734288 -0.00117151 1.00003 0.00995622 -1.91947 0.0101966 -0.00994396 0.999961 136.14 0 0 0 1.00012 
0.999938 -0.00287169 -0.0100589 -0.0889268 0.00295255 1.00004 0.00808408 -1.92879 0.0100351 -0.00811357 0.999976 137.416 0 0 0 1.00012 
0.99993 -0.0053824 -0.0100594 -0.105337 0.00545361 1.00004 0.00709525 -1.93894 0.0100205 -0.00714988 0.999986 138.687 0 0 0 1.00012 
0.999924 -0.0067796 -0.00993842 -0.121971 0.00684691 1.00003 0.00677409 -1.95112 0.00989178 -0.00684189 0.999991 139.964 0 0 0 1.00012 
0.999928 -0.00701952 -0.00956268 -0.140908 0.00708776 1.00003 0.00713942 -1.9628 0.00951181 -0.00720693 0.999994 141.246 0 0 0 1.00012 
0.999936 -0.00647562 -0.00903237 -0.159404 0.00655753 1.00002 0.00909277 -1.9743 0.00897261 -0.00915164 0.999983 142.525 0 0 0 1.00012 
0.999952 -0.00420164 -0.00835869 -0.180051 0.00429008 1.00001 0.0106394 -1.98627 0.00831307 -0.010675 0.999971 143.809 0 0 0 1.00012 
0.999956 -0.0043352 -0.00779206 -0.198295 0.00440451 1.00003 0.00895006 -1.99829 0.00775247 -0.00898423 0.999993 145.087 0 0 0 1.00012 
0.99996 -0.00380737 -0.00738243 -0.216004 0.00385921 1.00004 0.00707824 -2.00947 0.00735482 -0.00710671 1.00001 146.368 0 0 0 1.00012 
0.999962 -0.00391409 -0.0069255 -0.232371 0.00394594 1.00006 0.00465239 -2.02596 0.0069067 -0.00467983 1.00003 147.647 0 0 0 1.00012 
0.999959 -0.00508562 -0.0066084 -0.247206 0.00508919 1.00006 0.000571577 -2.04528 0.00660493 -0.000605496 1.00004 148.92 0 0 0 1.00012 
0.999963 -0.00512835 -0.00622397 -0.263405 0.00511005 1.00006 -0.00290191 -2.06838 0.00623824 0.00286966 1.00004 150.199 0 0 0 1.00012 
0.999963 -0.00531797 -0.00602842 -0.279495 0.0052947 1.00005 -0.00381951 -2.09494 0.00604809 0.00378711 1.00004 151.479 0 0 0 1.00012 
0.999962 -0.0055295 -0.0061902 -0.29413 0.0055075 1.00005 -0.00351902 -2.12323 0.00620902 0.00348445 1.00004 152.753 0 0 0 1.00012 
0.999981 -0.00488263 -0.00642277 -0.309169 0.00486286 1.00008 -0.00303743 -2.15041 0.00643697 0.00300572 1.00006 154.028 0 0 0 1.00015 
0.999984 -0.00410566 -0.00663514 -0.326037 0.00409214 1.00008 -0.001989 -2.17725 0.00664273 0.00196141 1.00006 155.304 0 0 0 1.00015 
0.999984 -0.00367216 -0.00702983 -0.343675 0.00366159 1.00009 -0.00145434 -2.20289 0.00703463 0.00142819 1.00006 156.577 0 0 0 1.00015 
1 -0.00344102 -0.00755163 -0.362144 0.00342682 1.00011 -0.0018334 -2.228 0.00755744 0.00180709 1.00008 157.848 0 0 0 1.00015 
0.999999 -0.00306515 -0.00830496 -0.380504 0.00305147 1.00011 -0.00160153 -2.25223 0.00830944 0.00157575 1.00008 159.122 0 0 0 1.00015 
0.999992 -0.00356035 -0.00902834 -0.398943 0.00355629 1.00011 -0.000416473 -2.27659 0.00902943 0.000383984 1.00007 160.397 0 0 0 1.00015 
0.999989 -0.00266037 -0.00966765 -0.420101 0.00265892 1.00012 -0.000109351 -2.3006 0.00966762 8.32817e-05 1.00007 161.665 0 0 0 1.00015 
0.999984 -0.00223717 -0.0103346 -0.442161 0.00222563 1.00012 -0.00107518 -2.32426 0.0103368 0.00105176 1.00006 162.938 0 0 0 1.00015 
0.999974 -0.0019189 -0.01121 -0.463776 0.00189225 1.00012 -0.00233669 -2.34816 0.0112143 0.00231495 1.00005 164.211 0 0 0 1.00015 
0.99997 -0.0011676 -0.0119066 -0.488291 0.00113913 1.00012 -0.0023445 -2.37267 0.0119091 0.0023304 1.00004 165.477 0 0 0 1.00015 
0.999962 -0.00163294 -0.0125806 -0.512203 0.0015915 1.00012 -0.00325622 -2.39943 0.0125858 0.00323556 1.00003 166.749 0 0 0 1.00015 
0.999952 -0.00118397 -0.0133627 -0.538932 0.00112624 1.00011 -0.00427988 -2.42576 0.0133676 0.00426406 1.00002 168.028 0 0 0 1.00015 
0.999944 -0.000929056 -0.0140254 -0.566221 0.000872355 1.00011 -0.00400206 -2.45213 0.0140291 0.00398904 1.00001 169.302 0 0 0 1.00015 
0.999934 -0.000648469 -0.0147655 -0.594592 0.000607869 1.00012 -0.00270851 -2.47787 0.0147673 0.00269887 1.00001 170.588 0 0 0 1.00018 
0.999945 -0.000700756 -0.0155268 -0.623233 0.000663396 1.00014 -0.00236819 -2.50292 0.0155286 0.00235723 1.00002 171.868 0 0 0 1.0002 
0.999935 -0.000304002 -0.0162536 -0.653518 0.000269852 1.00014 -0.00206019 -2.52735 0.0162544 0.00205516 1.00001 173.141 0 0 0 1.0002 
0.999921 2.93712e-05 -0.0170741 -0.68179 -6.01113e-05 1.00015 -0.00175732 -2.55287 0.0170743 0.00175772 0.999995 174.416 0 0 0 1.0002 
0.999913 0.000236648 -0.0177306 -0.712067 -0.000283234 1.00015 -0.00258318 -2.57905 0.0177302 0.00258742 0.999985 175.696 0 0 0 1.0002 
0.999902 0.00120929 -0.018365 -0.743595 -0.00126697 1.00015 -0.00308499 -2.60425 0.0183615 0.00310737 0.999972 176.968 0 0 0 1.0002 
0.999895 0.00129538 -0.0187934 -0.775235 -0.00134759 1.00015 -0.002722 -2.63057 0.0187902 0.00274647 0.999967 178.242 0 0 0 1.00021 
0.999892 0.00108258 -0.0190927 -0.808025 -0.00115668 1.00015 -0.00382815 -2.65808 0.0190889 0.00384916 0.99996 179.515 0 0 0 1.00021 
0.999888 -0.000387172 -0.0192563 -0.838776 0.000282589 1.00014 -0.0053979 -2.68559 0.0192586 0.00539108 0.999948 180.783 0 0 0 1.00021 
0.999876 -0.00354174 -0.0195024 -0.866814 0.00343902 1.00013 -0.00527573 -2.71426 0.0195211 0.00520725 0.999944 182.049 0 0 0 1.00021 
0.99987 -0.00323146 -0.0198711 -0.898974 0.00319985 1.00015 -0.00159906 -2.74029 0.0198766 0.00153479 0.999949 183.319 0 0 0 1.00021 
0.999867 -0.00405281 -0.0199585 -0.930428 0.00410658 1.00014 0.00267409 -2.76528 0.0199479 -0.00275583 0.999947 184.587 0 0 0 1.00021 
0.99987 -0.00289179 -0.0200298 -0.963783 0.00293166 1.00015 0.00198566 -2.78543 0.0200245 -0.00204432 0.999947 185.846 0 0 0 1.00021 
0.999877 -0.00132062 -0.0198667 -0.998785 0.00129687 1.00015 -0.00117717 -2.80591 0.0198687 0.00115081 0.999953 187.092 0 0 0 1.00021 
0.999872 -0.00107606 -0.0201696 -1.03115 0.00101288 1.00015 -0.0031109 -2.82962 0.0201733 0.00308947 0.999943 188.337 0 0 0 1.00021 
0.999871 -0.00134264 -0.0203033 -1.06393 0.00128428 1.00015 -0.00285723 -2.85602 0.0203075 0.0028302 0.999944 189.585 0 0 0 1.00021 
0.99987 -0.00153864 -0.0203032 -1.09605 0.00150444 1.00014 -0.00167044 -2.88307 0.0203062 0.00163912 0.999946 190.834 0 0 0 1.00021 
0.999875 -0.00131282 -0.020168 -1.12993 0.00132154 1.00015 0.000449434 -2.90865 0.0201679 -0.00047644 0.999951 192.081 0 0 0 1.00021 
0.999886 -0.00197837 -0.0195309 -1.16189 0.00200349 1.00015 0.00129528 -2.93316 0.0195287 -0.00133461 0.999963 193.326 0 0 0 1.00021 
0.999914 -0.00196319 -0.0181012 -1.19416 0.00197578 1.00015 0.000708441 -2.95693 0.0181 -0.000744531 0.999992 194.571 0 0 0 1.00021 
0.999936 -0.00307063 -0.0167316 -1.22072 0.00305783 1.00015 -0.000761677 -2.98101 0.0167341 0.000709973 1.00002 195.805 0 0 0 1.00021 
0.999953 -0.00336763 -0.0156519 -1.24563 0.00333272 1.00014 -0.00222674 -3.00669 0.0156594 0.00217387 1.00003 197.037 0 0 0 1.00021 
0.999971 -0.00412798 -0.0143524 -1.26855 0.00408817 1.00014 -0.00277438 -3.03313 0.0143637 0.00271498 1.00005 198.264 0 0 0 1.00021 
0.99999 -0.00386852 -0.0131656 -1.29171 0.00384138 1.00014 -0.00205396 -3.05935 0.0131733 0.00200277 1.00007 199.485 0 0 0 1.00021 
1 -0.00437043 -0.0119796 -1.3119 0.00436852 1.00015 -0.000153384 -3.0852 0.01198 0.000100606 1.00009 200.702 0 0 0 1.00021 
1.00002 -0.0033175 -0.0109165 -1.33493 0.00331998 1.00015 0.000251071 -3.11005 0.0109154 -0.000287735 1.0001 201.915 0 0 0 1.00021 
1.00003 -0.00354309 -0.00985491 -1.35516 0.00354564 1.00015 0.000287626 -3.13277 0.00985352 -0.00032299 1.00012 203.128 0 0 0 1.00021 
1.00004 -0.0031317 -0.00891232 -1.37391 0.00313492 1.00015 0.000400689 -3.15604 0.00891063 -0.00042905 1.00013 204.334 0 0 0 1.00021 
1.00005 -0.00326464 -0.00794047 -1.38992 0.00326934 1.00015 0.00063862 -3.18027 0.00793788 -0.000664998 1.00013 205.535 0 0 0 1.00021 
1.00006 -0.00294851 -0.0072367 -1.4057 0.00295175 1.00015 0.000504257 -3.20323 0.00723466 -0.000526044 1.00014 206.733 0 0 0 1.00021 
1.00006 -0.00315316 -0.00654491 -1.42017 0.00315689 1.00015 0.000632361 -3.22709 0.00654231 -0.000653448 1.00014 207.91 0 0 0 1.00021 
1.00006 -0.00421857 -0.00613526 -1.43304 0.00422224 1.00015 0.000651101 -3.25094 0.00613185 -0.000677428 1.00015 209.079 0 0 0 1.00021 
1.00006 -0.00438538 -0.00608128 -1.44676 0.00439387 1.00015 0.00144794 -3.27433 0.00607426 -0.00147506 1.00015 210.237 0 0 0 1.00021 
1.00006 -0.00486345 -0.00655539 -1.45995 0.00487951 1.00015 0.00249095 -3.2984 0.00654261 -0.0025233 1.00014 211.376 0 0 0 1.00021 
1.00005 -0.00469001 -0.00734438 -1.47361 0.00470791 1.00015 0.00247221 -3.32166 0.00733217 -0.00250714 1.00014 212.492 0 0 0 1.00022 
1.00005 -0.00434231 -0.00785226 -1.48828 0.00435379 1.00015 0.00149542 -3.34434 0.00784521 -0.00152999 1.00014 213.59 0 0 0 1.00022 
1.00005 -0.00421121 -0.008405 -1.50402 0.00421705 1.00015 0.000724827 -3.36687 0.00840144 -0.000760678 1.00013 214.677 0 0 0 1.00022 
1.00004 -0.00435646 -0.00915124 -1.51984 0.00436179 1.00015 0.000604533 -3.3895 0.00914814 -0.000644856 1.00013 215.752 0 0 0 1.00022 
1.00003 -0.00480808 -0.0104716 -1.53682 0.00481415 1.00015 0.00058792 -3.41221 0.0104683 -0.000638729 1.00012 216.813 0 0 0 1.00022 
1.00001 -0.00528836 -0.0121285 -1.55626 0.00530425 1.00015 0.00130527 -3.43324 0.0121212 -0.00136993 1.0001 217.87 0 0 0 1.00022 
0.999973 -0.00634257 -0.0142417 -1.57592 0.00638455 1.00014 0.00292195 -3.45318 0.0142228 -0.00301297 1.00007 218.914 0 0 0 1.00022 
0.999942 -0.00594432 -0.0164845 -1.59962 0.00602094 1.00014 0.00461993 -3.47334 0.0164568 -0.00471893 1.00003 219.945 0 0 0 1.00022 
0.9999 -0.00560468 -0.0189612 -1.62538 0.00569447 1.00014 0.00470084 -3.49291 0.0189347 -0.00480836 0.999981 220.961 0 0 0 1.00022 
0.999848 -0.00532579 -0.0217043 -1.6532 0.00541795 1.00014 0.0042046 -3.5103 0.021682 -0.0043216 0.999929 221.955 0 0 0 1.00022 
0.999785 -0.00522412 -0.0245693 -1.68358 0.00533174 1.00015 0.00433011 -3.5277 0.0245469 -0.00446019 0.999865 222.925 0 0 0 1.00022 
0.999709 -0.00475395 -0.0275126 -1.71662 0.00488856 1.00014 0.00484115 -3.54681 0.0274899 -0.00497422 0.999785 223.876 0 0 0 1.00022 
0.999624 -0.00445217 -0.0304845 -1.75216 0.00459208 1.00015 0.00453382 -3.56559 0.030465 -0.00467211 0.9997 224.802 0 0 0 1.00022 
0.999524 -0.00461737 -0.0336101 -1.78846 0.00475342 1.00015 0.00398026 -3.58296 0.0335926 -0.00413818 0.999603 225.703 0 0 0 1.00023 
0.999408 -0.00473493 -0.0369339 -1.82652 0.00486217 1.00015 0.00336589 -3.60102 0.0369191 -0.00354358 0.99949 226.582 0 0 0 1.00023 
0.999315 -0.00358568 -0.0400976 -1.86865 0.00371158 1.00017 0.00307596 -3.61861 0.0400885 -0.00322274 0.999381 227.441 0 0 0 1.00023 
0.999191 -0.00322956 -0.0431035 -1.91188 0.00333562 1.00017 0.0023987 -3.637 0.043098 -0.00254068 0.999258 228.278 0 0 0 1.00023 
0.99908 -0.00146857 -0.0455045 -1.95715 0.00157811 1.00017 0.00238278 -3.65425 0.0455035 -0.00245258 0.999144 229.094 0 0 0 1.00023 
0.999045 -0.000735354 -0.0463065 -2.00078 0.000868057 1.00017 0.00285806 -3.66991 0.0463069 -0.00289565 0.999107 229.895 0 0 0 1.00023 
0.999056 -0.000734177 -0.0460898 -2.0424 0.000908713 1.00017 0.00377853 -3.6855 0.0460894 -0.00381686 0.999115 230.676 0 0 0 1.00023 
0.999077 -0.000659571 -0.0456859 -2.0819 0.000866894 1.00017 0.00453116 -3.701 0.0456851 -0.00456651 0.999132 231.439 0 0 0 1.00023 
0.99909 -0.000798217 -0.0453992 -2.12023 0.000982536 1.00017 0.00405043 -3.7156 0.0453983 -0.00409133 0.999147 232.185 0 0 0 1.00023 
0.999103 -0.000283535 -0.0450971 -2.15785 0.000377838 1.00018 0.00209567 -3.72951 0.0450991 -0.00211104 0.999165 232.92 0 0 0 1.00023 
0.999141 -0.000393889 -0.0442819 -2.19364 0.000392453 1.00018 -2.82039e-05 -3.74389 0.0442846 1.03551e-05 0.999206 233.652 0 0 0 1.00023 
0.99919 -0.000413099 -0.043156 -2.22809 0.000352611 1.00018 -0.0013962 -3.75845 0.0431591 0.00137925 0.999255 234.38 0 0 0 1.00023 
0.999244 0.000105386 -0.0418389 -2.26225 -0.000185493 1.00018 -0.00189671 -3.77359 0.0418411 0.00190237 0.999308 235.105 0 0 0 1.00023 
0.999318 -0.000489719 -0.0401445 -2.29374 0.000406524 1.00018 -0.00206672 -3.78875 0.0401478 0.0020483 0.999381 235.83 0 0 0 1.00023 
0.999389 -0.000618715 -0.0383483 -2.32415 0.000537124 1.00018 -0.00212365 -3.80361 0.0383518 0.00210106 0.999452 236.549 0 0 0 1.00023 
0.999458 -0.000595366 -0.0365214 -2.35213 0.000511394 1.00018 -0.00229357 -3.81908 0.0365248 0.00227294 0.999521 237.264 0 0 0 1.00023 
0.99953 -0.000852305 -0.0345195 -2.3781 0.000762127 1.00018 -0.00261003 -3.83517 0.0345236 0.00258174 0.999591 237.978 0 0 0 1.00023 
0.999624 -0.000708996 -0.0317562 -2.40262 0.000638282 1.00019 -0.00221976 -3.84995 0.0317595 0.00219795 0.999687 238.687 0 0 0 1.00024 
0.999714 -0.00176633 -0.0287018 -2.42284 0.00172165 1.00018 -0.00156447 -3.8643 0.0287062 0.00151399 0.999779 239.393 0 0 0 1.00024 
0.99979 -0.00267636 -0.0259099 -2.44144 0.00264444 1.00019 -0.00124954 -3.8799 0.0259146 0.00118019 0.999858 240.094 0 0 0 1.00024 
0.999864 -0.00299618 -0.0229289 -2.45909 0.00297113 1.00019 -0.0011087 -3.8959 0.0229334 0.00103987 0.999932 240.791 0 0 0 1.00024 
0.999927 -0.00332849 -0.0200129 -2.47492 0.00329939 1.00019 -0.00146725 -3.91013 0.0200187 0.0014005 0.999996 241.484 0 0 0 1.00024 
0.99998 -0.00345555 -0.0170738 -2.48922 0.00342554 1.00018 -0.00176411 -3.9231 0.0170806 0.00170494 1.00005 242.176 0 0 0 1.00024 
1.00003 -0.00254502 -0.0142021 -2.50281 0.00250693 1.00019 -0.00266821 -3.9365 0.0142095 0.00263191 1.00009 242.87 0 0 0 1.00024 
1.00006 -0.00247563 -0.0112076 -2.51409 0.00243912 1.00018 -0.00323103 -3.9509 0.011216 0.00320307 1.00012 243.566 0 0 0 1.00024 
1.00009 -0.00226737 -0.0083995 -2.52341 0.00224769 1.00018 -0.00229792 -3.96485 0.00840499 0.00227853 1.00016 244.268 0 0 0 1.00024 
1.00011 -0.00200172 -0.00581573 -2.5315 0.00199113 1.00019 -0.00174686 -3.97861 0.00581937 0.00173483 1.00018 244.972 0 0 0 1.00024 
1.00012 -0.00222925 -0.00347875 -2.53738 0.00222211 1.00018 -0.00192443 -3.99262 0.00348303 0.00191626 1.00019 245.676 0 0 0 1.00024 
1.00013 -0.00223996 -0.00118227 -2.54193 0.00223536 1.00018 -0.00349606 -4.00719 0.00118995 0.00349299 1.00019 246.381 0 0 0 1.00024 
1.00013 -0.00194842 0.000498502 -2.54466 0.00195085 1.00017 -0.0058906 -4.02048 -0.000487262 0.00589115 1.00018 247.091 0 0 0 1.00025 
1.00013 -0.00291187 0.00147801 -2.5456 0.0029225 1.00016 -0.00752624 -4.03429 -0.00145635 0.00753012 1.00017 247.808 0 0 0 1.00025 
1.00012 -0.00268254 0.00155205 -2.54701 0.00269428 1.00016 -0.00797458 -4.04971 -0.00153085 0.00797834 1.00016 248.534 0 0 0 1.00025 
1.00012 -0.00325863 0.00168349 -2.54864 0.0032723 1.00015 -0.0084901 -4.06787 -0.00165602 0.00849517 1.00016 249.264 0 0 0 1.00025 
1.00012 -0.00205791 0.00178416 -2.55258 0.00207296 1.00015 -0.00880383 -4.08487 -0.00176624 0.00880709 1.00016 250.005 0 0 0 1.00025 
1.00013 -0.00110798 0.00205275 -2.5565 0.0011264 1.00015 -0.00930877 -4.10271 -0.00204264 0.00931065 1.00015 250.755 0 0 0 1.00025 
1.00012 -0.00196236 0.00229169 -2.55763 0.00198754 1.00012 -0.0112944 -4.12051 -0.00226968 0.0112985 1.00012 251.495 0 0 0 1.00025 
1.00013 -0.00573529 0.00269155 -2.55494 0.00577054 1.00011 -0.0134064 -4.14184 -0.00261471 0.0134213 1.00013 252.246 0 0 0 1.00025 
1.00016 -0.00894183 0.00322361 -2.55118 0.00898671 1.00012 -0.0142527 -4.16126 -0.00309607 0.0142806 1.00016 253.016 0 0 0 1.00028 
1.00017 -0.00636234 0.00376686 -2.55602 0.00640064 1.00019 -0.0103454 -4.17663 -0.00370115 0.0103689 1.00021 253.79 0 0 0 1.00028 
1.00019 -0.00238401 0.00435375 -2.56373 0.00240203 1.00026 -0.00427933 -4.19312 -0.00434391 0.00428932 1.00026 254.573 0 0 0 1.00028 
1.00019 -0.00314639 0.00518412 -2.56317 0.00314966 1.00027 -0.000732457 -4.21134 -0.00518226 0.000748336 1.00026 255.365 0 0 0 1.00028 
1.00017 -0.00410298 0.00738079 -2.55634 0.00412463 1.00026 -0.00299061 -4.22496 -0.00736905 0.00302052 1.00024 256.158 0 0 0 1.00028 
1.00014 -0.00304512 0.0114808 -2.553 0.00315087 1.00023 -0.00925589 -4.23674 -0.011453 0.00929101 1.00017 256.953 0 0 0 1.00028 
1.0001 -0.0010111 0.0151471 -2.54659 0.00120544 1.00019 -0.0128757 -4.25213 -0.015134 0.0128921 1.00008 257.756 0 0 0 1.00028 
1.00004 0.000422905 0.0182582 -2.53663 -0.000192107 1.00019 -0.0126871 -4.27093 -0.0182635 0.0126811 1.00003 258.576 0 0 0 1.00028 
0.999976 -0.00121233 0.0214438 -2.52144 0.00143458 1.00022 -0.0103868 -4.29187 -0.0214317 0.0104148 0.999993 259.408 0 0 0 1.00028 
0.999901 -0.00436872 0.0243612 -2.50005 0.0045446 1.00024 -0.00719045 -4.31186 -0.0243307 0.00729856 0.999954 260.253 0 0 0 1.0003 
0.999818 -0.00684431 0.0271007 -2.47578 0.00699985 1.00023 -0.00566167 -4.33016 -0.0270628 0.00584873 0.999895 261.091 0 0 0 1.0003 
0.999703 -0.00653595 0.0300145 -2.45336 0.00669493 1.00022 -0.00521438 -4.34795 -0.029981 0.00541291 0.999826 261.937 0 0 0 1.0003 
0.999662 -0.00439635 0.0324647 -2.43222 0.00463655 1.00024 -0.007347 -4.3675 -0.0324331 0.00749372 0.99976 262.784 0 0 0 1.00033 
0.999592 -0.00375771 0.0347218 -2.40713 0.00409405 1.00023 -0.00964117 -4.38655 -0.034686 0.00977767 0.999667 263.625 0 0 0 1.00033 
0.999508 -0.00342714 0.0371698 -2.37837 0.00379073 1.00023 -0.00973593 -4.40565 -0.037137 0.00987028 0.999581 264.47 0 0 0 1.00033 
0.999402 -0.0025145 0.0400579 -2.34959 0.00282421 1.00025 -0.0076968 -4.42666 -0.04004 0.00780389 0.999491 265.318 0 0 0 1.00033 
0.999277 -0.00106217 0.043109 -2.31917 0.00132486 1.00027 -0.00608646 -4.44895 -0.0431049 0.00613803 0.999373 266.166 0 0 0 1.00033 
0.999155 -0.000580962 0.0458623 -2.28556 0.000865215 1.00027 -0.00619902 -4.46966 -0.0458614 0.0062323 0.99925 267.014 0 0 0 1.00034 
0.999029 -0.000655882 0.0484405 -2.24904 0.000979478 1.00026 -0.0066764 -4.48932 -0.0484389 0.00671615 0.999122 267.858 0 0 0 1.00034 
0.998902 -0.00237351 0.0509846 -2.20754 0.00273796 1.00025 -0.00709567 -4.50871 -0.0509704 0.00722615 0.998994 268.705 0 0 0 1.00034 
0.998799 -0.00552936 0.0527491 -2.16299 0.00587637 1.00025 -0.00643644 -4.52806 -0.0527159 0.00673743 0.998908 269.555 0 0 0 1.00034 
0.998749 -0.00651315 0.0534951 -2.11989 0.00687225 1.00023 -0.0065408 -4.54806 -0.0534546 0.00689901 0.998863 270.405 0 0 0 1.00034 
0.99872 -0.00731248 0.0540471 -2.07788 0.0076777 1.00024 -0.00656111 -4.56777 -0.0540009 0.00696637 0.99884 271.262 0 0 0 1.00034 
0.9987 -0.00737436 0.0544459 -2.03647 0.00773942 1.00024 -0.0065051 -4.58711 -0.0543997 0.00691671 0.998821 272.115 0 0 0 1.00034 
0.998714 -0.00709253 0.0542259 -1.99465 0.0074292 1.00024 -0.0060179 -4.60556 -0.0541853 0.00641179 0.998836 272.97 0 0 0 1.00034 
0.998763 -0.0066504 0.0536381 -1.95355 0.00696228 1.00026 -0.005639 -4.62568 -0.0536028 0.00600422 0.998884 273.829 0 0 0 1.00035 
0.998828 -0.00697279 0.0523618 -1.91268 0.00732289 1.00025 -0.00650638 -4.6462 -0.0523182 0.0068808 0.998947 274.689 0 0 0 1.00035 
0.998911 -0.00680923 0.0507018 -1.87401 0.00719767 1.00024 -0.00749232 -4.66607 -0.0506521 0.00784755 0.999022 275.549 0 0 0 1.00035 
0.999001 -0.00591714 0.0491128 -1.83758 0.00632946 1.00025 -0.00825569 -4.68636 -0.0490652 0.00855658 0.9991 276.407 0 0 0 1.00035 
0.999107 -0.00491711 0.0475409 -1.8039 0.00533079 1.00028 -0.00859274 -4.70906 -0.0474999 0.00883651 0.999199 277.27 0 0 0 1.00038 
0.999196 -0.00375406 0.045791 -1.77214 0.00416065 1.00028 -0.0088036 -4.73242 -0.0457593 0.00898502 0.99928 278.126 0 0 0 1.00038 
0.999292 -0.00335821 0.0435841 -1.74078 0.00372189 1.00029 -0.00828362 -4.7542 -0.0435577 0.0084381 0.999379 278.98 0 0 0 1.00038 
0.999418 -0.00374695 0.0406774 -1.71172 0.00402756 1.0003 -0.00683631 -4.77636 -0.0406534 0.00699455 0.999518 279.832 0 0 0 1.00038 
0.999579 -0.00518614 0.0363767 -1.68409 0.0053515 1.00031 -0.00446551 -4.79793 -0.0363551 0.00465718 0.999698 280.678 0 0 0 1.00038 
0.999742 -0.00635211 0.0314656 -1.66066 0.00644344 1.00031 -0.00281662 -4.81867 -0.0314487 0.00301786 0.999874 281.522 0 0 0 1.00038 
0.999883 -0.00687167 0.0266147 -1.6436 0.00691514 1.00031 -0.00155689 -4.83795 -0.0266046 0.00174025 1.00002 282.357 0 0 0 1.00039 
1 -0.00712985 0.021746 -1.63106 0.00715149 1.00031 -0.000934704 -4.85541 -0.0217395 0.00108986 1.00014 283.185 0 0 0 1.00039 
1.00007 -0.00771097 0.0170258 -1.62171 0.00772208 1.0003 -0.000606502 -4.87238 -0.017021 0.000737784 1.00021 284.002 0 0 0 1.00039 
1.00013 -0.0086735 0.0122017 -1.61503 0.00867877 1.00029 -0.000400849 -4.88972 -0.0121976 0.000506607 1.00028 284.809 0 0 0 1.00039 
1.00018 -0.00902118 0.00802688 -1.61286 0.0090276 1.00029 -0.000793938 -4.90745 -0.00801875 0.000866269 1.00032 285.598 0 0 0 1.00039 
1.00012 -0.00861465 0.00398474 -1.61448 0.00861833 1.00021 -0.00097915 -4.92455 -0.00397521 0.00101339 1.00026 286.37 0 0 0 1.00039 
1.00013 -0.00847854 9.00775e-06 -1.61855 0.00847825 1.00021 -0.0010712 -4.94179 1.43843e-06 0.00107119 1.00027 287.125 0 0 0 1.00039 
1.00012 -0.00910279 -0.0039608 -1.62401 0.00909885 1.0002 -0.00094836 -4.96032 0.00397105 0.000912221 1.00027 287.858 0 0 0 1.00039 
1.00008 -0.0101053 -0.00835077 -1.63185 0.0100906 1.0002 -0.00178248 -4.9776 0.0083706 0.00169804 1.00024 288.57 0 0 0 1.00039 
1.00004 -0.0088758 -0.0134426 -1.64643 0.0088321 1.0002 -0.00328834 -4.99565 0.013474 0.00316922 1.00018 289.262 0 0 0 1.00039 
0.999938 -0.00737815 -0.0200737 -1.66598 0.00727238 1.00021 -0.00531951 -5.01301 0.0201157 0.0051724 1.00006 289.934 0 0 0 1.0004 
0.999735 -0.00684607 -0.0286442 -1.68932 0.00664616 1.0002 -0.00705506 -5.03003 0.0286955 0.00686178 0.99984 290.585 0 0 0 1.0004 
0.99937 -0.00710366 -0.03941 -1.71989 0.00678358 1.00019 -0.00824115 -5.04762 0.0394718 0.00796739 0.999468 291.228 0 0 0 1.0004 
0.998734 -0.00692378 -0.0530532 -1.76095 0.00647622 1.00019 -0.00859632 -5.06664 0.0531166 0.00824068 0.998828 291.856 0 0 0 1.0004 
0.997671 -0.00579887 -0.0699836 -1.81675 0.0052528 1.00019 -0.007977 -5.08725 0.0700349 0.00758989 0.997778 292.474 0 0 0 1.0004 
0.996067 -0.00337437 -0.0900644 -1.88562 0.00271594 1.0002 -0.00742406 -5.10342 0.0900974 0.00714941 0.996167 293.08 0 0 0 1.0004 
0.993746 -0.00177965 -0.112863 -1.9704 0.000931691 1.00021 -0.00755768 -5.12103 0.112886 0.0074044 0.993839 293.678 0 0 0 1.0004 
0.990517 -0.000461738 -0.138377 -2.06685 -0.000619177 1.00021 -0.00776107 -5.13649 0.138391 0.00777208 0.990633 294.251 0 0 0 1.0004 
0.98617 0.000814734 -0.166407 -2.17944 -0.00210553 1.00019 -0.00757393 -5.15038 0.166414 0.00781873 0.98629 294.814 0 0 0 1.0004 
0.980477 0.00189304 -0.197183 -2.30773 -0.00322103 1.00019 -0.00640809 -5.1653 0.19719 0.00691736 0.980606 295.359 0 0 0 1.0004 
0.973053 0.00163729 -0.231064 -2.4507 -0.00283439 1.0002 -0.00484371 -5.17787 0.231081 0.00536744 0.973189 295.889 0 0 0 1.0004 
0.963709 0.0017004 -0.267242 -2.6116 -0.00267042 1.00022 -0.0032602 -5.1901 0.267263 0.0038547 0.963873 296.407 0 0 0 1.0004 
0.952518 0.00295077 -0.304731 -2.79261 -0.00337151 1.00022 -0.000848355 -5.20271 0.304762 0.00183473 0.952689 296.902 0 0 0 1.0004 
0.939183 0.00431618 -0.343693 -2.99079 -0.00411215 1.00024 0.00132867 -5.21202 0.343738 0.000164784 0.939356 297.385 0 0 0 1.0004 
0.923665 0.00474649 -0.383447 -3.20437 -0.00379924 1.00024 0.00323354 -5.22163 0.383507 -0.00153043 0.923833 297.844 0 0 0 1.0004 
0.905738 0.00449487 -0.424053 -3.43028 -0.00278281 1.00024 0.00466193 -5.22781 0.424125 -0.00304284 0.905897 298.286 0 0 0 1.0004 
0.885187 0.00405959 -0.465439 -3.67745 -0.0015765 1.00023 0.00572904 -5.23522 0.465518 -0.0043378 0.885335 298.708 0 0 0 1.0004 
0.86155 0.00324102 -0.507859 -3.94619 -1.09235e-05 1.00023 0.00636756 -5.24038 0.50794 -0.00548063 0.861688 299.118 0 0 0 1.0004 
0.834913 0.00229412 -0.550563 -4.23178 0.00201063 1.00022 0.00721954 -5.24374 0.550643 -0.0071347 0.835035 299.513 0 0 0 1.0004 
0.805206 0.00240302 -0.593087 -4.53897 0.00333627 1.00017 0.00858445 -5.24729 0.593169 -0.00889131 0.805309 299.887 0 0 0 1.0004 
0.772357 0.00369272 -0.635266 -4.86412 0.00254276 1.00016 0.00890773 -5.25062 0.635366 -0.00849569 0.772457 300.236 0 0 0 1.00041 
0.736156 0.00252175 -0.676891 -5.2062 0.00449927 1.00016 0.00862154 -5.25282 0.676983 -0.00939266 0.736246 300.57 0 0 0 1.00041 
0.696178 0.00169894 -0.717947 -5.55872 0.0082893 1.00012 0.0104068 -5.25618 0.71801 -0.0131964 0.696233 300.872 0 0 0 1.00041 
0.651717 0.00120217 -0.75854 -5.92763 0.0138041 1.00003 0.013447 -5.25501 0.758533 -0.0192345 0.651702 301.154 0 0 0 1.00041 
0.603007 0.00196512 -0.797815 -6.30938 0.0174991 0.999941 0.0156911 -5.25563 0.797751 -0.0234224 0.602921 301.398 0 0 0 1.00041 
0.551201 0.00588949 -0.834427 -6.70663 0.016248 0.999925 0.0177924 -5.25675 0.834421 -0.0233647 0.551052 301.606 0 0 0 1.00042 
0.497445 0.0121869 -0.867481 -7.11315 0.0110612 0.999945 0.0203925 -5.25923 0.867634 -0.0197396 0.497276 301.777 0 0 0 1.00042 
0.441582 0.0161974 -0.897148 -7.51992 0.00792393 0.999945 0.0219552 -5.25764 0.897403 -0.0168041 0.441423 301.921 0 0 0 1.00042 
0.383709 0.018389 -0.923373 -7.92497 0.00690548 0.999965 0.0227855 -5.25236 0.923678 -0.0151192 0.383554 302.04 0 0 0 1.00042 
0.324989 0.0203883 -0.945592 -8.32194 0.00816896 0.999916 0.0243686 -5.2463 0.94593 -0.0156441 0.324787 302.133 0 0 0 1.00042 
0.265706 0.0234854 -0.963856 -8.72244 0.00997101 0.999825 0.0271119 -5.2406 0.964248 -0.0168145 0.265423 302.203 0 0 0 1.00042 
